58
Arabidopsis_lyrata_XP_020877237.1     0.0000000 0.0240501 0.0347549 0.0622781 0.0790318 0.0763871 0.3486745 0.3365920 0.3343225 0.3387147 0.3405021 0.3023165 0.3248724 0.3119553 0.2900303 0.3306462 0.3187233 0.3233818 0.3017949 0.3239626 0.3871842 0.3179792 0.3325455 0.3508430 0.3249749 0.3192776 0.3234562 0.3125639 0.3566664 0.4026373 0.3320047 0.3320720 0.3328232 0.4914738 0.4724087 0.4742009 0.3097783 0.3643257 0.3654337 0.3384785 0.3413110 0.3725104 0.3680146 0.4195253 0.3903906 0.4146341 0.4146341 0.4096705 0.3930774 0.3938757 0.4265048 0.3794912 0.3796176 0.4570160 0.3771400 0.3771400 0.4543880 0.3836786 
Arabidopsis_thaliana_NP_192177.1      0.0240501 0.0000000 0.0301099 0.0602574 0.0801763 0.0775273 0.3520596 0.3413220 0.3375882 0.3434595 0.3463489 0.3031512 0.3265811 0.3130221 0.2965745 0.3310102 0.3200931 0.3229206 0.3010725 0.3245807 0.3860561 0.3181560 0.3348202 0.3529858 0.3261346 0.3204271 0.3246139 0.3112757 0.3563538 0.4023504 0.3311050 0.3311723 0.3319259 0.4886559 0.4695565 0.4713136 0.3111759 0.3642708 0.3653802 0.3438518 0.3467091 0.3693063 0.3648171 0.4236257 0.3936334 0.4248773 0.4248773 0.4201909 0.3997533 0.4005749 0.4337311 0.3844481 0.3845576 0.4617160 0.3811647 0.3811647 0.4578025 0.3899343 
Capsella_rubella_XP_006287035.1       0.0347549 0.0301099 0.0000000 0.0626767 0.0863029 0.0848177 0.3501598 0.3396882 0.3373946 0.3447388 0.3436310 0.3095042 0.3304730 0.3169518 0.3017142 0.3358613 0.3247636 0.3294680 0.3037145 0.3254646 0.3866216 0.3200063 0.3368803 0.3529631 0.3336923 0.3279493 0.3289858 0.3193722 0.3621723 0.4074178 0.3356971 0.3357649 0.3365139 0.4960755 0.4769417 0.4768462 0.3149539 0.3669135 0.3673964 0.3482465 0.3528899 0.3797607 0.3752256 0.4265664 0.3933631 0.4272727 0.4272727 0.4210976 0.4013833 0.4016496 0.4342163 0.3873263 0.3874263 0.4633684 0.3874393 0.3874393 0.4639648 0.3951379 
Eutrema_salsugineum_XP_006396482.1    0.0622781 0.0602574 0.0626767 0.0000000 0.0672874 0.0660382 0.3546901 0.3464695 0.3445604 0.3518196 0.3531725 0.3025689 0.3268014 0.3088259 0.2920346 0.3262792 0.3178785 0.3225394 0.2986984 0.3219590 0.3845079 0.3171648 0.3358136 0.3520468 0.3305525 0.3248342 0.3269124 0.3152341 0.3598288 0.4065393 0.3323655 0.3324330 0.3328364 0.4916981 0.4725706 0.4738359 0.3199937 0.3769291 0.3779352 0.3316597 0.3344702 0.3758362 0.3713236 0.4220758 0.3950559 0.4251224 0.4251224 0.4160080 0.3893758 0.3909216 0.4220413 0.3744645 0.3746088 0.4498701 0.3713665 0.3713665 0.4462343 0.3807083 
Brassica_oleracea_XP_013629026.1      0.0790318 0.0801763 0.0863029 0.0672874 0.0000000 0.0080169 0.3498340 0.3426094 0.3405767 0.3438950 0.3458576 0.2964050 0.3261638 0.3169426 0.2992701 0.3349276 0.3200770 0.3247884 0.3027338 0.3283786 0.3929344 0.3270286 0.3460239 0.3642032 0.3327838 0.3301461 0.3350592 0.3240126 0.3703784 0.4195164 0.3347543 0.3348224 0.3339060 0.4974410 0.4781959 0.4777784 0.3083951 0.3627552 0.3638829 0.3431863 0.3460621 0.3892662 0.3860061 0.4133463 0.3983533 0.4206499 0.4206499 0.4119778 0.3968434 0.3896987 0.4240927 0.3811360 0.3812582 0.4619561 0.3783272 0.3783272 0.4585495 0.3827244 
Brassica_rapa_XP_009134416.2          0.0763871 0.0775273 0.0848177 0.0660382 0.0080169 0.0000000 0.3522242 0.3396946 0.3376709 0.3414303 0.3450754 0.2975941 0.3241521 0.3149225 0.2992394 0.3332577 0.3222577 0.3269744 0.2971727 0.3225720 0.3852396 0.3226023 0.3414039 0.3590371 0.3311131 0.3284771 0.3333826 0.3228147 0.3685074 0.4172462 0.3325345 0.3326024 0.3316924 0.4945844 0.4753357 0.4748852 0.3034559 0.3562133 0.3573928 0.3393221 0.3421751 0.3886147 0.3808117 0.4083755 0.3957049 0.4178612 0.4178612 0.4064729 0.3945842 0.3897811 0.4239601 0.3787177 0.3788481 0.4585597 0.3763743 0.3763743 0.4558736 0.3807662 
Capsicum_annuum_XP_016565426.1        0.3486745 0.3520596 0.3501598 0.3546901 0.3498340 0.3522242 0.0000000 0.0416311 0.0427251 0.0415666 0.0628339 0.2595913 0.2564611 0.2508829 0.2359787 0.2654104 0.2288528 0.2297455 0.2182004 0.2385163 0.2744727 0.2560858 0.2746470 0.2912363 0.2255380 0.2237230 0.2278456 0.2183350 0.2513597 0.2723402 0.2347589 0.2332794 0.2289834 0.3589619 0.3396143 0.3356861 0.2652943 0.3067535 0.3085446 0.2697225 0.2709910 0.3093611 0.3000874 0.3203062 0.2886592 0.3497218 0.3497218 0.3428522 0.3149353 0.3361161 0.3524742 0.3264202 0.3280214 0.3908927 0.3219910 0.3219910 0.3851654 0.3183641 
Solanum_lycopersicum_NP_001234175.2   0.3365920 0.3413220 0.3396882 0.3464695 0.3426094 0.3396946 0.0416311 0.0000000 0.0056843 0.0160157 0.0615721 0.2603332 0.2521876 0.2452084 0.2350352 0.2608916 0.2301919 0.2317137 0.2164359 0.2398786 0.2725187 0.2563944 0.2784441 0.2938809 0.2281736 0.2263445 0.2297619 0.2206510 0.2520811 0.2713493 0.2390879 0.2376009 0.2319084 0.3610852 0.3416961 0.3356707 0.2603244 0.2966631 0.2985275 0.2722186 0.2748752 0.3020698 0.2928178 0.3180893 0.2803073 0.3460095 0.3460095 0.3413571 0.3184260 0.3406941 0.3552251 0.3242078 0.3258047 0.3838175 0.3226153 0.3226153 0.3817897 0.3199443 
Solanum_pennellii_XP_015087844.1      0.3343225 0.3375882 0.3373946 0.3445604 0.3405767 0.3376709 0.0427251 0.0056843 0.0000000 0.0171349 0.0626553 0.2577542 0.2527633 0.2457233 0.2341022 0.2613847 0.2307215 0.2322416 0.2141874 0.2374976 0.2693157 0.2539459 0.2758585 0.2909693 0.2259407 0.2241222 0.2275215 0.2183732 0.2495656 0.2683386 0.2367324 0.2352528 0.2311228 0.3576681 0.3383457 0.3345407 0.2599330 0.2960561 0.2979194 0.2705067 0.2731466 0.3030177 0.2937740 0.3157892 0.2781279 0.3447015 0.3447015 0.3415710 0.3164651 0.3386065 0.3530562 0.3230149 0.3246063 0.3820512 0.3214313 0.3214313 0.3800374 0.3187685 
Solanum_tuberosum_XP_006349718.1      0.3387147 0.3434595 0.3447388 0.3518196 0.3438950 0.3414303 0.0415666 0.0160157 0.0171349 0.0000000 0.0674924 0.2635543 0.2585541 0.2529439 0.2422983 0.2686910 0.2377643 0.2393008 0.2193602 0.2428677 0.2763139 0.2621568 0.2822457 0.2980620 0.2312398 0.2294069 0.2328291 0.2242937 0.2553864 0.2751755 0.2440429 0.2425530 0.2383918 0.3670941 0.3477395 0.3440390 0.2690598 0.3080051 0.3097945 0.2738623 0.2763783 0.3090399 0.3002990 0.3186576 0.2820424 0.3536497 0.3536497 0.3466306 0.3213500 0.3424901 0.3581531 0.3279845 0.3295818 0.3886023 0.3255331 0.3255331 0.3854215 0.3218318 
Nicotiana_attenuata_XP_019230142.1    0.3405021 0.3463489 0.3436310 0.3531725 0.3458576 0.3450754 0.0628339 0.0615721 0.0626553 0.0674924 0.0000000 0.2765162 0.2688905 0.2553083 0.2451190 0.2698379 0.2375542 0.2390869 0.2182829 0.2454474 0.2818074 0.2613515 0.2849170 0.3014405 0.2285522 0.2267240 0.2344234 0.2237905 0.2588881 0.2794478 0.2425291 0.2410402 0.2367205 0.3674765 0.3480815 0.3442488 0.2678270 0.3124420 0.3161254 0.2686640 0.2713008 0.3068872 0.2975958 0.3187328 0.2813708 0.3554043 0.3554043 0.3461552 0.3098040 0.3334137 0.3512280 0.3289709 0.3305776 0.3934667 0.3203401 0.3203401 0.3819370 0.3233975 
Carica_papaya_XP_021897974.1          0.3023165 0.3031512 0.3095042 0.3025689 0.2964050 0.2975941 0.2595913 0.2603332 0.2577542 0.2635543 0.2765162 0.0000000 0.2074215 0.1873517 0.1695580 0.2018003 0.1834174 0.1850457 0.1792965 0.2166368 0.2539421 0.2229368 0.2477636 0.2561584 0.2163384 0.2132343 0.2082822 0.2051223 0.2304219 0.2526846 0.2182267 0.2167245 0.2154318 0.3521280 0.3328803 0.3277424 0.1994092 0.2285182 0.2286828 0.2331667 0.2413470 0.2811063 0.2770112 0.3467123 0.2937036 0.3047514 0.3047514 0.3079955 0.2818007 0.2926888 0.3227384 0.2691957 0.2691957 0.3131135 0.2686847 0.2686847 0.3132777 0.2711421 
Fragaria_vesca_XP_004290632.1         0.3248724 0.3265811 0.3304730 0.3268014 0.3261638 0.3241521 0.2564611 0.2521876 0.2527633 0.2585541 0.2688905 0.2074215 0.0000000 0.1163151 0.1220387 0.1263396 0.1143051 0.1181444 0.1681804 0.2089904 0.2421467 0.2250772 0.2425526 0.2542392 0.2096431 0.2064485 0.2035815 0.2016879 0.2262749 0.2469721 0.2204821 0.2202702 0.2163138 0.3432532 0.3270992 0.3192077 0.2133621 0.2482562 0.2482503 0.2121166 0.2138164 0.2863609 0.2853102 0.3049438 0.2776850 0.2921308 0.2921308 0.2888412 0.2614991 0.2722650 0.2975147 0.2549908 0.2564901 0.3006021 0.2531476 0.2531476 0.2957641 0.2524329 
Malus_domestica_XP_017184383.2        0.3119553 0.3130221 0.3169518 0.3088259 0.3169426 0.3149225 0.2508829 0.2452084 0.2457233 0.2529439 0.2553083 0.1873517 0.1163151 0.0000000 0.0311760 0.0498405 0.0632565 0.0669120 0.1670470 0.1880676 0.2130161 0.2099179 0.2266466 0.2345161 0.2011812 0.1963574 0.1976431 0.1966799 0.2189627 0.2401800 0.2008675 0.2021967 0.1959645 0.3189056 0.3025784 0.2963606 0.1924065 0.2212738 0.2214861 0.1878841 0.1899835 0.2706777 0.2681366 0.3172666 0.2777858 0.2854921 0.2854921 0.2891204 0.2725465 0.2773537 0.3022635 0.2565545 0.2564799 0.2994091 0.2547650 0.2547650 0.2967123 0.2552795 
Pyrus_x_bretschneideri_XP_009370778.2 0.2900303 0.2965745 0.3017142 0.2920346 0.2992701 0.2992394 0.2359787 0.2350352 0.2341022 0.2422983 0.2451190 0.1695580 0.1220387 0.0311760 0.0000000 0.0372790 0.0648971 0.0702523 0.1510059 0.1837157 0.2146293 0.2034353 0.2149745 0.2191783 0.1747612 0.1703520 0.1724360 0.1701520 0.1958586 0.2167024 0.1702251 0.1718335 0.1682377 0.3106223 0.2894294 0.2845369 0.1823829 0.2120713 0.2124409 0.1819088 0.1865921 0.2520548 0.2519313 0.3039182 0.2620086 0.2635428 0.2635428 0.2696585 0.2596729 0.2616972 0.2868690 0.2404781 0.2404781 0.2861781 0.2349774 0.2349774 0.2778260 0.2353959 
Malus_domestica_XP_028956166.1        0.3306462 0.3310102 0.3358613 0.3262792 0.3349276 0.3332577 0.2654104 0.2608916 0.2613847 0.2686910 0.2698379 0.2018003 0.1263396 0.0498405 0.0372790 0.0000000 0.0635907 0.0671924 0.1703730 0.1981993 0.2241890 0.2125449 0.2337558 0.2391896 0.2055020 0.2005847 0.2038613 0.2015749 0.2256762 0.2454660 0.2079018 0.2092455 0.2033073 0.3259271 0.3098547 0.3034464 0.1931030 0.2193921 0.2196191 0.2019707 0.2040888 0.2833032 0.2807356 0.3286024 0.2898844 0.2975245 0.2975245 0.2981954 0.2780358 0.2903354 0.3051849 0.2533420 0.2548415 0.2948767 0.2540164 0.2540164 0.2933264 0.2550604 
Prunus_mume_XP_008235359.1            0.3187233 0.3200931 0.3247636 0.3178785 0.3200770 0.3222577 0.2288528 0.2301919 0.2307215 0.2377643 0.2375542 0.1834174 0.1143051 0.0632565 0.0648971 0.0635907 0.0000000 0.0068054 0.1594161 0.1793816 0.2020596 0.1978488 0.2137507 0.2206936 0.1817684 0.1775114 0.1802072 0.1788069 0.2017535 0.2180927 0.1800533 0.1813585 0.1797576 0.2969982 0.2788671 0.2783537 0.1892988 0.2191218 0.2193509 0.1905232 0.1926168 0.2650605 0.2638594 0.3047775 0.2709253 0.2812074 0.2812074 0.2810418 0.2644240 0.2762111 0.2890236 0.2463196 0.2478037 0.2905902 0.2453206 0.2453206 0.2867453 0.2433061 
Prunus_persica_XP_007201753.1         0.3233818 0.3229206 0.3294680 0.3225394 0.3247884 0.3269744 0.2297455 0.2317137 0.2322416 0.2393008 0.2390869 0.1850457 0.1181444 0.0669120 0.0702523 0.0671924 0.0068054 0.0000000 0.1631279 0.1837893 0.2061231 0.2039966 0.2173242 0.2246256 0.1837974 0.1795298 0.1837675 0.1824894 0.2057152 0.2211744 0.1836140 0.1849249 0.1843783 0.3011476 0.2829430 0.2818998 0.1933388 0.2226974 0.2228984 0.1943051 0.1964077 0.2680004 0.2667924 0.3102949 0.2725443 0.2844932 0.2844932 0.2844167 0.2662887 0.2781097 0.2906695 0.2502533 0.2517441 0.2940842 0.2471051 0.2471051 0.2873864 0.2477227 
Vitis_vinifera_XP_002280519.2         0.3017949 0.3010725 0.3037145 0.2986984 0.3027338 0.2971727 0.2182004 0.2164359 0.2141874 0.2193602 0.2182829 0.1792965 0.1681804 0.1670470 0.1510059 0.1703730 0.1594161 0.1631279 0.0000000 0.1641461 0.1860670 0.1842489 0.2070974 0.2148457 0.1724392 0.1684812 0.1669046 0.1601965 0.1886382 0.2040552 0.1750213 0.1756814 0.1717821 0.2905086 0.2744430 0.2683010 0.1711716 0.1994350 0.1994327 0.1919727 0.1968055 0.2377393 0.2324668 0.2841495 0.2515876 0.2917607 0.2917607 0.2806368 0.2476347 0.2603003 0.2946569 0.2398331 0.2413142 0.2833680 0.2370543 0.2370543 0.2786129 0.2428938 
Jatropha_curcas_XP_012092165.1        0.3239626 0.3245807 0.3254646 0.3219590 0.3283786 0.3225720 0.2385163 0.2398786 0.2374976 0.2428677 0.2454474 0.2166368 0.2089904 0.1880676 0.1837157 0.1981993 0.1793816 0.1837893 0.1641461 0.0000000 0.0014259 0.1082871 0.1311072 0.1235743 0.1510835 0.1447531 0.1470418 0.1461295 0.1591623 0.1711130 0.1627377 0.1613793 0.1559283 0.2690760 0.2526764 0.2415184 0.1973641 0.2171027 0.2173501 0.2249354 0.2296717 0.2700678 0.2618833 0.3300368 0.2917973 0.3216845 0.3216845 0.3138099 0.3017441 0.3080203 0.3325736 0.2763939 0.2779312 0.3099391 0.2758049 0.2758049 0.3081310 0.2794386 
Jatropha_curcas_XP_020541108.1        0.3871842 0.3860561 0.3866216 0.3845079 0.3929344 0.3852396 0.2744727 0.2725187 0.2693157 0.2763139 0.2818074 0.2539421 0.2421467 0.2130161 0.2146293 0.2241890 0.2020596 0.2061231 0.1860670 0.0014259 0.0000000 0.1136596 0.1299254 0.1299254 0.1688436 0.1658331 0.1669110 0.1666907 0.1669110 0.1647092 0.1837699 0.1820233 0.1767217 0.1829328 0.1829328 0.1759103 0.2154229 0.2171027 0.2130331 0.2543944 0.2569259 0.3139421 0.3050840 0.3859986 0.3451281 0.3721147 0.3721147 0.3634364 0.3470351 0.3508987 0.3770252 0.3081739 0.3101648 0.3099391 0.3083573 0.3083573 0.3081310 0.3148143 
Manihot_esculenta_XP_021607562.1      0.3179792 0.3181560 0.3200063 0.3171648 0.3270286 0.3226023 0.2560858 0.2563944 0.2539459 0.2621568 0.2613515 0.2229368 0.2250772 0.2099179 0.2034353 0.2125449 0.1978488 0.2039966 0.1842489 0.1082871 0.1136596 0.0000000 0.1078846 0.1086891 0.1745960 0.1703684 0.1727534 0.1702413 0.1933904 0.2028519 0.1855123 0.1841271 0.1781606 0.2918471 0.2762426 0.2678114 0.2168419 0.2439791 0.2459150 0.2352250 0.2403504 0.2839615 0.2771340 0.3258415 0.2972127 0.3395630 0.3395630 0.3232178 0.3062801 0.3177410 0.3405667 0.2760928 0.2776160 0.3215148 0.2799607 0.2799607 0.3267504 0.2838023 
Manihot_esculenta_XP_021613335.1      0.3325455 0.3348202 0.3368803 0.3358136 0.3460239 0.3414039 0.2746470 0.2784441 0.2758585 0.2822457 0.2849170 0.2477636 0.2425526 0.2266466 0.2149745 0.2337558 0.2137507 0.2173242 0.2070974 0.1311072 0.1299254 0.1078846 0.0000000 0.0012492 0.1921725 0.1892286 0.1917032 0.1883977 0.2043329 0.2176561 0.1951029 0.1936809 0.1940191 0.2966268 0.2804796 0.2788227 0.2390697 0.2641188 0.2659624 0.2518955 0.2584135 0.3172405 0.3093044 0.3695163 0.3276464 0.3398210 0.3398210 0.3338189 0.3110238 0.3201973 0.3503341 0.2955147 0.2970753 0.3377777 0.3020102 0.3020102 0.3464163 0.3030194 
Manihot_esculenta_XP_021613336.1      0.3508430 0.3529858 0.3529631 0.3520468 0.3642032 0.3590371 0.2912363 0.2938809 0.2909693 0.2980620 0.3014405 0.2561584 0.2542392 0.2345161 0.2191783 0.2391896 0.2206936 0.2246256 0.2148457 0.1235743 0.1299254 0.1086891 0.0012492 0.0000000 0.1909340 0.1877106 0.1918318 0.1882042 0.1908528 0.2148944 0.1940970 0.1925407 0.1929096 0.2845541 0.2681116 0.2788227 0.2447994 0.2641188 0.2659624 0.2581355 0.2636738 0.3317384 0.3229403 0.3856580 0.3422820 0.3567980 0.3567980 0.3500774 0.3249141 0.3317370 0.3664958 0.3068884 0.3086104 0.3377777 0.3157617 0.3157617 0.3464163 0.3169592 
Populus_euphratica_XP_011012285.1     0.3249749 0.3261346 0.3336923 0.3305525 0.3327838 0.3311131 0.2255380 0.2281736 0.2259407 0.2312398 0.2285522 0.2163384 0.2096431 0.2011812 0.1747612 0.2055020 0.1817684 0.1837974 0.1724392 0.1510835 0.1688436 0.1745960 0.1921725 0.1909340 0.0000000 0.0079232 0.0257028 0.0254692 0.0378822 0.0315408 0.0704754 0.0692573 0.0643832 0.1676076 0.1518002 0.1396247 0.1958883 0.2306119 0.2307508 0.2219488 0.2241485 0.2801139 0.2711311 0.3238224 0.2975434 0.3042918 0.3042918 0.2999725 0.2932946 0.3023528 0.3271845 0.2803120 0.2818345 0.3253069 0.2849798 0.2849798 0.3303568 0.2800917 
Populus_euphratica_XP_011026103.1     0.3192776 0.3204271 0.3279493 0.3248342 0.3301461 0.3284771 0.2237230 0.2263445 0.2241222 0.2294069 0.2267240 0.2132343 0.2064485 0.1963574 0.1703520 0.2005847 0.1775114 0.1795298 0.1684812 0.1447531 0.1658331 0.1703684 0.1892286 0.1877106 0.0079232 0.0000000 0.0205215 0.0200992 0.0321229 0.0292931 0.0741940 0.0729701 0.0655830 0.1682445 0.1524161 0.1398629 0.1925819 0.2274160 0.2275807 0.2187348 0.2209213 0.2745047 0.2655922 0.3190121 0.2928558 0.2998229 0.2998229 0.3003288 0.2914539 0.3004932 0.3267866 0.2758651 0.2773829 0.3218636 0.2805359 0.2805359 0.3269109 0.2810587 
Populus_trichocarpa_XP_024450056.1    0.3234562 0.3246139 0.3289858 0.3269124 0.3350592 0.3333826 0.2278456 0.2297619 0.2275215 0.2328291 0.2344234 0.2082822 0.2035815 0.1976431 0.1724360 0.2038613 0.1802072 0.1837675 0.1669046 0.1470418 0.1669110 0.1727534 0.1917032 0.1918318 0.0257028 0.0205215 0.0000000 0.0000010 0.0109878 0.0073632 0.0717733 0.0705522 0.0631833 0.1636835 0.1478568 0.1352948 0.1915827 0.2252868 0.2254679 0.2180046 0.2201849 0.2708394 0.2615751 0.3180689 0.2851908 0.2952573 0.2952573 0.2918982 0.2851710 0.2941517 0.3259375 0.2746913 0.2762094 0.3223910 0.2779306 0.2779306 0.3255260 0.2760459 
Populus_trichocarpa_XP_024450057.1    0.3125639 0.3112757 0.3193722 0.3152341 0.3240126 0.3228147 0.2183350 0.2206510 0.2183732 0.2242937 0.2237905 0.2051223 0.2016879 0.1966799 0.1701520 0.2015749 0.1788069 0.1824894 0.1601965 0.1461295 0.1666907 0.1702413 0.1883977 0.1882042 0.0254692 0.0200992 0.0000010 0.0000000 0.0114317 0.0077212 0.0707676 0.0695020 0.0618681 0.1666748 0.1501228 0.1369859 0.1894992 0.2242100 0.2244088 0.2118015 0.2140338 0.2645079 0.2549522 0.3186456 0.2851899 0.2859554 0.2859554 0.2813468 0.2743790 0.2851536 0.3140098 0.2604846 0.2620391 0.3058558 0.2670460 0.2670460 0.3133627 0.2649413 
Populus_trichocarpa_XP_024450058.1    0.3566664 0.3563538 0.3621723 0.3598288 0.3703784 0.3685074 0.2513597 0.2520811 0.2495656 0.2553864 0.2588881 0.2304219 0.2262749 0.2189627 0.1958586 0.2256762 0.2017535 0.2057152 0.1886382 0.1591623 0.1669110 0.1933904 0.2043329 0.1908528 0.0378822 0.0321229 0.0109878 0.0114317 0.0000000 0.0058925 0.0881647 0.0868270 0.0787421 0.1632481 0.1472665 0.1352948 0.2125240 0.2252868 0.2254679 0.2405711 0.2414522 0.2966951 0.2864487 0.3455376 0.3090947 0.3280797 0.3280797 0.3245272 0.3147634 0.3246865 0.3600617 0.3025954 0.3042688 0.3223910 0.3060291 0.3060291 0.3255260 0.3041168 
Populus_trichocarpa_XP_024450059.1    0.4026373 0.4023504 0.4074178 0.4065393 0.4195164 0.4172462 0.2723402 0.2713493 0.2683386 0.2751755 0.2794478 0.2526846 0.2469721 0.2401800 0.2167024 0.2454660 0.2180927 0.2211744 0.2040552 0.1711130 0.1647092 0.2028519 0.2176561 0.2148944 0.0315408 0.0292931 0.0073632 0.0077212 0.0058925 0.0000000 0.0883486 0.0867978 0.0805329 0.0821634 0.0821634 0.0723970 0.2288706 0.2252868 0.2206604 0.2620743 0.2631711 0.3204529 0.3102287 0.3822193 0.3417582 0.3565722 0.3565722 0.3544236 0.3422317 0.3502228 0.3838098 0.3300027 0.3319785 0.3223910 0.3329903 0.3329903 0.3255260 0.3344335 
Populus_euphratica_XP_011016461.1     0.3320047 0.3311050 0.3356971 0.3323655 0.3347543 0.3325345 0.2347589 0.2390879 0.2367324 0.2440429 0.2425291 0.2182267 0.2204821 0.2008675 0.1702251 0.2079018 0.1800533 0.1836140 0.1750213 0.1627377 0.1837699 0.1855123 0.1951029 0.1940970 0.0704754 0.0741940 0.0717733 0.0707676 0.0881647 0.0883486 0.0000000 0.0011218 0.0146704 0.0785386 0.0633391 0.0752701 0.2056625 0.2376136 0.2376951 0.2303509 0.2310765 0.2943637 0.2848963 0.3259675 0.2988285 0.2959236 0.2959236 0.2927842 0.2823753 0.2923691 0.3108397 0.2819217 0.2834475 0.3286938 0.2793958 0.2793958 0.3242371 0.2787141 
Populus_euphratica_XP_011032642.1     0.3320720 0.3311723 0.3357649 0.3324330 0.3348224 0.3326024 0.2332794 0.2376009 0.2352528 0.2425530 0.2410402 0.2167245 0.2202702 0.2021967 0.1718335 0.2092455 0.1813585 0.1849249 0.1756814 0.1613793 0.1820233 0.1841271 0.1936809 0.1925407 0.0692573 0.0729701 0.0705522 0.0695020 0.0868270 0.0867978 0.0011218 0.0000000 0.0135336 0.0800000 0.0648003 0.0737763 0.2042374 0.2357650 0.2358615 0.2317070 0.2324361 0.2957939 0.2863163 0.3256304 0.2985238 0.2956170 0.2956170 0.2924789 0.2820878 0.2920705 0.3105164 0.2816372 0.2831611 0.3282632 0.2791159 0.2791159 0.3238153 0.2782662 
Populus_trichocarpa_XP_002306795.3    0.3328232 0.3319259 0.3365139 0.3328364 0.3339060 0.3316924 0.2289834 0.2319084 0.2311228 0.2383918 0.2367205 0.2154318 0.2163138 0.1959645 0.1682377 0.2033073 0.1797576 0.1843783 0.1717821 0.1559283 0.1767217 0.1781606 0.1940191 0.1929096 0.0643832 0.0655830 0.0631833 0.0618681 0.0787421 0.0805329 0.0146704 0.0135336 0.0000000 0.0952074 0.0799375 0.0589956 0.1960305 0.2289149 0.2290667 0.2282548 0.2289742 0.2860469 0.2777470 0.3265029 0.2975638 0.2922884 0.2922884 0.2900642 0.2846470 0.2941582 0.3127064 0.2779795 0.2794957 0.3234973 0.2754915 0.2754915 0.3190963 0.2742611 
Populus_euphratica_XP_011016462.1     0.4914738 0.4886559 0.4960755 0.4916981 0.4974410 0.4945844 0.3589619 0.3610852 0.3576681 0.3670941 0.3674765 0.3521280 0.3432532 0.3189056 0.3106223 0.3259271 0.2969982 0.3011476 0.2905086 0.2690760 0.1829328 0.2918471 0.2966268 0.2845541 0.1676076 0.1682445 0.1636835 0.1666748 0.1632481 0.0821634 0.0785386 0.0800000 0.0952074 0.0000000 0.0000010 0.0212121 0.3208441 0.2376136 0.2334724 0.3536872 0.3512801 0.4283882 0.4159702 0.4638239 0.4318420 0.4361392 0.4361392 0.4356692 0.4139557 0.4238447 0.4401940 0.4123688 0.4143388 0.3286938 0.4094418 0.4094418 0.3242371 0.4095989 
Populus_euphratica_XP_011016463.1     0.4724087 0.4695565 0.4769417 0.4725706 0.4781959 0.4753357 0.3396143 0.3416961 0.3383457 0.3477395 0.3480815 0.3328803 0.3270992 0.3025784 0.2894294 0.3098547 0.2788671 0.2829430 0.2744430 0.2526764 0.1829328 0.2762426 0.2804796 0.2681116 0.1518002 0.1524161 0.1478568 0.1501228 0.1472665 0.0821634 0.0633391 0.0648003 0.0799375 0.0000010 0.0000000 0.0188020 0.3044039 0.2376136 0.2334724 0.3370653 0.3346208 0.4098051 0.3974241 0.4482362 0.4161684 0.4178953 0.4178953 0.4172942 0.3980555 0.4086277 0.4215861 0.3954903 0.3974605 0.3286938 0.3926307 0.3926307 0.3242371 0.3926960 
Populus_trichocarpa_XP_024456054.1    0.4742009 0.4713136 0.4768462 0.4738359 0.4777784 0.4748852 0.3356861 0.3356707 0.3345407 0.3440390 0.3442488 0.3277424 0.3192077 0.2963606 0.2845369 0.3034464 0.2783537 0.2818998 0.2683010 0.2415184 0.1759103 0.2678114 0.2788227 0.2788227 0.1396247 0.1398629 0.1352948 0.1369859 0.1352948 0.0723970 0.0752701 0.0737763 0.0589956 0.0212121 0.0188020 0.0000000 0.2942288 0.2289149 0.2248182 0.3371137 0.3346379 0.4045119 0.3933918 0.4497825 0.4147500 0.4157503 0.4157503 0.4159878 0.3987063 0.4063368 0.4247156 0.3898679 0.3918512 0.3234973 0.3890073 0.3890073 0.3190963 0.3882306 
Citrus_sinensis_XP_006479656.1        0.3097783 0.3111759 0.3149539 0.3199937 0.3083951 0.3034559 0.2652943 0.2603244 0.2599330 0.2690598 0.2678270 0.1994092 0.2133621 0.1924065 0.1823829 0.1931030 0.1892988 0.1933388 0.1711716 0.1973641 0.2154229 0.2168419 0.2390697 0.2447994 0.1958883 0.1925819 0.1915827 0.1894992 0.2125240 0.2288706 0.2056625 0.2042374 0.1960305 0.3208441 0.3044039 0.2942288 0.0000000 0.0028448 0.0042549 0.2342395 0.2396999 0.2850565 0.2803035 0.3395944 0.3118518 0.3095302 0.3095302 0.3092113 0.2970761 0.3078040 0.3310635 0.2771144 0.2786533 0.3203744 0.2847386 0.2847386 0.3292828 0.2793027 
Citrus_sinensis_XP_024954134.1        0.3643257 0.3642708 0.3669135 0.3769291 0.3627552 0.3562133 0.3067535 0.2966631 0.2960561 0.3080051 0.3124420 0.2285182 0.2482562 0.2212738 0.2120713 0.2193921 0.2191218 0.2226974 0.1994350 0.2171027 0.2171027 0.2439791 0.2641188 0.2641188 0.2306119 0.2274160 0.2252868 0.2242100 0.2252868 0.2252868 0.2376136 0.2357650 0.2289149 0.2376136 0.2376136 0.2289149 0.0028448 0.0000000 0.0028448 0.2759811 0.2794202 0.3296910 0.3254447 0.4043639 0.3651709 0.3655366 0.3655366 0.3628432 0.3479733 0.3580180 0.3788538 0.3205842 0.3225919 0.3219049 0.3315163 0.3315163 0.3308098 0.3263572 
Citrus_sinensis_XP_006479657.1        0.3654337 0.3653802 0.3673964 0.3779352 0.3638829 0.3573928 0.3085446 0.2985275 0.2979194 0.3097945 0.3161254 0.2286828 0.2482503 0.2214861 0.2124409 0.2196191 0.2193509 0.2228984 0.1994327 0.2173501 0.2130331 0.2459150 0.2659624 0.2659624 0.2307508 0.2275807 0.2254679 0.2244088 0.2254679 0.2206604 0.2376951 0.2358615 0.2290667 0.2334724 0.2334724 0.2248182 0.0042549 0.0028448 0.0000000 0.2781025 0.2815259 0.3289492 0.3247432 0.4041433 0.3653490 0.3668955 0.3668955 0.3642083 0.3497182 0.3612545 0.3801135 0.3238571 0.3258518 0.3203744 0.3347112 0.3347112 0.3292828 0.3295777 
Cucumis_melo_XP_008449369.1           0.3384785 0.3438518 0.3482465 0.3316597 0.3431863 0.3393221 0.2697225 0.2722186 0.2705067 0.2738623 0.2686640 0.2331667 0.2121166 0.1878841 0.1819088 0.2019707 0.1905232 0.1943051 0.1919727 0.2249354 0.2543944 0.2352250 0.2518955 0.2581355 0.2219488 0.2187348 0.2180046 0.2118015 0.2405711 0.2620743 0.2303509 0.2317070 0.2282548 0.3536872 0.3370653 0.3371137 0.2342395 0.2759811 0.2781025 0.0000000 0.0079189 0.2986377 0.2940708 0.3406759 0.3043873 0.3231218 0.3231218 0.3209483 0.2874164 0.3086379 0.3334523 0.2809271 0.2824482 0.3301835 0.2835011 0.2835011 0.3325022 0.2863698 
Cucumis_sativus_XP_004145366.1        0.3413110 0.3467091 0.3528899 0.3344702 0.3460621 0.3421751 0.2709910 0.2748752 0.2731466 0.2763783 0.2713008 0.2413470 0.2138164 0.1899835 0.1865921 0.2040888 0.1926168 0.1964077 0.1968055 0.2296717 0.2569259 0.2403504 0.2584135 0.2636738 0.2241485 0.2209213 0.2201849 0.2140338 0.2414522 0.2631711 0.2310765 0.2324361 0.2289742 0.3512801 0.3346208 0.3346379 0.2396999 0.2794202 0.2815259 0.0079189 0.0000000 0.3018397 0.2972603 0.3375697 0.3053032 0.3274402 0.3274402 0.3258577 0.2920387 0.3134127 0.3352990 0.2865562 0.2880882 0.3348532 0.2871467 0.2871467 0.3334866 0.2885041 
Papaver_somniferum_XP_026420774.1     0.3725104 0.3693063 0.3797607 0.3758362 0.3892662 0.3886147 0.3093611 0.3020698 0.3030177 0.3090399 0.3068872 0.2811063 0.2863609 0.2706777 0.2520548 0.2833032 0.2650605 0.2680004 0.2377393 0.2700678 0.3139421 0.2839615 0.3172405 0.3317384 0.2801139 0.2745047 0.2708394 0.2645079 0.2966951 0.3204529 0.2943637 0.2957939 0.2860469 0.4283882 0.4098051 0.4045119 0.2850565 0.3296910 0.3289492 0.2986377 0.3018397 0.0000000 0.0102743 0.3804241 0.3469956 0.3940704 0.3940704 0.3889120 0.3493789 0.3686791 0.4004206 0.3605347 0.3621907 0.4182394 0.3632512 0.3632512 0.4208385 0.3579459 
Papaver_somniferum_XP_026449906.1     0.3680146 0.3648171 0.3752256 0.3713236 0.3860061 0.3808117 0.3000874 0.2928178 0.2937740 0.3002990 0.2975958 0.2770112 0.2853102 0.2681366 0.2519313 0.2807356 0.2638594 0.2667924 0.2324668 0.2618833 0.3050840 0.2771340 0.3093044 0.3229403 0.2711311 0.2655922 0.2615751 0.2549522 0.2864487 0.3102287 0.2848963 0.2863163 0.2777470 0.4159702 0.3974241 0.3933918 0.2803035 0.3254447 0.3247432 0.2940708 0.2972603 0.0102743 0.0000000 0.3784915 0.3437666 0.3900750 0.3900750 0.3806594 0.3462082 0.3654201 0.3964288 0.3573031 0.3589536 0.4160393 0.3594287 0.3594287 0.4178505 0.3513624 
Helianthus_annuus_XP_021993704.1      0.4195253 0.4236257 0.4265664 0.4220758 0.4133463 0.4083755 0.3203062 0.3180893 0.3157892 0.3186576 0.3187328 0.3467123 0.3049438 0.3172666 0.3039182 0.3286024 0.3047775 0.3102949 0.2841495 0.3300368 0.3859986 0.3258415 0.3695163 0.3856580 0.3238224 0.3190121 0.3180689 0.3186456 0.3455376 0.3822193 0.3259675 0.3256304 0.3265029 0.4638239 0.4482362 0.4497825 0.3395944 0.4043639 0.4041433 0.3406759 0.3375697 0.3804241 0.3784915 0.0000000 0.1105165 0.4188132 0.4188132 0.4084042 0.3756162 0.3941994 0.4215743 0.3742757 0.3741596 0.4456643 0.3755411 0.3755411 0.4488837 0.3738068 
Helianthus_annuus_XP_035834087.1      0.3903906 0.3936334 0.3933631 0.3950559 0.3983533 0.3957049 0.2886592 0.2803073 0.2781279 0.2820424 0.2813708 0.2937036 0.2776850 0.2777858 0.2620086 0.2898844 0.2709253 0.2725443 0.2515876 0.2917973 0.3451281 0.2972127 0.3276464 0.3422820 0.2975434 0.2928558 0.2851908 0.2851899 0.3090947 0.3417582 0.2988285 0.2985238 0.2975638 0.4318420 0.4161684 0.4147500 0.3118518 0.3651709 0.3653490 0.3043873 0.3053032 0.3469956 0.3437666 0.1105165 0.0000000 0.3920525 0.3920525 0.3830126 0.3510415 0.3685666 0.4054398 0.3579376 0.3578275 0.4301007 0.3598929 0.3598929 0.4332018 0.3560927 
Cicer_arietinum_XP_004495168.1        0.4146341 0.4248773 0.4272727 0.4251224 0.4206499 0.4178612 0.3497218 0.3460095 0.3447015 0.3536497 0.3554043 0.3047514 0.2921308 0.2854921 0.2635428 0.2975245 0.2812074 0.2844932 0.2917607 0.3216845 0.3721147 0.3395630 0.3398210 0.3567980 0.3042918 0.2998229 0.2952573 0.2859554 0.3280797 0.3565722 0.2959236 0.2956170 0.2922884 0.4361392 0.4178953 0.4157503 0.3095302 0.3655366 0.3668955 0.3231218 0.3274402 0.3940704 0.3900750 0.4188132 0.3920525 0.0000000 0.0000010 0.0706787 0.1629015 0.1683818 0.1898155 0.2235666 0.2250155 0.2535079 0.2128291 0.2128291 0.2397180 0.2222599 
Cicer_arietinum_XP_004495171.1        0.4146341 0.4248773 0.4272727 0.4251224 0.4206499 0.4178612 0.3497218 0.3460095 0.3447015 0.3536497 0.3554043 0.3047514 0.2921308 0.2854921 0.2635428 0.2975245 0.2812074 0.2844932 0.2917607 0.3216845 0.3721147 0.3395630 0.3398210 0.3567980 0.3042918 0.2998229 0.2952573 0.2859554 0.3280797 0.3565722 0.2959236 0.2956170 0.2922884 0.4361392 0.4178953 0.4157503 0.3095302 0.3655366 0.3668955 0.3231218 0.3274402 0.3940704 0.3900750 0.4188132 0.3920525 0.0000010 0.0000000 0.0706787 0.1629015 0.1683818 0.1898155 0.2235666 0.2250155 0.2535079 0.2128291 0.2128291 0.2397180 0.2222599 
Medicago_truncatula_XP_003590582.1    0.4096705 0.4201909 0.4210976 0.4160080 0.4119778 0.4064729 0.3428522 0.3413571 0.3415710 0.3466306 0.3461552 0.3079955 0.2888412 0.2891204 0.2696585 0.2981954 0.2810418 0.2844167 0.2806368 0.3138099 0.3634364 0.3232178 0.3338189 0.3500774 0.2999725 0.3003288 0.2918982 0.2813468 0.3245272 0.3544236 0.2927842 0.2924789 0.2900642 0.4356692 0.4172942 0.4159878 0.3092113 0.3628432 0.3642083 0.3209483 0.3258577 0.3889120 0.3806594 0.4084042 0.3830126 0.0706787 0.0706787 0.0000000 0.1522843 0.1586674 0.1853297 0.2159870 0.2174263 0.2474245 0.2122545 0.2122545 0.2427162 0.2186441 
Glycine_max_XP_003518903.1            0.3930774 0.3997533 0.4013833 0.3893758 0.3968434 0.3945842 0.3149353 0.3184260 0.3164651 0.3213500 0.3098040 0.2818007 0.2614991 0.2725465 0.2596729 0.2780358 0.2644240 0.2662887 0.2476347 0.3017441 0.3470351 0.3062801 0.3110238 0.3249141 0.2932946 0.2914539 0.2851710 0.2743790 0.3147634 0.3422317 0.2823753 0.2820878 0.2846470 0.4139557 0.3980555 0.3987063 0.2970761 0.3479733 0.3497182 0.2874164 0.2920387 0.3493789 0.3462082 0.3756162 0.3510415 0.1629015 0.1629015 0.1522843 0.0000000 0.0443882 0.0993636 0.1809387 0.1823173 0.2007845 0.1772399 0.1772399 0.1961973 0.1887656 
Glycine_max_XP_003536706.1            0.3938757 0.4005749 0.4016496 0.3909216 0.3896987 0.3897811 0.3361161 0.3406941 0.3386065 0.3424901 0.3334137 0.2926888 0.2722650 0.2773537 0.2616972 0.2903354 0.2762111 0.2781097 0.2603003 0.3080203 0.3508987 0.3177410 0.3201973 0.3317370 0.3023528 0.3004932 0.2941517 0.2851536 0.3246865 0.3502228 0.2923691 0.2920705 0.2941582 0.4238447 0.4086277 0.4063368 0.3078040 0.3580180 0.3612545 0.3086379 0.3134127 0.3686791 0.3654201 0.3941994 0.3685666 0.1683818 0.1683818 0.1586674 0.0443882 0.0000000 0.1103296 0.1918275 0.1932313 0.2117229 0.1891892 0.1891892 0.2073091 0.1989331 
Phaseolus_vulgaris_XP_007144661.1     0.4265048 0.4337311 0.4342163 0.4220413 0.4240927 0.4239601 0.3524742 0.3552251 0.3530562 0.3581531 0.3512280 0.3227384 0.2975147 0.3022635 0.2868690 0.3051849 0.2890236 0.2906695 0.2946569 0.3325736 0.3770252 0.3405667 0.3503341 0.3664958 0.3271845 0.3267866 0.3259375 0.3140098 0.3600617 0.3838098 0.3108397 0.3105164 0.3127064 0.4401940 0.4215861 0.4247156 0.3310635 0.3788538 0.3801135 0.3334523 0.3352990 0.4004206 0.3964288 0.4215743 0.4054398 0.1898155 0.1898155 0.1853297 0.0993636 0.1103296 0.0000000 0.2151062 0.2165388 0.2336307 0.2035429 0.2035429 0.2178812 0.2243334 
Glycine_max_XP_003521261.1            0.3794912 0.3844481 0.3873263 0.3744645 0.3811360 0.3787177 0.3264202 0.3242078 0.3230149 0.3279845 0.3289709 0.2691957 0.2549908 0.2565545 0.2404781 0.2533420 0.2463196 0.2502533 0.2398331 0.2763939 0.3081739 0.2760928 0.2955147 0.3068884 0.2803120 0.2758651 0.2746913 0.2604846 0.3025954 0.3300027 0.2819217 0.2816372 0.2779795 0.4123688 0.3954903 0.3898679 0.2771144 0.3205842 0.3238571 0.2809271 0.2865562 0.3605347 0.3573031 0.3742757 0.3579376 0.2235666 0.2235666 0.2159870 0.1809387 0.1918275 0.2151062 0.0000000 0.0011303 0.0028399 0.0380097 0.0380097 0.0450319 0.0682401 
Glycine_max_XP_006576915.1            0.3796176 0.3845576 0.3874263 0.3746088 0.3812582 0.3788481 0.3280214 0.3258047 0.3246063 0.3295818 0.3305776 0.2691957 0.2564901 0.2564799 0.2404781 0.2548415 0.2478037 0.2517441 0.2413142 0.2779312 0.3101648 0.2776160 0.2970753 0.3086104 0.2818345 0.2773829 0.2762094 0.2620391 0.3042688 0.3319785 0.2834475 0.2831611 0.2794957 0.4143388 0.3974605 0.3918512 0.2786533 0.3225919 0.3258518 0.2824482 0.2880882 0.3621907 0.3589536 0.3741596 0.3578275 0.2250155 0.2250155 0.2174263 0.1823173 0.1932313 0.2165388 0.0011303 0.0000000 0.0013792 0.0391861 0.0391861 0.0465216 0.0694668 
Glycine_max_XP_006576916.1            0.4570160 0.4617160 0.4633684 0.4498701 0.4619561 0.4585597 0.3908927 0.3838175 0.3820512 0.3886023 0.3934667 0.3131135 0.3006021 0.2994091 0.2861781 0.2948767 0.2905902 0.2940842 0.2833680 0.3099391 0.3099391 0.3215148 0.3377777 0.3377777 0.3253069 0.3218636 0.3223910 0.3058558 0.3223910 0.3223910 0.3286938 0.3282632 0.3234973 0.3286938 0.3286938 0.3234973 0.3203744 0.3219049 0.3203744 0.3301835 0.3348532 0.4182394 0.4160393 0.4456643 0.4301007 0.2535079 0.2535079 0.2474245 0.2007845 0.2117229 0.2336307 0.0028399 0.0013792 0.0000000 0.0465216 0.0465216 0.0449466 0.0850808 
Glycine_max_XP_003554270.1            0.3771400 0.3811647 0.3874393 0.3713665 0.3783272 0.3763743 0.3219910 0.3226153 0.3214313 0.3255331 0.3203401 0.2686847 0.2531476 0.2547650 0.2349774 0.2540164 0.2453206 0.2471051 0.2370543 0.2758049 0.3083573 0.2799607 0.3020102 0.3157617 0.2849798 0.2805359 0.2779306 0.2670460 0.3060291 0.3329903 0.2793958 0.2791159 0.2754915 0.4094418 0.3926307 0.3890073 0.2847386 0.3315163 0.3347112 0.2835011 0.2871467 0.3632512 0.3594287 0.3755411 0.3598929 0.2128291 0.2128291 0.2122545 0.1772399 0.1891892 0.2035429 0.0380097 0.0391861 0.0465216 0.0000000 0.0000010 0.0014203 0.0683105 
Glycine_max_XP_006604459.1            0.3771400 0.3811647 0.3874393 0.3713665 0.3783272 0.3763743 0.3219910 0.3226153 0.3214313 0.3255331 0.3203401 0.2686847 0.2531476 0.2547650 0.2349774 0.2540164 0.2453206 0.2471051 0.2370543 0.2758049 0.3083573 0.2799607 0.3020102 0.3157617 0.2849798 0.2805359 0.2779306 0.2670460 0.3060291 0.3329903 0.2793958 0.2791159 0.2754915 0.4094418 0.3926307 0.3890073 0.2847386 0.3315163 0.3347112 0.2835011 0.2871467 0.3632512 0.3594287 0.3755411 0.3598929 0.2128291 0.2128291 0.2122545 0.1772399 0.1891892 0.2035429 0.0380097 0.0391861 0.0465216 0.0000010 0.0000000 0.0013430 0.0683105 
Glycine_max_XP_006604465.1            0.4543880 0.4578025 0.4639648 0.4462343 0.4585495 0.4558736 0.3851654 0.3817897 0.3800374 0.3854215 0.3819370 0.3132777 0.2957641 0.2967123 0.2778260 0.2933264 0.2867453 0.2873864 0.2786129 0.3081310 0.3081310 0.3267504 0.3464163 0.3464163 0.3303568 0.3269109 0.3255260 0.3133627 0.3255260 0.3255260 0.3242371 0.3238153 0.3190963 0.3242371 0.3242371 0.3190963 0.3292828 0.3308098 0.3292828 0.3325022 0.3334866 0.4208385 0.4178505 0.4488837 0.4332018 0.2397180 0.2397180 0.2427162 0.1961973 0.2073091 0.2178812 0.0450319 0.0465216 0.0449466 0.0014203 0.0013430 0.0000000 0.0838198 
Phaseolus_vulgaris_XP_007162465.1     0.3836786 0.3899343 0.3951379 0.3807083 0.3827244 0.3807662 0.3183641 0.3199443 0.3187685 0.3218318 0.3233975 0.2711421 0.2524329 0.2552795 0.2353959 0.2550604 0.2433061 0.2477227 0.2428938 0.2794386 0.3148143 0.2838023 0.3030194 0.3169592 0.2800917 0.2810587 0.2760459 0.2649413 0.3041168 0.3344335 0.2787141 0.2782662 0.2742611 0.4095989 0.3926960 0.3882306 0.2793027 0.3263572 0.3295777 0.2863698 0.2885041 0.3579459 0.3513624 0.3738068 0.3560927 0.2222599 0.2222599 0.2186441 0.1887656 0.1989331 0.2243334 0.0682401 0.0694668 0.0850808 0.0683105 0.0683105 0.0838198 0.0000000 
