35
Arabidopsis_lyrata_XP_020886454.1     0.0000000 0.0151153 0.0278486 0.0329803 0.0412979 0.0438208 0.0409197 0.2845475 0.2936654 0.2508008 0.2182336 0.2570440 0.2612667 0.2420628 0.2374241 0.2368802 0.2432324 0.2353804 0.2384695 0.2169318 0.2039242 0.2118413 0.2118413 0.2193852 0.2193852 0.2313147 0.2536488 0.2289340 0.2599076 0.2919752 0.2947980 0.2973908 0.2826140 0.2933894 0.2929767 
Capsella_rubella_XP_006297787.1       0.0151153 0.0000000 0.0277941 0.0329160 0.0412171 0.0473401 0.0408462 0.2732567 0.2821074 0.2393700 0.2080293 0.2487541 0.2528558 0.2291050 0.2278292 0.2272971 0.2335611 0.2225907 0.2256565 0.2082370 0.1953516 0.2085028 0.2085028 0.2160137 0.2160137 0.2224805 0.2512806 0.2260943 0.2575318 0.2875564 0.2903822 0.2929814 0.2781976 0.2890058 0.2916328 
Brassica_oleracea_XP_013595296.1      0.0278486 0.0277941 0.0000000 0.0050014 0.0359810 0.0540541 0.0511069 0.2724638 0.2813031 0.2457205 0.2168214 0.2589965 0.2632627 0.2240390 0.2162410 0.2157226 0.2218883 0.2176050 0.2206696 0.2122816 0.1937639 0.1961451 0.1961451 0.2036383 0.2036383 0.2320269 0.2367335 0.2102964 0.2429369 0.2841540 0.2869734 0.2895696 0.2748269 0.2856265 0.2895978 
Brassica_rapa_XP_009124320.1          0.0329803 0.0329160 0.0050014 0.0000000 0.0360008 0.0609770 0.0563343 0.2788920 0.2878930 0.2520289 0.2230674 0.2660739 0.2704344 0.2302518 0.2224558 0.2219299 0.2281492 0.2237746 0.2268475 0.2184474 0.1998265 0.2022227 0.2022227 0.2097503 0.2097503 0.2383688 0.2429523 0.2177533 0.2491723 0.2882745 0.2911065 0.2937107 0.2788931 0.2897215 0.2967289 
Eutrema_salsugineum_XP_006409036.1    0.0412979 0.0412171 0.0359810 0.0360008 0.0000000 0.0680755 0.0731714 0.2887217 0.2987365 0.2418497 0.2226945 0.2656952 0.2700563 0.2488364 0.2406731 0.2401267 0.2464910 0.2317913 0.2342114 0.2216695 0.2112799 0.2150319 0.2150319 0.2226108 0.2226108 0.2457145 0.2588353 0.2280697 0.2650868 0.2802625 0.2830618 0.2856427 0.2710149 0.2795984 0.3087003 
Arabidopsis_thaliana_NP_001324728.1   0.0438208 0.0473401 0.0540541 0.0609770 0.0680755 0.0000000 0.0066181 0.2275447 0.2465068 0.2337047 0.2015147 0.2567026 0.2616073 0.2123465 0.2133844 0.2129056 0.2273089 0.2120873 0.2120873 0.2044553 0.1943453 0.2198279 0.2198279 0.2256547 0.2256547 0.2001530 0.2598679 0.2493026 0.2600185 0.2603003 0.2677054 0.2621372 0.2541034 0.2680465 0.3117176 
Arabidopsis_thaliana_NP_179546.2      0.0409197 0.0408462 0.0511069 0.0563343 0.0731714 0.0066181 0.0000000 0.3103373 0.3156202 0.2798747 0.2402847 0.2863752 0.2903128 0.2647196 0.2533775 0.2528136 0.2593167 0.2585789 0.2617233 0.2432509 0.2295751 0.2426635 0.2426635 0.2504418 0.2504418 0.2478281 0.2808270 0.2614109 0.2872080 0.3208909 0.3221872 0.3248220 0.3112106 0.3221324 0.3339321 
Cicer_arietinum_XP_004493497.1        0.2845475 0.2732567 0.2724638 0.2788920 0.2887217 0.2275447 0.3103373 0.0000000 0.0669240 0.1543169 0.1857133 0.2263102 0.2294635 0.2427560 0.2246960 0.2148540 0.2244087 0.2191555 0.2222186 0.2016503 0.1991616 0.1927861 0.1927861 0.2035500 0.2035500 0.1977060 0.2292256 0.1954016 0.2356500 0.2839317 0.2804064 0.2786695 0.2687981 0.2798123 0.3121186 
Medicago_truncatula_XP_013449617.1    0.2936654 0.2821074 0.2813031 0.2878930 0.2987365 0.2465068 0.3156202 0.0669240 0.0000000 0.1868392 0.2231095 0.2697028 0.2734019 0.2670272 0.2480314 0.2469675 0.2516756 0.2551207 0.2582823 0.2380499 0.2358247 0.2161384 0.2161384 0.2272199 0.2272199 0.2137211 0.2687565 0.2408114 0.2754626 0.3079809 0.3056073 0.3093715 0.2971564 0.3055698 0.3297765 
Phaseolus_vulgaris_XP_007154663.1     0.2508008 0.2393700 0.2457205 0.2520289 0.2418497 0.2337047 0.2798747 0.1543169 0.1868392 0.0000000 0.1598734 0.1922776 0.1982457 0.2205945 0.1884543 0.1869141 0.1873099 0.1804468 0.1834618 0.1895321 0.1844821 0.1838053 0.1838053 0.1933233 0.1933233 0.1762684 0.2272855 0.2325390 0.2336948 0.2533373 0.2493499 0.2544441 0.2399910 0.2416420 0.2515122 
Citrus_sinensis_XP_006475431.1        0.2182336 0.2080293 0.2168214 0.2230674 0.2226945 0.2015147 0.2402847 0.1857133 0.2231095 0.1598734 0.0000000 0.0210476 0.0210389 0.1850534 0.1467451 0.1441357 0.1477547 0.1372048 0.1400937 0.1220005 0.1214672 0.1198467 0.1198467 0.1317388 0.1317388 0.1495229 0.1849132 0.1769772 0.1941461 0.2270776 0.2302912 0.2328041 0.2221596 0.2278658 0.2497977 
Citrus_sinensis_XP_006475433.1        0.2570440 0.2487541 0.2589965 0.2660739 0.2656952 0.2567026 0.2863752 0.2263102 0.2697028 0.1922776 0.0210476 0.0000000 0.0000010 0.2293093 0.1889275 0.1856365 0.1865565 0.1774941 0.1808090 0.1530302 0.1559217 0.1538696 0.1538696 0.1676880 0.1676880 0.1816329 0.2113617 0.2088298 0.2218077 0.2582424 0.2536467 0.2592880 0.2579838 0.2644431 0.3015043 
Citrus_sinensis_XP_024953563.1        0.2612667 0.2528558 0.2632627 0.2704344 0.2700563 0.2616073 0.2903128 0.2294635 0.2734019 0.1982457 0.0210389 0.0000010 0.0000000 0.2324965 0.1916302 0.1882810 0.1892239 0.1800216 0.1833794 0.1575660 0.1572649 0.1557776 0.1557776 0.1697621 0.1697621 0.1841365 0.2172059 0.2161121 0.2278006 0.2587296 0.2632162 0.2653227 0.2589166 0.2688612 0.3057652 
Fragaria_vesca_XP_004287545.1         0.2420628 0.2291050 0.2240390 0.2302518 0.2488364 0.2123465 0.2647196 0.2427560 0.2670272 0.2205945 0.1850534 0.2293093 0.2324965 0.0000000 0.1433049 0.1390647 0.1476860 0.1188579 0.1234332 0.1843015 0.1632595 0.1831733 0.1831733 0.1888697 0.1888697 0.1971852 0.2273928 0.2113583 0.2341316 0.3012379 0.3038465 0.3064378 0.2913642 0.2938865 0.3106653 
Malus_domestica_XP_008352367.2        0.2374241 0.2278292 0.2162410 0.2224558 0.2406731 0.2133844 0.2533775 0.2246960 0.2480314 0.1884543 0.1467451 0.1889275 0.1916302 0.1433049 0.0000000 0.0176940 0.0331278 0.0582023 0.0635846 0.1605657 0.1445509 0.1367058 0.1367058 0.1431069 0.1431069 0.1562397 0.1861118 0.1775218 0.1954003 0.2768237 0.2736076 0.2774562 0.2603074 0.2663631 0.2657298 
Pyrus_x_bretschneideri_XP_009352646.1 0.2368802 0.2272971 0.2157226 0.2219299 0.2401267 0.2129056 0.2528136 0.2148540 0.2469675 0.1869141 0.1441357 0.1856365 0.1882810 0.1390647 0.0176940 0.0000000 0.0279367 0.0567506 0.0620674 0.1590004 0.1431301 0.1422775 0.1422775 0.1500976 0.1500976 0.1546896 0.1847301 0.1722013 0.1940216 0.2697988 0.2685855 0.2688375 0.2518771 0.2644143 0.2574301 
Malus_domestica_XP_008354431.2        0.2432324 0.2335611 0.2218883 0.2281492 0.2464910 0.2273089 0.2593167 0.2244087 0.2516756 0.1873099 0.1477547 0.1865565 0.1892239 0.1476860 0.0331278 0.0279367 0.0000000 0.0570669 0.0624131 0.1568792 0.1409764 0.1417062 0.1417062 0.1495185 0.1495185 0.1584498 0.1880228 0.1808471 0.1972841 0.2730506 0.2766768 0.2792574 0.2621089 0.2644648 0.2685710 
Prunus_mume_XP_008242405.1            0.2353804 0.2225907 0.2176050 0.2237746 0.2317913 0.2120873 0.2585789 0.2191555 0.2551207 0.1804468 0.1372048 0.1774941 0.1800216 0.1188579 0.0582023 0.0567506 0.0570669 0.0000000 0.0049936 0.1419119 0.1182428 0.1314525 0.1314525 0.1390514 0.1390514 0.1636499 0.1903136 0.1732001 0.1995276 0.2635699 0.2648404 0.2673707 0.2474187 0.2591619 0.2416213 
Prunus_persica_XP_007202164.1         0.2384695 0.2256565 0.2206696 0.2268475 0.2342114 0.2120873 0.2617233 0.2222186 0.2582823 0.1834618 0.1400937 0.1808090 0.1833794 0.1234332 0.0635846 0.0620674 0.0624131 0.0049936 0.0000000 0.1448100 0.1210694 0.1337192 0.1337192 0.1413387 0.1413387 0.1697438 0.1933277 0.1732001 0.2025639 0.2668288 0.2680897 0.2706232 0.2506225 0.2623915 0.2436261 
Jatropha_curcas_XP_012076913.1        0.2169318 0.2082370 0.2122816 0.2184474 0.2216695 0.2044553 0.2432509 0.2016503 0.2380499 0.1895321 0.1220005 0.1530302 0.1575660 0.1843015 0.1605657 0.1590004 0.1568792 0.1419119 0.1448100 0.0000000 0.0697398 0.0966486 0.0966486 0.1082522 0.1082522 0.1490415 0.1899117 0.1761024 0.1992247 0.2379589 0.2403251 0.2428097 0.2262390 0.2314001 0.2466323 
Manihot_esculenta_XP_021596800.1      0.2039242 0.1953516 0.1937639 0.1998265 0.2112799 0.1943453 0.2295751 0.1991616 0.2358247 0.1844821 0.1214672 0.1559217 0.1572649 0.1632595 0.1445509 0.1431301 0.1409764 0.1182428 0.1210694 0.0697398 0.0000000 0.0876095 0.0876095 0.0961594 0.0961594 0.1370887 0.1852756 0.1747158 0.1920132 0.2404946 0.2419050 0.2444223 0.2276171 0.2367537 0.2228233 
Populus_euphratica_XP_011019360.1     0.2118413 0.2085028 0.1961451 0.2022227 0.2150319 0.2198279 0.2426635 0.1927861 0.2161384 0.1838053 0.1198467 0.1538696 0.1557776 0.1831733 0.1367058 0.1422775 0.1417062 0.1314525 0.1337192 0.0966486 0.0876095 0.0000000 0.0000010 0.0126261 0.0125673 0.1330169 0.1720578 0.1765667 0.1781976 0.2448281 0.2421210 0.2470331 0.2338398 0.2413386 0.2150328 
Populus_euphratica_XP_011019361.1     0.2118413 0.2085028 0.1961451 0.2022227 0.2150319 0.2198279 0.2426635 0.1927861 0.2161384 0.1838053 0.1198467 0.1538696 0.1557776 0.1831733 0.1367058 0.1422775 0.1417062 0.1314525 0.1337192 0.0966486 0.0876095 0.0000010 0.0000000 0.0126261 0.0126261 0.1330169 0.1720578 0.1765667 0.1781976 0.2448281 0.2421210 0.2470331 0.2338398 0.2413386 0.2150328 
Populus_trichocarpa_XP_002308527.1    0.2193852 0.2160137 0.2036383 0.2097503 0.2226108 0.2256547 0.2504418 0.2035500 0.2272199 0.1933233 0.1317388 0.1676880 0.1697621 0.1888697 0.1431069 0.1500976 0.1495185 0.1390514 0.1413387 0.1082522 0.0961594 0.0126261 0.0126261 0.0000000 0.0000010 0.1423221 0.1762500 0.1779756 0.1824481 0.2523810 0.2496147 0.2545895 0.2412717 0.2460446 0.2243171 
Populus_trichocarpa_XP_024458504.1    0.2193852 0.2160137 0.2036383 0.2097503 0.2226108 0.2256547 0.2504418 0.2035500 0.2272199 0.1933233 0.1317388 0.1676880 0.1697621 0.1888697 0.1431069 0.1500976 0.1495185 0.1390514 0.1413387 0.1082522 0.0961594 0.0125673 0.0126261 0.0000010 0.0000000 0.1423221 0.1762500 0.1779756 0.1824481 0.2523810 0.2496147 0.2545895 0.2412717 0.2460446 0.2243171 
Vitis_vinifera_XP_002282302.1         0.2313147 0.2224805 0.2320269 0.2383688 0.2457145 0.2001530 0.2478281 0.1977060 0.2137211 0.1762684 0.1495229 0.1816329 0.1841365 0.1971852 0.1562397 0.1546896 0.1584498 0.1636499 0.1697438 0.1490415 0.1370887 0.1330169 0.1330169 0.1423221 0.1423221 0.0000000 0.1982623 0.1729740 0.2014892 0.2330854 0.2274300 0.2332892 0.2199457 0.2356186 0.2314905 
Cucumis_melo_XP_016901090.1           0.2536488 0.2512806 0.2367335 0.2429523 0.2588353 0.2598679 0.2808270 0.2292256 0.2687565 0.2272855 0.1849132 0.2113617 0.2172059 0.2273928 0.1861118 0.1847301 0.1880228 0.1903136 0.1933277 0.1899117 0.1852756 0.1720578 0.1720578 0.1762500 0.1762500 0.1982623 0.0000000 0.0000010 0.0125663 0.2615121 0.2638882 0.2644100 0.2465006 0.2551787 0.2774704 
Cucumis_melo_XP_016901092.1           0.2289340 0.2260943 0.2102964 0.2177533 0.2280697 0.2493026 0.2614109 0.1954016 0.2408114 0.2325390 0.1769772 0.2088298 0.2161121 0.2113583 0.1775218 0.1722013 0.1808471 0.1732001 0.1732001 0.1761024 0.1747158 0.1765667 0.1765667 0.1779756 0.1779756 0.1729740 0.0000010 0.0000000 0.0122500 0.2078304 0.2184639 0.2101476 0.2016321 0.2121422 0.2877349 
Cucumis_sativus_XP_004141053.1        0.2599076 0.2575318 0.2429369 0.2491723 0.2650868 0.2600185 0.2872080 0.2356500 0.2754626 0.2336948 0.1941461 0.2218077 0.2278006 0.2341316 0.1954003 0.1940216 0.1972841 0.1995276 0.2025639 0.1992247 0.1920132 0.1781976 0.1781976 0.1824481 0.1824481 0.2014892 0.0125663 0.0122500 0.0000000 0.2638436 0.2633536 0.2638733 0.2459974 0.2546613 0.2704380 
Capsicum_annuum_XP_016580243.1        0.2919752 0.2875564 0.2841540 0.2882745 0.2802625 0.2603003 0.3208909 0.2839317 0.3079809 0.2533373 0.2270776 0.2582424 0.2587296 0.3012379 0.2768237 0.2697988 0.2730506 0.2635699 0.2668288 0.2379589 0.2404946 0.2448281 0.2448281 0.2523810 0.2523810 0.2330854 0.2615121 0.2078304 0.2638436 0.0000000 0.0454836 0.0478634 0.0400206 0.0538251 0.3176984 
Solanum_lycopersicum_XP_004243760.1   0.2947980 0.2903822 0.2869734 0.2911065 0.2830618 0.2677054 0.3221872 0.2804064 0.3056073 0.2493499 0.2302912 0.2536467 0.2632162 0.3038465 0.2736076 0.2685855 0.2766768 0.2648404 0.2680897 0.2403251 0.2419050 0.2421210 0.2421210 0.2496147 0.2496147 0.2274300 0.2638882 0.2184639 0.2633536 0.0454836 0.0000000 0.0198555 0.0323901 0.0589876 0.3067277 
Solanum_pennellii_XP_015083011.1      0.2973908 0.2929814 0.2895696 0.2937107 0.2856427 0.2621372 0.3248220 0.2786695 0.3093715 0.2544441 0.2328041 0.2592880 0.2653227 0.3064378 0.2774562 0.2688375 0.2792574 0.2673707 0.2706232 0.2428097 0.2444223 0.2470331 0.2470331 0.2545895 0.2545895 0.2332892 0.2644100 0.2101476 0.2638733 0.0478634 0.0198555 0.0000000 0.0324272 0.0617351 0.3109844 
Solanum_tuberosum_XP_006346560.1      0.2826140 0.2781976 0.2748269 0.2788931 0.2710149 0.2541034 0.3112106 0.2687981 0.2971564 0.2399910 0.2221596 0.2579838 0.2589166 0.2913642 0.2603074 0.2518771 0.2621089 0.2474187 0.2506225 0.2262390 0.2276171 0.2338398 0.2338398 0.2412717 0.2412717 0.2199457 0.2465006 0.2016321 0.2459974 0.0400206 0.0323901 0.0324272 0.0000000 0.0432317 0.2948380 
Nicotiana_attenuata_XP_019249149.1    0.2933894 0.2890058 0.2856265 0.2897215 0.2795984 0.2680465 0.3221324 0.2798123 0.3055698 0.2416420 0.2278658 0.2644431 0.2688612 0.2938865 0.2663631 0.2644143 0.2644648 0.2591619 0.2623915 0.2314001 0.2367537 0.2413386 0.2413386 0.2460446 0.2460446 0.2356186 0.2551787 0.2121422 0.2546613 0.0538251 0.0589876 0.0617351 0.0432317 0.0000000 0.3015410 
Carica_papaya_XP_021912362.1          0.2929767 0.2916328 0.2895978 0.2967289 0.3087003 0.3117176 0.3339321 0.3121186 0.3297765 0.2515122 0.2497977 0.3015043 0.3057652 0.3106653 0.2657298 0.2574301 0.2685710 0.2416213 0.2436261 0.2466323 0.2228233 0.2150328 0.2150328 0.2243171 0.2243171 0.2314905 0.2774704 0.2877349 0.2704380 0.3176984 0.3067277 0.3109844 0.2948380 0.3015410 0.0000000 
