127
Arabidopsis_lyrata_XP_002866689.1     0.0000000 0.0110703 0.0157211 0.0225871 0.0244284 0.0293304 0.0225624 0.0269903 0.0339064 0.0361879 0.1043440 0.0957324 0.1020348 0.0952897 0.0995167 0.1144151 0.0995390 0.1014088 0.3046645 0.3199660 0.2904665 0.2959986 0.2885718 0.3252294 0.3145044 0.3168548 0.3520684 0.3403424 0.3236622 0.3416510 0.3367191 0.3230044 0.2697809 0.3092992 0.2891656 0.2903369 0.3224900 0.3157798 0.3240722 0.3125112 0.3250003 0.3467782 0.3497738 0.3853117 0.3963429 0.4006794 0.4022424 0.4027002 0.3756928 0.3697835 0.3964571 0.3955124 0.3691888 0.3381494 0.3362935 0.3460726 0.3663505 0.3817746 0.3865040 0.3871246 0.3781854 0.3638665 0.4133039 0.4071030 0.4156775 0.3752982 0.3773217 0.5591090 0.3483984 0.3525874 0.3700132 0.3504402 0.3676267 0.3573727 0.3321457 0.3536651 0.3573350 0.3666734 0.3726725 0.3511469 0.4019973 0.3948655 0.4051108 0.3779645 0.3988012 0.4453863 0.3933549 0.3890021 0.3925101 0.4157357 0.5163718 0.5299262 0.5194861 0.5380959 0.5390014 0.5226506 0.4682464 0.4597256 0.5148496 0.5679658 0.5267905 0.4720635 0.4794240 0.4524942 0.4613968 0.4706625 0.4483046 0.4531040 0.4702121 0.5198988 0.4947912 0.4470524 0.4435351 0.4382160 0.5227592 0.4807227 0.4964156 0.5416405 0.5309630 0.5230085 0.5215175 0.5126936 0.5200351 0.5159469 0.5319257 0.5766207 0.6073121 
Arabidopsis_thaliana_NP_201381.1      0.0110703 0.0000000 0.0133219 0.0199959 0.0199632 0.0266497 0.0199744 0.0224672 0.0314303 0.0336960 0.0994571 0.0909605 0.0971128 0.0904592 0.0947005 0.1046924 0.0947214 0.0966008 0.2989286 0.3141477 0.2905653 0.2903001 0.2864040 0.3193969 0.3086956 0.3110628 0.3552773 0.3435353 0.3274822 0.3450279 0.3400661 0.3261460 0.2651093 0.3093438 0.2835640 0.2847505 0.3164524 0.3084940 0.3182530 0.3067244 0.3192278 0.3408642 0.3438514 0.3851646 0.4023910 0.4069149 0.4083329 0.4087975 0.3823480 0.3757091 0.3963109 0.3953661 0.3660976 0.3412145 0.3393510 0.3429842 0.3632632 0.3835795 0.3806616 0.3812719 0.3723520 0.3648365 0.4060470 0.3998773 0.4083945 0.3682113 0.3702938 0.5510597 0.3453144 0.3427537 0.3618789 0.3510359 0.3702712 0.3576790 0.3336265 0.3521529 0.3551179 0.3672350 0.3740104 0.3489043 0.4065803 0.4020345 0.4124293 0.3851202 0.4007609 0.4431582 0.3956196 0.3899818 0.3934995 0.4109976 0.5083425 0.5225019 0.5112418 0.5298716 0.5307479 0.5140937 0.4529240 0.4523820 0.5156131 0.5686998 0.5275509 0.4595242 0.4655491 0.4400743 0.4489493 0.4581629 0.4359355 0.4406848 0.4585279 0.5161654 0.4911096 0.4455674 0.4377743 0.4325063 0.5216653 0.4830050 0.4833837 0.5277042 0.5260929 0.5231901 0.5171130 0.5083526 0.5156735 0.5164647 0.5211609 0.5631493 0.5984737 
Brassica_oleracea_XP_013619419.1      0.0157211 0.0133219 0.0000000 0.0088537 0.0155683 0.0199539 0.0132939 0.0248306 0.0255302 0.0278364 0.0999079 0.0913655 0.0992169 0.0908674 0.0951250 0.1100417 0.0999850 0.0970332 0.2964381 0.3062372 0.2880769 0.2910781 0.2894067 0.3200159 0.3093182 0.3110843 0.3522766 0.3405393 0.3274879 0.3476262 0.3426421 0.3231819 0.2651667 0.3048817 0.2782456 0.2805827 0.3140503 0.3048911 0.3130889 0.3015568 0.3197682 0.3420361 0.3450333 0.3799133 0.3948290 0.4023516 0.4007292 0.4011862 0.3749317 0.3683079 0.3910044 0.3900648 0.3620451 0.3372032 0.3353498 0.3389774 0.3528257 0.3833850 0.3792755 0.3798825 0.3709803 0.3611054 0.4119713 0.4057766 0.4143398 0.3739999 0.3760341 0.5438675 0.3499966 0.3503497 0.3661598 0.3470359 0.3644667 0.3491544 0.3358255 0.3539600 0.3547641 0.3668887 0.3758254 0.3513969 0.4068311 0.3998970 0.4102463 0.3829882 0.4005817 0.4498870 0.3972641 0.3919671 0.3954984 0.4101305 0.5038190 0.5191830 0.5082316 0.5219131 0.5227622 0.5095519 0.4581317 0.4495814 0.5044771 0.5588744 0.5214859 0.4618049 0.4680885 0.4422869 0.4477737 0.4570072 0.4375979 0.4423653 0.4539690 0.5133213 0.4883092 0.4410288 0.4303281 0.4250991 0.5233945 0.4844334 0.4927771 0.5371679 0.5337384 0.5286427 0.5216188 0.5127940 0.5201354 0.5137577 0.5224257 0.5577590 0.6037764 
Brassica_rapa_XP_009130528.1          0.0225871 0.0199959 0.0088537 0.0000000 0.0222552 0.0244751 0.0177886 0.0293444 0.0315229 0.0315241 0.1071642 0.0984594 0.1040298 0.0956206 0.0998607 0.1148124 0.1047274 0.1041746 0.2991297 0.3089526 0.2907432 0.2937548 0.2920755 0.3227434 0.3120361 0.3137992 0.3561230 0.3443411 0.3312159 0.3514983 0.3464722 0.3242815 0.2701053 0.3077548 0.2797343 0.2820699 0.3156806 0.3064868 0.3147212 0.3042677 0.3196152 0.3461004 0.3491055 0.3857296 0.3966691 0.4012683 0.4025799 0.4030388 0.3806977 0.3740307 0.3920494 0.3911076 0.3690091 0.3440807 0.3422088 0.3458482 0.3597287 0.3904943 0.3863559 0.3869775 0.3780218 0.3679360 0.4148271 0.4103767 0.4189914 0.3784569 0.3804571 0.5539852 0.3525400 0.3514161 0.3689982 0.3498365 0.3714871 0.3540223 0.3411289 0.3637945 0.3644447 0.3768960 0.3859082 0.3582590 0.4104845 0.4027441 0.4149106 0.3875085 0.4006718 0.4519744 0.3983196 0.3979725 0.4015164 0.4112688 0.5000777 0.5146031 0.5031905 0.5198621 0.5207094 0.5132942 0.4601013 0.4482560 0.5019366 0.5575298 0.5201295 0.4604703 0.4657128 0.4409500 0.4464407 0.4556758 0.4394519 0.4442266 0.4559134 0.5101308 0.4925514 0.4474458 0.4229128 0.4177479 0.5219197 0.4859704 0.4925874 0.5401414 0.5257443 0.5225976 0.5182733 0.5094683 0.5168179 0.5104495 0.5186729 0.5613940 0.6034199 
Eutrema_salsugineum_XP_006393985.1    0.0244284 0.0199632 0.0155683 0.0222552 0.0000000 0.0289192 0.0222312 0.0270644 0.0337310 0.0360019 0.1069787 0.0982923 0.1063062 0.0978794 0.1021060 0.1170549 0.1069697 0.1039971 0.2985856 0.3077995 0.2902164 0.2932215 0.2915462 0.3221575 0.3114677 0.3132289 0.3608173 0.3490517 0.3359165 0.3504220 0.3454124 0.3258808 0.2701794 0.3082093 0.2823585 0.2846778 0.3221621 0.3129401 0.3182136 0.3096492 0.3233861 0.3457368 0.3487349 0.3865570 0.3870140 0.3943213 0.3928630 0.3933113 0.3671737 0.3605779 0.3803290 0.3794064 0.3637781 0.3389192 0.3370616 0.3412236 0.3621679 0.3864389 0.3823098 0.3829241 0.3739833 0.3665087 0.4151902 0.4089722 0.4175741 0.3770895 0.3791005 0.5513173 0.3593334 0.3575491 0.3654378 0.3463607 0.3715923 0.3550570 0.3369565 0.3607163 0.3548449 0.3651798 0.3741061 0.3497159 0.4163245 0.4093281 0.4198561 0.3903916 0.4040941 0.4472754 0.3942035 0.3891213 0.3936375 0.4161825 0.5114159 0.5255510 0.5178422 0.5304721 0.5313500 0.5147966 0.4488430 0.4469252 0.5129470 0.5756940 0.5379844 0.4628397 0.4736341 0.4433883 0.4459627 0.4551649 0.4420327 0.4467976 0.4617627 0.4997375 0.4762148 0.4452447 0.4255702 0.4203867 0.5258432 0.4847844 0.4871933 0.5353553 0.5392393 0.5298321 0.5146752 0.5059333 0.5132566 0.5069285 0.5200530 0.5647759 0.6194888 
Brassica_oleracea_XP_013627134.1      0.0293304 0.0266497 0.0199539 0.0244751 0.0289192 0.0000000 0.0110550 0.0406672 0.0382553 0.0405306 0.1093540 0.1006200 0.1086884 0.1002346 0.1044516 0.1194129 0.1093172 0.1063377 0.2913687 0.3065284 0.2887317 0.2931472 0.2914725 0.3220752 0.3113880 0.3117593 0.3645372 0.3555423 0.3421439 0.3598072 0.3547330 0.3350329 0.2671664 0.3135433 0.2939253 0.2852004 0.3241076 0.3148738 0.3173506 0.3115944 0.3303668 0.3512377 0.3542337 0.3890172 0.4035797 0.4113512 0.4125850 0.4100095 0.3834753 0.3768178 0.3953797 0.3944339 0.3738356 0.3527386 0.3526607 0.3566243 0.3766061 0.3953232 0.3886903 0.3893152 0.3827192 0.3784836 0.4153957 0.4091855 0.4177768 0.3869706 0.3852623 0.5388419 0.3662821 0.3660690 0.3801610 0.3517848 0.3799093 0.3624860 0.3430743 0.3589421 0.3607905 0.3802848 0.3880199 0.3675137 0.4132938 0.4001980 0.4167865 0.3926434 0.4084706 0.4360250 0.4069142 0.4025489 0.4060885 0.4102661 0.5136120 0.5315716 0.5167976 0.5186743 0.5195163 0.5161864 0.4629675 0.4575546 0.5228230 0.5786023 0.5412614 0.4733242 0.4770991 0.4564524 0.4589458 0.4682010 0.4550648 0.4598814 0.4596947 0.5180462 0.4930285 0.4565292 0.4381366 0.4328655 0.5333088 0.4935123 0.5024553 0.5374808 0.5312114 0.5367681 0.5356235 0.5267172 0.5340243 0.5276077 0.5361533 0.5609619 0.6208382 
Brassica_rapa_XP_009150670.2          0.0225624 0.0199744 0.0132939 0.0177886 0.0222312 0.0110550 0.0000000 0.0338723 0.0314887 0.0337585 0.1017319 0.0931331 0.1010439 0.0926555 0.0969152 0.1118683 0.1017864 0.0988232 0.2913498 0.3064708 0.2874812 0.2860319 0.2843798 0.3148054 0.3041497 0.3059169 0.3630159 0.3540157 0.3408389 0.3584712 0.3534071 0.3337348 0.2592972 0.3055692 0.2860252 0.2828304 0.3163936 0.3072146 0.3114733 0.3038922 0.3226870 0.3430774 0.3460701 0.3809556 0.3954492 0.4030161 0.4044171 0.4018335 0.3754134 0.3687661 0.3885329 0.3875949 0.3716668 0.3467514 0.3448758 0.3485129 0.3688210 0.3871909 0.3866721 0.3872948 0.3806927 0.3705448 0.4132550 0.4070393 0.4156342 0.3788079 0.3771891 0.5388419 0.3597142 0.3585911 0.3728283 0.3496942 0.3745042 0.3570280 0.3376842 0.3573949 0.3581469 0.3698907 0.3775764 0.3637483 0.4078237 0.4010706 0.4114687 0.3841207 0.3999754 0.4386793 0.4012005 0.3976101 0.4011513 0.4137197 0.5137219 0.5284159 0.5169119 0.5254242 0.5262878 0.5194675 0.4550627 0.4553936 0.5146180 0.5701369 0.5324217 0.4675032 0.4743940 0.4479330 0.4504412 0.4596965 0.4465609 0.4513624 0.4575792 0.5159278 0.4908709 0.4543822 0.4359863 0.4307207 0.5288372 0.4904377 0.4986315 0.5354382 0.5329328 0.5274881 0.5275223 0.5186561 0.5259887 0.5195897 0.5279917 0.5540267 0.6188705 
Capsella_rubella_XP_006280412.1       0.0269903 0.0224672 0.0248306 0.0293444 0.0270644 0.0406672 0.0338723 0.0000000 0.0430646 0.0407814 0.1156523 0.1066905 0.1055418 0.1014784 0.1057360 0.1208645 0.1057604 0.1093895 0.3110975 0.3159249 0.3025286 0.3023023 0.3005819 0.3331332 0.3211200 0.3234742 0.3673100 0.3530617 0.3389560 0.3627677 0.3576272 0.3376971 0.2826459 0.3161792 0.2875932 0.2887770 0.3236268 0.3143518 0.3196618 0.3110533 0.3235097 0.3550621 0.3580918 0.3910350 0.4027299 0.4104976 0.4087020 0.4091693 0.3864627 0.3797407 0.3954529 0.3945011 0.3813536 0.3562303 0.3543220 0.3565667 0.3752841 0.4031299 0.3989337 0.3995825 0.3905175 0.3753772 0.4313776 0.4250837 0.4338226 0.3928554 0.3947341 0.5899360 0.3665008 0.3647213 0.3781404 0.3576610 0.3754309 0.3676301 0.3416350 0.3782257 0.3778081 0.3739683 0.3829760 0.3608766 0.4264057 0.4195509 0.4268340 0.3991699 0.4140155 0.4618384 0.4116651 0.4072857 0.4108506 0.4324530 0.5192762 0.5335841 0.5222405 0.5407141 0.5416284 0.5291467 0.4629823 0.4588729 0.5154223 0.5749942 0.5334936 0.4828582 0.4857443 0.4630494 0.4625331 0.4718611 0.4597986 0.4646693 0.4760740 0.5223166 0.4970610 0.4599510 0.4395549 0.4342371 0.5357899 0.4918574 0.5070155 0.5584939 0.5407806 0.5243936 0.5353785 0.5263985 0.5337679 0.5272982 0.5396370 0.5686404 0.6179016 
Brassica_oleracea_XP_013610113.1      0.0339064 0.0314303 0.0255302 0.0315229 0.0337310 0.0382553 0.0314887 0.0430646 0.0000000 0.0066232 0.1202310 0.1063504 0.1195958 0.1109300 0.1126083 0.1303193 0.1200717 0.1096041 0.3100677 0.3306153 0.3122054 0.3096036 0.3078699 0.3358558 0.3250349 0.3175039 0.3639708 0.3552517 0.3414169 0.3613237 0.3572199 0.3432585 0.2793237 0.3194234 0.3048815 0.2971277 0.3308789 0.3215955 0.3303640 0.3187360 0.3345426 0.3485470 0.3483262 0.3925466 0.4109456 0.4189395 0.4236663 0.4241503 0.3972174 0.3904915 0.4154608 0.4119727 0.3771494 0.3522164 0.3503298 0.3539690 0.3717851 0.3973736 0.3866484 0.3872707 0.3814966 0.3673378 0.4185485 0.4123069 0.4209480 0.3768740 0.3822787 0.5564957 0.3651067 0.3647893 0.3824801 0.3650464 0.3832836 0.3675073 0.3525033 0.3688223 0.3693931 0.3794222 0.3862755 0.3664238 0.4155959 0.4090908 0.4255464 0.3922497 0.4176600 0.4565758 0.4011053 0.3999579 0.4035106 0.4103489 0.5160422 0.5258786 0.5213356 0.5370837 0.5379817 0.5214313 0.4726013 0.4456358 0.5133241 0.5667932 0.5326854 0.4724947 0.4789291 0.4528058 0.4617616 0.4710841 0.4449897 0.4498096 0.4598622 0.5176521 0.4925993 0.4595640 0.4432321 0.4386082 0.5296600 0.4845957 0.5022409 0.5392938 0.5463402 0.5358792 0.5221797 0.5056782 0.5130102 0.5092013 0.5223526 0.5669419 0.6140154 
Brassica_rapa_XP_009112200.2          0.0361879 0.0336960 0.0278364 0.0315241 0.0360019 0.0405306 0.0337585 0.0407814 0.0066232 0.0000000 0.1227209 0.1087814 0.1171372 0.1085029 0.1101927 0.1278812 0.1176486 0.1120469 0.3073286 0.3278393 0.3094762 0.3068660 0.3051397 0.3330778 0.3222599 0.3147505 0.3611890 0.3524643 0.3386481 0.3560522 0.3544179 0.3404908 0.2821570 0.3167047 0.3021824 0.2944541 0.3281245 0.3188568 0.3275978 0.3159760 0.3375041 0.3545159 0.3542911 0.3986004 0.4101168 0.4180733 0.4228067 0.4232889 0.3943875 0.3876652 0.4129230 0.4094346 0.3832510 0.3582999 0.3564012 0.3600424 0.3778764 0.4035624 0.3927977 0.3934314 0.3876402 0.3733150 0.4248101 0.4185497 0.4272291 0.3830270 0.3884008 0.5645980 0.3654646 0.3651468 0.3817768 0.3656926 0.3836406 0.3672343 0.3531258 0.3740138 0.3745016 0.3854721 0.3945152 0.3686225 0.4157924 0.4095294 0.4257550 0.3922978 0.4183925 0.4567381 0.4026403 0.4026695 0.4062262 0.4094682 0.5171873 0.5270402 0.5156109 0.5382474 0.5391498 0.5225817 0.4716148 0.4426845 0.5102812 0.5636951 0.5296051 0.4669209 0.4727865 0.4472322 0.4561997 0.4655238 0.4483551 0.4531876 0.4651146 0.5146727 0.4896010 0.4566211 0.4433772 0.4387498 0.5298675 0.4839589 0.5090066 0.5462681 0.5520554 0.5328653 0.5192302 0.5027533 0.5100953 0.5062902 0.5193901 0.5681476 0.6190672 
Arabidopsis_lyrata_XP_020881551.1     0.1043440 0.0994571 0.0999079 0.1071642 0.1069787 0.1093540 0.1017319 0.1156523 0.1202310 0.1227209 0.0000000 0.0358589 0.0338799 0.0267808 0.0337733 0.0473187 0.0426583 0.0312477 0.3015655 0.3180108 0.2928758 0.2874219 0.2826814 0.3216488 0.3144728 0.3107863 0.3573280 0.3554024 0.3256938 0.3638578 0.3602939 0.3380078 0.2784807 0.3123184 0.2716748 0.2815322 0.3046429 0.2986814 0.3061410 0.2916152 0.2984983 0.3317876 0.3347411 0.3727101 0.3988369 0.4033134 0.4058613 0.4041174 0.3747814 0.3681606 0.3806917 0.3797692 0.3783877 0.3483627 0.3488113 0.3493866 0.3693580 0.3829639 0.3837818 0.3843951 0.3789304 0.3578494 0.4017667 0.3955190 0.4039196 0.3675762 0.3690039 0.5304562 0.3442229 0.3424209 0.3521549 0.3484453 0.3650555 0.3482664 0.3290048 0.3409889 0.3509561 0.3562022 0.3660361 0.3399171 0.3850618 0.3871194 0.3971599 0.3605604 0.3846508 0.4367393 0.3763734 0.3919325 0.3954497 0.4075725 0.4866117 0.5024354 0.4953071 0.5118281 0.5114756 0.5044849 0.4395957 0.4411332 0.4902665 0.5367756 0.5074725 0.4523585 0.4585132 0.4397114 0.4379199 0.4490088 0.4345198 0.4334458 0.4555127 0.5204547 0.4934483 0.4416267 0.4282135 0.4249559 0.4970800 0.4467739 0.4763244 0.5286115 0.5185726 0.4956164 0.5302671 0.5247990 0.5306513 0.5283515 0.5354188 0.5580985 0.5653174 
Arabidopsis_thaliana_NP_190539.1      0.0957324 0.0909605 0.0913655 0.0984594 0.0982923 0.1006200 0.0931331 0.1066905 0.1063504 0.1087814 0.0358589 0.0000000 0.0316820 0.0245956 0.0359461 0.0478727 0.0431625 0.0313697 0.2883438 0.3078772 0.2871742 0.2739908 0.2705386 0.3142494 0.3035776 0.2986484 0.3408513 0.3362844 0.3151133 0.3519093 0.3484402 0.3276086 0.2588508 0.2931299 0.2584041 0.2625417 0.2996908 0.2901611 0.2923045 0.2787496 0.2742768 0.3148130 0.3177509 0.3667740 0.3815808 0.3855911 0.3904917 0.3887806 0.3563073 0.3497656 0.3763772 0.3739458 0.3657062 0.3322851 0.3327101 0.3357537 0.3539235 0.3693664 0.3721995 0.3727931 0.3669160 0.3517369 0.3920694 0.3858491 0.3941995 0.3582532 0.3594555 0.5223357 0.3331475 0.3313133 0.3441874 0.3357734 0.3569507 0.3401479 0.3209505 0.3296906 0.3348508 0.3532262 0.3630730 0.3365837 0.3844029 0.3805780 0.3993562 0.3599808 0.3806894 0.4312651 0.3521202 0.3882542 0.3917981 0.3930310 0.4896353 0.5048726 0.4966187 0.5142445 0.5150735 0.5069304 0.4346302 0.4295444 0.4816562 0.5254767 0.5011077 0.4379508 0.4505642 0.4254164 0.4254347 0.4364087 0.4153465 0.4206527 0.4336354 0.5065624 0.4743204 0.4296351 0.4210401 0.4163371 0.4921463 0.4449792 0.4530032 0.4977474 0.4985757 0.4850836 0.5095774 0.5047841 0.5105824 0.5083825 0.5152167 0.5416602 0.5680634 
Brassica_oleracea_XP_013593400.1      0.1020348 0.0971128 0.0992169 0.1040298 0.1063062 0.1086884 0.1010439 0.1055418 0.1195958 0.1171372 0.0338799 0.0316820 0.0000000 0.0067254 0.0202771 0.0297331 0.0230101 0.0339163 0.2903369 0.3101571 0.2812857 0.2753528 0.2706102 0.3111411 0.3003766 0.3003786 0.3432801 0.3391380 0.3155414 0.3518384 0.3483289 0.3328106 0.2712389 0.2947654 0.2607692 0.2612939 0.2875183 0.2758268 0.2853588 0.2715099 0.2875833 0.3289893 0.3319753 0.3613387 0.3862658 0.3904430 0.3932358 0.3914994 0.3561290 0.3494965 0.3596545 0.3618259 0.3765372 0.3421295 0.3425738 0.3456612 0.3663733 0.3760786 0.3758434 0.3764500 0.3703599 0.3639349 0.3979263 0.3916018 0.4001003 0.3615057 0.3647623 0.5255171 0.3448707 0.3430347 0.3511831 0.3404385 0.3607764 0.3483037 0.3235764 0.3377322 0.3516330 0.3583106 0.3704236 0.3375703 0.3842542 0.3788021 0.3895306 0.3648350 0.3802251 0.4249849 0.3554434 0.3962630 0.3998557 0.4018798 0.4883045 0.5028239 0.4944691 0.5152267 0.5131629 0.5069952 0.4315794 0.4283395 0.4785557 0.5256224 0.5000941 0.4445271 0.4532739 0.4250802 0.4297676 0.4412148 0.4290963 0.4281880 0.4400963 0.5056255 0.4727352 0.4216628 0.4260787 0.4212953 0.5066554 0.4458482 0.4747330 0.5236625 0.5174190 0.4986915 0.5089553 0.5035688 0.5139141 0.5072194 0.5113350 0.5403981 0.5510797 
Brassica_rapa_XP_009136516.1          0.0952897 0.0904592 0.0908674 0.0956206 0.0978794 0.1002346 0.0926555 0.1014784 0.1109300 0.1085029 0.0267808 0.0245956 0.0067254 0.0000000 0.0133574 0.0226013 0.0180198 0.0268089 0.2877368 0.3073057 0.2787999 0.2731867 0.2685285 0.3121950 0.3015251 0.2977994 0.3412220 0.3371132 0.3138355 0.3496449 0.3461931 0.3308936 0.2655599 0.2921241 0.2552264 0.2645071 0.2906259 0.2812250 0.2884974 0.2747539 0.2889647 0.3309703 0.3339284 0.3620401 0.3894770 0.3937045 0.3964185 0.3946907 0.3562857 0.3497095 0.3622854 0.3613864 0.3766102 0.3425369 0.3429773 0.3460347 0.3674656 0.3809215 0.3839152 0.3845324 0.3784515 0.3646385 0.4007805 0.3945100 0.4029399 0.3646958 0.3678975 0.5273671 0.3378051 0.3359770 0.3411613 0.3366809 0.3550501 0.3382515 0.3184542 0.3316830 0.3418405 0.3517718 0.3616154 0.3293336 0.3847921 0.3818887 0.3931088 0.3588007 0.3838434 0.4379404 0.3623611 0.4003627 0.4039360 0.4032240 0.4934236 0.5078454 0.4995524 0.5172358 0.5180767 0.5067538 0.4348883 0.4334364 0.4812410 0.5302974 0.4988392 0.4414570 0.4497750 0.4222342 0.4304105 0.4417509 0.4306932 0.4297949 0.4406316 0.5055668 0.4729694 0.4232113 0.4264385 0.4216939 0.5021559 0.4483132 0.4702076 0.5173721 0.5156707 0.4934109 0.5088648 0.5035276 0.5093493 0.5071454 0.5145128 0.5408567 0.5634451 
Eutrema_salsugineum_XP_006404112.1    0.0995167 0.0947005 0.0951250 0.0998607 0.1021060 0.1044516 0.0969152 0.1057360 0.1126083 0.1101927 0.0337733 0.0359461 0.0202771 0.0133574 0.0000000 0.0314322 0.0268462 0.0313068 0.2957106 0.3153605 0.2867346 0.2770882 0.2737538 0.3165317 0.3058721 0.3012449 0.3472413 0.3321391 0.3257445 0.3499185 0.3480491 0.3343944 0.2727793 0.3022433 0.2621298 0.2716824 0.2980312 0.2885649 0.2959301 0.2796672 0.2991954 0.3356710 0.3386376 0.3705569 0.3920142 0.3963080 0.3989767 0.3972448 0.3598396 0.3532594 0.3712428 0.3680647 0.3811979 0.3459108 0.3463552 0.3494110 0.3704349 0.3842645 0.3890083 0.3896339 0.3835421 0.3543302 0.3981950 0.3919459 0.4003436 0.3574813 0.3654312 0.5184499 0.3386456 0.3368284 0.3413922 0.3390058 0.3562665 0.3394585 0.3224864 0.3335727 0.3397911 0.3516771 0.3615267 0.3292309 0.3858574 0.3844563 0.3935398 0.3600798 0.3915748 0.4435638 0.3611479 0.3949511 0.3984964 0.4003807 0.4893497 0.5051924 0.4954112 0.5131233 0.5139499 0.5057818 0.4326470 0.4388701 0.4826864 0.5337587 0.5007093 0.4491684 0.4570138 0.4298576 0.4351500 0.4465421 0.4316634 0.4307637 0.4447049 0.5127415 0.4798159 0.4294934 0.4282676 0.4263023 0.5017982 0.4533979 0.4699262 0.5125270 0.5207362 0.4921989 0.5144872 0.5079930 0.5138230 0.5077214 0.5214281 0.5375691 0.5641753 
Brassica_oleracea_XP_013603583.1      0.1144151 0.1046924 0.1100417 0.1148124 0.1170549 0.1194129 0.1118683 0.1208645 0.1303193 0.1278812 0.0473187 0.0478727 0.0297331 0.0226013 0.0314322 0.0000000 0.0178304 0.0408364 0.3113213 0.3313489 0.3021705 0.2883384 0.2883899 0.3314814 0.3210156 0.3200808 0.3524304 0.3477670 0.3247644 0.3663096 0.3630150 0.3523575 0.2815598 0.3151378 0.2718343 0.2866446 0.3120839 0.3024186 0.3132362 0.2992906 0.3076061 0.3553813 0.3583859 0.3837881 0.4068764 0.4115661 0.4139697 0.4122127 0.3777607 0.3710916 0.3840598 0.3831272 0.3933192 0.3599236 0.3603886 0.3634748 0.3840930 0.3996571 0.3937679 0.4004929 0.3943165 0.3821159 0.4132896 0.4069626 0.4154859 0.3822622 0.3800958 0.5308356 0.3545425 0.3519815 0.3499161 0.3598943 0.3647440 0.3458856 0.3376778 0.3402585 0.3627381 0.3712273 0.3811965 0.3444393 0.4048504 0.3982812 0.4098363 0.3751850 0.3884127 0.4602770 0.3912029 0.4178154 0.4214261 0.4128815 0.4871285 0.5015009 0.4945738 0.5072457 0.5080557 0.5036803 0.4538552 0.4534792 0.5005159 0.5452923 0.5162127 0.4628186 0.4698457 0.4433712 0.4498126 0.4612904 0.4500789 0.4491783 0.4444400 0.5164230 0.4850790 0.4304366 0.4477084 0.4437469 0.5279021 0.4742195 0.4909437 0.5393207 0.5366307 0.4966556 0.5193381 0.5126796 0.5213035 0.5190462 0.5323527 0.5473564 0.5713790 
Brassica_rapa_XP_009149709.1          0.0995390 0.0947214 0.0999850 0.1047274 0.1069697 0.1093172 0.1017864 0.1057604 0.1200717 0.1176486 0.0426583 0.0431625 0.0230101 0.0180198 0.0268462 0.0178304 0.0000000 0.0315996 0.3003113 0.3200824 0.2912789 0.2800504 0.2735465 0.3136382 0.3086527 0.3047442 0.3371200 0.3323871 0.3097373 0.3471434 0.3472798 0.3335641 0.2749179 0.2984513 0.2558017 0.2693566 0.3028643 0.2933214 0.3007731 0.2869091 0.2857123 0.3352345 0.3382012 0.3756535 0.4025178 0.4071034 0.4095914 0.4078371 0.3695700 0.3629224 0.3757682 0.3748465 0.3821733 0.3490518 0.3495008 0.3525619 0.3730084 0.3911155 0.3835130 0.3901709 0.3840622 0.3727842 0.4069969 0.4006957 0.4091755 0.3773125 0.3752061 0.5314366 0.3530453 0.3512396 0.3449587 0.3461855 0.3476773 0.3371582 0.3289350 0.3360928 0.3527712 0.3522523 0.3621104 0.3254476 0.3946288 0.3916460 0.4030363 0.3686552 0.3877067 0.4465375 0.3783142 0.3994027 0.4029563 0.4034627 0.4899992 0.5043848 0.4974504 0.5170346 0.5178741 0.5065610 0.4485642 0.4479503 0.4893440 0.5265725 0.4999730 0.4559579 0.4658674 0.4365708 0.4484677 0.4599174 0.4362625 0.4353627 0.4398338 0.5092573 0.4781072 0.4229905 0.4367030 0.4328111 0.5121393 0.4604615 0.4815780 0.5352075 0.5337785 0.4870606 0.5087477 0.5034286 0.5092312 0.5070350 0.5200204 0.5512496 0.5543035 
Capsella_rubella_XP_006293030.1       0.1014088 0.0966008 0.0970332 0.1041746 0.1039971 0.1063377 0.0988232 0.1093895 0.1096041 0.1120469 0.0312477 0.0313697 0.0339163 0.0268089 0.0313068 0.0408364 0.0315996 0.0000000 0.2999785 0.3196720 0.2931575 0.2831827 0.2796588 0.3214105 0.3106870 0.3048320 0.3540481 0.3452130 0.3256107 0.3635043 0.3599290 0.3437275 0.2798835 0.3151239 0.2686858 0.2841994 0.3170091 0.3073652 0.3092372 0.2945897 0.2919871 0.3379553 0.3409363 0.3720277 0.3950419 0.3994360 0.4020620 0.4003173 0.3715002 0.3648612 0.3831346 0.3799402 0.3774875 0.3496477 0.3500986 0.3531679 0.3742860 0.3822786 0.3799919 0.3866374 0.3805423 0.3614436 0.3997031 0.3934317 0.4018613 0.3569244 0.3668160 0.5418355 0.3465973 0.3447920 0.3495994 0.3474970 0.3602668 0.3437881 0.3321297 0.3280593 0.3488809 0.3560163 0.3659060 0.3396086 0.3887041 0.3870059 0.3963773 0.3626591 0.3830087 0.4405907 0.3776926 0.3993544 0.4029224 0.4032330 0.4824705 0.4982037 0.4885238 0.5093798 0.5101933 0.5020388 0.4360882 0.4464180 0.4945328 0.5296321 0.5023196 0.4553552 0.4638651 0.4426560 0.4377550 0.4488568 0.4296449 0.4287456 0.4460544 0.5087267 0.4760459 0.4382328 0.4219183 0.4223780 0.5042549 0.4563729 0.4762142 0.5240822 0.5236325 0.4935607 0.5275936 0.5208558 0.5266976 0.5244175 0.5330627 0.5630537 0.5567325 
Arabidopsis_lyrata_XP_020875639.1     0.3046645 0.2989286 0.2964381 0.2991297 0.2985856 0.2913687 0.2913498 0.3110975 0.3100677 0.3073286 0.3015655 0.2883438 0.2903369 0.2877368 0.2957106 0.3113213 0.3003113 0.2999785 0.0000000 0.0369627 0.0626049 0.0859639 0.0877265 0.1052015 0.0887768 0.0896672 0.2348807 0.2357376 0.2143246 0.2445982 0.2292670 0.2043076 0.2664663 0.2389692 0.2633294 0.2318531 0.2887130 0.2837573 0.2721612 0.2742139 0.2678903 0.2890909 0.2919536 0.3722990 0.3816321 0.3855663 0.3951730 0.3903245 0.3684321 0.3622032 0.3521880 0.3497933 0.3264588 0.3186080 0.3213649 0.3185326 0.3169436 0.3064569 0.3300936 0.3278972 0.3292013 0.3178698 0.3143908 0.3118269 0.3125370 0.2937372 0.2994289 0.4581723 0.3733525 0.3718711 0.3412451 0.3389007 0.3568547 0.3411695 0.3147195 0.3474841 0.3380263 0.3547688 0.3637415 0.3457660 0.3558631 0.3730234 0.3928960 0.3721374 0.3988447 0.4041301 0.4200465 0.3828138 0.3863936 0.3348973 0.4481020 0.4585205 0.4529554 0.4706857 0.4784013 0.4746253 0.4171316 0.4164969 0.4270945 0.4791731 0.4384484 0.3897319 0.3979349 0.3745791 0.3777390 0.3754616 0.3862072 0.3895377 0.4240894 0.4806145 0.4514035 0.4209920 0.4262421 0.4207207 0.4445665 0.4402510 0.4703124 0.5228993 0.4977382 0.5079185 0.4951862 0.5031344 0.5039561 0.4982917 0.4982319 0.5270654 0.5895838 
Arabidopsis_thaliana_NP_195491.1      0.3199660 0.3141477 0.3062372 0.3089526 0.3077995 0.3065284 0.3064708 0.3159249 0.3306153 0.3278393 0.3180108 0.3078772 0.3101571 0.3073057 0.3153605 0.3313489 0.3200824 0.3196720 0.0369627 0.0000000 0.0629612 0.0964700 0.0982626 0.1158367 0.0992460 0.0969687 0.2491458 0.2505604 0.2283524 0.2579517 0.2442436 0.2136556 0.2888306 0.2556138 0.2761492 0.2487137 0.3063069 0.3012761 0.2867231 0.2917695 0.2861255 0.3129761 0.3159013 0.3863785 0.3991979 0.4036212 0.4129578 0.4080123 0.3862981 0.3799520 0.3694070 0.3669780 0.3536099 0.3481760 0.3510711 0.3480543 0.3393123 0.3369501 0.3466927 0.3444744 0.3499419 0.3465922 0.3447592 0.3383691 0.3428800 0.3207536 0.3241688 0.4853172 0.3968496 0.3953168 0.3689879 0.3672337 0.3781621 0.3625066 0.3404311 0.3806787 0.3736812 0.3819314 0.3905779 0.3700216 0.3741449 0.3947076 0.4040771 0.3928662 0.4159819 0.4269355 0.4362919 0.4075799 0.4112380 0.3513585 0.4666909 0.4771540 0.4695495 0.4869560 0.4947647 0.4841789 0.4375076 0.4282164 0.4405501 0.4900700 0.4476216 0.4144055 0.4250086 0.3989105 0.3972368 0.4026738 0.4042596 0.4076877 0.4360320 0.5030928 0.4779325 0.4568003 0.4390918 0.4334595 0.4602719 0.4635691 0.4879475 0.5414079 0.5181332 0.5299826 0.5198860 0.5229621 0.5238204 0.5182049 0.5222262 0.5427086 0.5900021 
Capsella_rubella_XP_006282592.1       0.2904665 0.2905653 0.2880769 0.2907432 0.2902164 0.2887317 0.2874812 0.3025286 0.3122054 0.3094762 0.2928758 0.2871742 0.2812857 0.2787999 0.2867346 0.3021705 0.2912789 0.2931575 0.0626049 0.0629612 0.0000000 0.0983502 0.1018227 0.1142353 0.1027695 0.0964424 0.2363519 0.2401505 0.2185264 0.2353195 0.2201983 0.2047698 0.2568549 0.2306882 0.2548533 0.2343005 0.2981640 0.2904159 0.2898544 0.2828157 0.2764970 0.2874070 0.2902687 0.3524538 0.3754609 0.3792447 0.3889911 0.3852924 0.3631486 0.3569416 0.3460962 0.3414981 0.3420367 0.3196653 0.3224202 0.3304928 0.3320585 0.3224842 0.3436271 0.3414235 0.3432369 0.3411164 0.3365904 0.3339865 0.3347180 0.3150938 0.3200064 0.4585496 0.3652447 0.3637888 0.3510730 0.3363412 0.3451909 0.3294809 0.3036825 0.3425560 0.3409320 0.3665305 0.3754880 0.3459655 0.3405414 0.3622039 0.3659913 0.3582391 0.3789771 0.4100665 0.4214254 0.3784417 0.3819970 0.3394661 0.4534893 0.4647692 0.4562744 0.4765190 0.4886997 0.4825223 0.4236347 0.4269649 0.4462641 0.4879086 0.4495247 0.4020714 0.4116200 0.3878367 0.3924056 0.4017105 0.3991294 0.4025277 0.4436697 0.4787535 0.4577504 0.4405330 0.4292376 0.4237367 0.4542692 0.4397367 0.4719380 0.5243454 0.5035231 0.5052178 0.4935084 0.4997909 0.5006010 0.4944853 0.4968545 0.5421778 0.5934460 
Brassica_oleracea_XP_013583494.1      0.2959986 0.2903001 0.2910781 0.2937548 0.2932215 0.2931472 0.2860319 0.3023023 0.3096036 0.3068660 0.2874219 0.2739908 0.2753528 0.2731867 0.2770882 0.2883384 0.2800504 0.2831827 0.0859639 0.0964700 0.0983502 0.0000000 0.0155612 0.0719297 0.0577919 0.0658561 0.2480272 0.2466239 0.2277303 0.2347368 0.2305035 0.2230348 0.2678927 0.2894712 0.2726344 0.2472247 0.3079755 0.3030049 0.2914767 0.2849301 0.2877946 0.3075931 0.3104697 0.3849376 0.3864558 0.3871580 0.4000763 0.3956183 0.3791261 0.3728437 0.3601041 0.3577072 0.3363803 0.3359485 0.3387576 0.3358342 0.3316368 0.3199752 0.3528241 0.3506094 0.3494866 0.3309953 0.3365147 0.3339068 0.3346394 0.3155715 0.3191266 0.4648877 0.3840092 0.3847567 0.3692593 0.3542731 0.3615175 0.3479745 0.3179935 0.3554375 0.3448063 0.3709152 0.3800464 0.3515995 0.3579447 0.3779361 0.3850408 0.3607178 0.4028771 0.4185462 0.3927782 0.3977000 0.4013086 0.3408969 0.4678947 0.4793367 0.4693659 0.4965574 0.5039250 0.5017226 0.4302107 0.4330372 0.4347043 0.4790072 0.4447882 0.4007334 0.4069577 0.3877754 0.4096351 0.4151209 0.4087448 0.4091075 0.4273916 0.4906531 0.4693380 0.4525643 0.4435989 0.4379857 0.4557980 0.4443074 0.4729344 0.5075231 0.4862789 0.4883482 0.5122158 0.5131216 0.5189945 0.5142148 0.5157606 0.5301108 0.5783786 
Brassica_rapa_XP_009133375.1          0.2885718 0.2864040 0.2894067 0.2920755 0.2915462 0.2914725 0.2843798 0.3005819 0.3078699 0.3051397 0.2826814 0.2705386 0.2706102 0.2685285 0.2737538 0.2883899 0.2735465 0.2796588 0.0877265 0.0982626 0.1018227 0.0155612 0.0000000 0.0750644 0.0607593 0.0712190 0.2503963 0.2489872 0.2273603 0.2336912 0.2282303 0.2265168 0.2674842 0.2914302 0.2743245 0.2500627 0.3084828 0.3059911 0.2927967 0.2862298 0.2880533 0.3133620 0.3162559 0.3884394 0.3912197 0.3888391 0.4049203 0.4004305 0.3838605 0.3775368 0.3678569 0.3641918 0.3375283 0.3370900 0.3399042 0.3369732 0.3347632 0.3205262 0.3543078 0.3520905 0.3509534 0.3264443 0.3346611 0.3320478 0.3327810 0.3136688 0.3172473 0.4551752 0.3818543 0.3825992 0.3702138 0.3514719 0.3597175 0.3520169 0.3216246 0.3519853 0.3459756 0.3724075 0.3786187 0.3530551 0.3557216 0.3795620 0.3866687 0.3612055 0.4039150 0.4136488 0.3898691 0.3925053 0.3961014 0.3363130 0.4681402 0.4779218 0.4696173 0.4969655 0.5043622 0.5021106 0.4337279 0.4275858 0.4383162 0.4789543 0.4454830 0.3920554 0.3989872 0.3791584 0.4045959 0.4100707 0.4059662 0.4063257 0.4255217 0.4851827 0.4639096 0.4484868 0.4426335 0.4370234 0.4575537 0.4434406 0.4672074 0.4992228 0.4836884 0.4879829 0.5059684 0.5155615 0.5186085 0.5161702 0.5149937 0.5243235 0.5729035 
Brassica_oleracea_XP_013626320.1      0.3252294 0.3193969 0.3200159 0.3227434 0.3221575 0.3220752 0.3148054 0.3331332 0.3358558 0.3330778 0.3216488 0.3142494 0.3111411 0.3121950 0.3165317 0.3314814 0.3136382 0.3214105 0.1052015 0.1158367 0.1142353 0.0719297 0.0750644 0.0000000 0.0292281 0.0847394 0.2639636 0.2587074 0.2416846 0.2588660 0.2489152 0.2355465 0.2875019 0.2993402 0.2845563 0.2660644 0.3252430 0.3201980 0.3111943 0.3045389 0.2937666 0.3078032 0.3084701 0.3773754 0.3793379 0.3803075 0.3935787 0.3891307 0.3757948 0.3695085 0.3653207 0.3572500 0.3662683 0.3688444 0.3717636 0.3686546 0.3558243 0.3470329 0.3702197 0.3679955 0.3621451 0.3485201 0.3567740 0.3517749 0.3525204 0.3321278 0.3380634 0.4960500 0.3842834 0.3879652 0.3842915 0.3640309 0.3751164 0.3636323 0.3457762 0.3914606 0.3683007 0.3904681 0.3971496 0.3794759 0.3814958 0.4035416 0.4078261 0.3895652 0.4299127 0.4224466 0.4299079 0.3922066 0.3938495 0.3313119 0.4721812 0.4862803 0.4732168 0.4971077 0.5044615 0.4935560 0.4313886 0.4320522 0.4406103 0.5002047 0.4555192 0.4026683 0.4112592 0.3896677 0.4190389 0.4285951 0.4193871 0.4173052 0.4427862 0.4822120 0.4609675 0.4600744 0.4506488 0.4445624 0.4459939 0.4391069 0.4688348 0.5163291 0.4954691 0.4905583 0.5100018 0.5179305 0.5121297 0.5097121 0.5066704 0.5237338 0.5888485 
Brassica_rapa_XP_009109390.1          0.3145044 0.3086956 0.3093182 0.3120361 0.3114677 0.3113880 0.3041497 0.3211200 0.3250349 0.3222599 0.3144728 0.3035776 0.3003766 0.3015251 0.3058721 0.3210156 0.3086527 0.3106870 0.0887768 0.0992460 0.1027695 0.0577919 0.0607593 0.0292281 0.0000000 0.0679835 0.2482949 0.2438714 0.2272177 0.2449554 0.2351361 0.2207489 0.2797420 0.2924647 0.2777150 0.2592360 0.3161591 0.3111387 0.3005114 0.2938961 0.2869662 0.3089471 0.3096193 0.3834945 0.3855101 0.3895889 0.3998326 0.3953504 0.3781455 0.3718390 0.3712182 0.3630915 0.3482812 0.3509216 0.3537848 0.3507730 0.3406110 0.3328953 0.3582668 0.3560497 0.3532700 0.3368659 0.3427675 0.3377887 0.3385228 0.3169662 0.3229938 0.4802319 0.3805598 0.3849107 0.3762917 0.3530502 0.3680937 0.3534617 0.3355359 0.3703668 0.3550201 0.3802689 0.3869653 0.3643477 0.3693969 0.3912450 0.3951476 0.3769444 0.4222569 0.4167000 0.4106464 0.3890903 0.3926661 0.3244164 0.4670507 0.4786416 0.4684869 0.4924617 0.4998469 0.4888838 0.4280674 0.4310806 0.4358938 0.4863726 0.4373603 0.3907967 0.4062482 0.3779167 0.4048617 0.4103208 0.4103100 0.4070208 0.4292804 0.4762863 0.4566969 0.4518836 0.4433057 0.4396158 0.4456985 0.4483466 0.4678770 0.5155832 0.4903128 0.4917126 0.5074569 0.5134046 0.5071459 0.5082732 0.5168634 0.5082468 0.6117214 
Eutrema_salsugineum_XP_006411853.1    0.3168548 0.3110628 0.3110843 0.3137992 0.3132289 0.3117593 0.3059169 0.3234742 0.3175039 0.3147505 0.3107863 0.2986484 0.3003786 0.2977994 0.3012449 0.3200808 0.3047442 0.3048320 0.0896672 0.0969687 0.0964424 0.0658561 0.0712190 0.0847394 0.0679835 0.0000000 0.2450647 0.2441154 0.2300886 0.2400803 0.2362277 0.2158251 0.2771952 0.2836349 0.2764392 0.2510094 0.3136653 0.3086697 0.2925204 0.2888083 0.2781526 0.3145513 0.3143575 0.3800638 0.3779973 0.3818500 0.3980835 0.3936319 0.3712204 0.3649592 0.3584096 0.3549868 0.3451611 0.3446812 0.3475198 0.3445471 0.3378106 0.3322695 0.3506636 0.3484553 0.3504581 0.3259882 0.3439228 0.3413683 0.3421078 0.3192280 0.3262585 0.4881905 0.3796741 0.3750538 0.3683900 0.3488137 0.3650219 0.3484939 0.3187431 0.3690199 0.3570610 0.3676811 0.3768669 0.3514201 0.3655497 0.3872573 0.3892978 0.3729006 0.4089088 0.4231774 0.4120298 0.3903195 0.3938749 0.3486917 0.4868760 0.4986409 0.4821805 0.5087131 0.5160704 0.5030881 0.4336024 0.4492482 0.4425115 0.4808019 0.4454246 0.3954053 0.4069356 0.3802079 0.4136478 0.4174962 0.4083227 0.4043371 0.4375680 0.4910868 0.4697245 0.4605884 0.4487796 0.4494790 0.4630112 0.4576710 0.4771828 0.5314870 0.5099955 0.5123908 0.5081829 0.5027444 0.5011401 0.5037829 0.5145033 0.5256470 0.6145327 
Arabidopsis_lyrata_XP_020883029.1     0.3520684 0.3552773 0.3522766 0.3561230 0.3608173 0.3645372 0.3630159 0.3673100 0.3639708 0.3611890 0.3573280 0.3408513 0.3432801 0.3412220 0.3472413 0.3524304 0.3371200 0.3540481 0.2348807 0.2491458 0.2363519 0.2480272 0.2503963 0.2639636 0.2482949 0.2450647 0.0000000 0.0771139 0.0937593 0.1268749 0.1194088 0.1164459 0.3227240 0.3324498 0.3229867 0.3098090 0.3535427 0.3431733 0.3500481 0.3466255 0.3429515 0.3397182 0.3371245 0.4312412 0.4562340 0.4618325 0.4731230 0.4678413 0.4328283 0.4260891 0.4378167 0.4370102 0.3860803 0.3611893 0.3618371 0.3671472 0.3796652 0.3777168 0.3877959 0.3898834 0.3892732 0.3798544 0.3722276 0.3650045 0.3705525 0.3453112 0.3499455 0.4871076 0.4375093 0.4422159 0.3969787 0.4067804 0.3907442 0.3810395 0.3709321 0.3750788 0.3832456 0.3953270 0.4065297 0.3793478 0.4014786 0.4282157 0.4414015 0.4153857 0.4258084 0.4696249 0.4306483 0.4409937 0.4447177 0.4132575 0.5419734 0.5520890 0.5467488 0.5733816 0.5817760 0.5687170 0.5005830 0.4868815 0.5115982 0.5437943 0.5538618 0.4969525 0.5220231 0.4841950 0.4922449 0.4987511 0.4766892 0.4776492 0.5102997 0.5277152 0.5045560 0.4660019 0.4731970 0.4742724 0.5194224 0.5018333 0.5258006 0.5910286 0.5639667 0.5235251 0.5281751 0.5362715 0.5343679 0.5361657 0.5618017 0.5754025 0.6338576 
Arabidopsis_thaliana_NP_179866.1      0.3403424 0.3435353 0.3405393 0.3443411 0.3490517 0.3555423 0.3540157 0.3530617 0.3552517 0.3524643 0.3554024 0.3362844 0.3391380 0.3371132 0.3321391 0.3477670 0.3323871 0.3452130 0.2357376 0.2505604 0.2401505 0.2466239 0.2489872 0.2587074 0.2438714 0.2441154 0.0771139 0.0000000 0.0962721 0.1418204 0.1317951 0.1176282 0.3340371 0.3438686 0.3271706 0.3194557 0.3619180 0.3550341 0.3623500 0.3552042 0.3380195 0.3505754 0.3479377 0.4275526 0.4422803 0.4510480 0.4543641 0.4494161 0.4206077 0.4139271 0.4234919 0.4215330 0.3848504 0.3656379 0.3664084 0.3716396 0.3829525 0.3869333 0.3956958 0.3977815 0.3974600 0.3804146 0.3879692 0.3806539 0.3863101 0.3556816 0.3683252 0.5310603 0.4317006 0.4331399 0.4014734 0.4013606 0.3900583 0.3833104 0.3774221 0.3858583 0.3820040 0.3886317 0.3997374 0.3741422 0.4182348 0.4422914 0.4548705 0.4288628 0.4145854 0.4811559 0.4317579 0.4505212 0.4542839 0.4148816 0.5215853 0.5327253 0.5252202 0.5508502 0.5592556 0.5587327 0.4844833 0.4919418 0.5102924 0.5335701 0.5331002 0.4791712 0.4933481 0.4664640 0.4865198 0.4930179 0.4676599 0.4698954 0.4843015 0.5435483 0.5177610 0.4657883 0.4842225 0.4802858 0.5260524 0.5084334 0.5198073 0.5857246 0.5588284 0.5385225 0.5169809 0.5410899 0.5343697 0.5324210 0.5509871 0.5778127 0.6222162 
Capsella_rubella_XP_006294127.1       0.3236622 0.3274822 0.3274879 0.3312159 0.3359165 0.3421439 0.3408389 0.3389560 0.3414169 0.3386481 0.3256938 0.3151133 0.3155414 0.3138355 0.3257445 0.3247644 0.3097373 0.3256107 0.2143246 0.2283524 0.2185264 0.2277303 0.2273603 0.2416846 0.2272177 0.2300886 0.0937593 0.0962721 0.0000000 0.1317983 0.1207109 0.1088744 0.3072729 0.3131457 0.3008618 0.2890524 0.3173438 0.3122785 0.3246493 0.3214843 0.3158823 0.3222993 0.3197421 0.4106292 0.4203974 0.4247434 0.4366347 0.4317954 0.3968226 0.3903997 0.4012541 0.3999327 0.3601146 0.3344681 0.3341976 0.3403822 0.3624300 0.3548583 0.3692746 0.3713694 0.3742935 0.3573586 0.3520137 0.3448726 0.3503078 0.3297521 0.3364493 0.4888448 0.3954859 0.3977014 0.3698797 0.3707791 0.3598280 0.3534923 0.3445287 0.3606362 0.3624334 0.3691155 0.3735101 0.3565673 0.3748459 0.3968504 0.4067613 0.3880500 0.3946264 0.4430612 0.4073041 0.4187066 0.4223433 0.3855533 0.5041753 0.5138398 0.5077987 0.5354748 0.5437687 0.5333135 0.4715731 0.4735083 0.4862057 0.5135094 0.4912774 0.4768745 0.4984537 0.4542428 0.4633169 0.4728122 0.4590638 0.4571764 0.4728748 0.5163275 0.4997173 0.4419901 0.4512114 0.4483755 0.5128024 0.4924795 0.4838370 0.5356820 0.5209850 0.5043614 0.4860481 0.4934022 0.4902626 0.4943391 0.5101682 0.5556303 0.6171738 
Brassica_oleracea_XP_013634609.1      0.3416510 0.3450279 0.3476262 0.3514983 0.3504220 0.3598072 0.3584712 0.3627677 0.3613237 0.3560522 0.3638578 0.3519093 0.3518384 0.3496449 0.3499185 0.3663096 0.3471434 0.3635043 0.2445982 0.2579517 0.2353195 0.2347368 0.2336912 0.2588660 0.2449554 0.2400803 0.1268749 0.1418204 0.1317983 0.0000000 0.0218537 0.1053528 0.3229884 0.3161717 0.3075087 0.2917542 0.3509475 0.3476342 0.3385823 0.3371636 0.3208946 0.3301488 0.3275787 0.4185661 0.4255452 0.4276147 0.4386849 0.4344767 0.4028671 0.3934892 0.4158681 0.4115547 0.3665617 0.3445633 0.3406657 0.3468093 0.3687635 0.3682862 0.3866860 0.3832680 0.3895831 0.3711035 0.3672579 0.3600533 0.3558654 0.3396277 0.3462819 0.4693548 0.4247644 0.4252583 0.3861028 0.3917766 0.3888538 0.3789487 0.3655579 0.3795191 0.3631515 0.3961634 0.4070650 0.3841028 0.3768574 0.3976118 0.4094008 0.3815115 0.4093903 0.4283093 0.3963305 0.4020068 0.4056128 0.4004208 0.5278990 0.5450156 0.5309055 0.5635385 0.5719671 0.5651811 0.4920495 0.4977875 0.5069006 0.5332481 0.5196646 0.4785183 0.5028374 0.4647827 0.4866266 0.4940393 0.4800758 0.4778453 0.4815857 0.5342988 0.5097736 0.4637382 0.4692361 0.4793985 0.5126582 0.4905523 0.5007903 0.5726004 0.5415242 0.5026377 0.5146100 0.5272796 0.5216671 0.5272871 0.5398672 0.5802047 0.6217598 
