108
Arabidopsis_lyrata_XP_020879120.1     0.0000000 0.0160625 0.0299630 0.0506540 0.0633391 0.0578833 0.0784436 0.0784902 0.3597195 0.2961708 0.3493807 0.3518099 0.4082101 0.4389904 0.3363109 0.3759102 0.3978959 0.3978959 0.3976853 0.3976853 0.3767879 0.3767879 0.4635073 0.2707157 0.3041024 0.3313767 0.3614132 0.3428326 0.3401683 0.3428326 0.3346313 0.3496168 0.3705890 0.3529278 0.3075340 0.3518221 0.3180499 0.3214491 0.2997888 0.3106458 0.3158498 0.4212956 0.4350107 0.4009929 0.4253381 0.4016226 0.4879021 0.3493212 0.4054006 0.3733578 0.4124478 0.3820507 0.3658091 0.3802002 0.3676502 0.3820781 0.3820781 0.3820781 0.3976852 0.3980417 0.3980417 0.3962893 0.3962893 0.3935746 0.3740173 0.3740173 0.3785200 0.3843628 0.4113639 0.5923841 0.6179314 0.6665312 0.3632408 0.6255067 0.6255067 0.6492713 0.8043037 0.5393324 0.4042880 0.4115623 0.4250930 0.4014347 0.4013359 0.4035770 0.5773801 0.5840351 0.6362515 0.6004213 0.6037877 0.5872202 0.6028907 0.6028907 0.6027138 0.6041291 0.5954551 0.5815784 0.5913028 0.5777791 0.5886599 0.3870019 0.3869673 0.6619629 0.6052089 0.7127298 0.5917574 0.7066140 0.6241878 1.7691474 
Arabidopsis_thaliana_NP_195993.1      0.0160625 0.0000000 0.0329027 0.0505383 0.0669785 0.0619463 0.0810067 0.0810496 0.3595810 0.2929650 0.3450634 0.3486035 0.4042375 0.4335882 0.3320431 0.3810863 0.4034828 0.4034828 0.4032578 0.4032578 0.3828174 0.3828174 0.4706444 0.2687720 0.3024402 0.3294503 0.3693354 0.3482020 0.3455558 0.3482020 0.3399804 0.3568409 0.3780472 0.3607109 0.3058373 0.3472345 0.3183366 0.3223452 0.2981097 0.3101705 0.3153551 0.4198940 0.4334776 0.3967585 0.4239125 0.3973748 0.4858840 0.3561928 0.4142552 0.3702507 0.4089230 0.3782830 0.3663965 0.3797624 0.3659617 0.3866263 0.3866263 0.3866263 0.4034632 0.4038188 0.4038188 0.4019026 0.4019026 0.3979632 0.3769707 0.3769707 0.3770572 0.3819169 0.4151041 0.5998410 0.6243794 0.6737139 0.3632408 0.6318168 0.6318168 0.6562407 0.8151058 0.5513494 0.4100465 0.4147563 0.4283158 0.3975819 0.3992949 0.4015298 0.5837449 0.5901967 0.6432835 0.6069393 0.6113262 0.5955598 0.6094052 0.6094052 0.6102308 0.6091654 0.6037948 0.5834649 0.5936636 0.5796680 0.5910247 0.3877265 0.3893883 0.6649151 0.6050886 0.7127403 0.6024416 0.7191963 0.6306384 1.7691474 
Capsella_rubella_XP_023636205.1       0.0299630 0.0329027 0.0000000 0.0555252 0.0709572 0.0621031 0.0884494 0.0872067 0.3637053 0.2928496 0.3459544 0.3495196 0.4082595 0.4377675 0.3342057 0.3778329 0.3981072 0.3981072 0.3978950 0.3978950 0.3777894 0.3777894 0.4650984 0.2703367 0.3013999 0.3259324 0.3679151 0.3512482 0.3512482 0.3512482 0.3452797 0.3551102 0.3764130 0.3589278 0.3165406 0.3546759 0.3135002 0.3165204 0.2950826 0.3160239 0.3161890 0.4187067 0.4322883 0.3987237 0.4208253 0.3974075 0.4825670 0.3519935 0.4090562 0.3678503 0.4064999 0.3749693 0.3579995 0.3720944 0.3586360 0.3838364 0.3838364 0.3838364 0.3991229 0.3994809 0.3994809 0.3967091 0.3967091 0.3944007 0.3719367 0.3719367 0.3705618 0.3763893 0.4078431 0.6037604 0.6311152 0.6810267 0.3632408 0.6399459 0.6399459 0.6650952 0.8131129 0.5485806 0.3979662 0.4076650 0.4211944 0.3945859 0.3927835 0.3950131 0.5844274 0.5875161 0.6405568 0.6053440 0.6095233 0.5876010 0.6054430 0.6054430 0.6056612 0.6079269 0.5928484 0.5852955 0.5962646 0.5814650 0.5935972 0.3920055 0.3922573 0.6588809 0.6107760 0.7200128 0.6002533 0.7170652 0.6202733 1.7691474 
Eutrema_salsugineum_XP_006398831.1    0.0506540 0.0505383 0.0555252 0.0000000 0.0526993 0.0530910 0.0739086 0.0738460 0.3633321 0.2937849 0.3406347 0.3446133 0.3983542 0.4275064 0.3275479 0.3811664 0.3962391 0.3962391 0.3960330 0.3960330 0.3742045 0.3742045 0.4603622 0.2655162 0.3104099 0.3342314 0.3592717 0.3431091 0.3402335 0.3431091 0.3389573 0.3488698 0.3718607 0.3542013 0.3184256 0.3477699 0.3126268 0.3177135 0.2966468 0.3123600 0.3159322 0.4184125 0.4280133 0.3989256 0.4224274 0.3995490 0.4887030 0.3498504 0.4080376 0.3704085 0.4071856 0.3847886 0.3712656 0.3861111 0.3691488 0.3901874 0.3901874 0.3901874 0.4064744 0.4068293 0.4068293 0.4079168 0.4079168 0.4027364 0.3813686 0.3813686 0.3791266 0.3829746 0.4143465 0.5981005 0.6294599 0.6790885 0.3583830 0.6362535 0.6362535 0.6608707 0.8138424 0.5513719 0.4136103 0.4172368 0.4331948 0.4123502 0.4114253 0.4136800 0.5843441 0.5862509 0.6357722 0.6087051 0.6133776 0.5903493 0.6123422 0.6123422 0.6136227 0.6131952 0.6000373 0.5933769 0.6110743 0.5919361 0.6084068 0.3911133 0.3927936 0.6520288 0.6115369 0.7219381 0.5931390 0.7083886 0.6432233 1.7759345 
Brassica_oleracea_XP_013611348.1      0.0633391 0.0669785 0.0709572 0.0526993 0.0000000 0.0138849 0.0835442 0.0802645 0.3786146 0.3054919 0.3491272 0.3527055 0.4051648 0.4350233 0.3379019 0.3961617 0.4023807 0.4023807 0.4040625 0.4040625 0.3834749 0.3834749 0.4720001 0.2826549 0.3108009 0.3412816 0.3655231 0.3471306 0.3444662 0.3471306 0.3429493 0.3578687 0.3781266 0.3605860 0.3205964 0.3462541 0.3255964 0.3278570 0.3075247 0.3261984 0.3277269 0.4192916 0.4291181 0.3982371 0.4263521 0.4018202 0.4904433 0.3710815 0.4328366 0.3699016 0.4070379 0.3908995 0.3740218 0.3892417 0.3695743 0.3970365 0.3970365 0.3970365 0.4049404 0.4052972 0.4052972 0.4073558 0.4073558 0.4032694 0.3848166 0.3848166 0.3909184 0.3949085 0.4223282 0.6056556 0.6210523 0.6705970 0.3640237 0.6358668 0.6358668 0.6606986 0.8278459 0.5431613 0.4160428 0.4258908 0.4412384 0.4094159 0.4056002 0.4078753 0.6011709 0.5986468 0.6505880 0.6217765 0.6285418 0.6045791 0.6254554 0.6254554 0.6287782 0.6280910 0.6143893 0.6060215 0.6203855 0.6025459 0.6181817 0.3991213 0.3988491 0.6521782 0.6224524 0.7326238 0.6071236 0.7214803 0.6348153 1.7916793 
Brassica_rapa_XP_033138477.1          0.0578833 0.0619463 0.0621031 0.0530910 0.0138849 0.0000000 0.0831818 0.0771801 0.3690646 0.2966835 0.3453030 0.3488806 0.4007121 0.4307835 0.3303075 0.3894326 0.4006934 0.4006934 0.4031526 0.4031526 0.3803930 0.3803930 0.4687233 0.2823977 0.3096627 0.3354570 0.3619621 0.3442587 0.3415800 0.3442587 0.3400732 0.3567397 0.3770228 0.3593801 0.3125059 0.3474498 0.3209539 0.3252811 0.3055882 0.3231226 0.3246523 0.4153784 0.4250169 0.3951177 0.4224176 0.3986939 0.4858390 0.3639087 0.4235678 0.3669875 0.4038419 0.3886664 0.3715490 0.3860493 0.3676086 0.3949205 0.3949205 0.3949205 0.4013521 0.4017097 0.4017097 0.4037694 0.4037694 0.4012590 0.3824638 0.3824638 0.3864682 0.3904493 0.4071424 0.6037569 0.6187035 0.6679118 0.3640237 0.6335114 0.6335114 0.6580761 0.8228906 0.5423097 0.4013833 0.4179265 0.4332247 0.4071826 0.4053315 0.4076119 0.6013334 0.5988168 0.6507078 0.6219176 0.6286956 0.6047881 0.6255919 0.6255919 0.6289323 0.6282262 0.6145827 0.6077058 0.6225169 0.6042234 0.6203078 0.3973753 0.3940304 0.6488986 0.6166998 0.7245536 0.6024119 0.7159540 0.6412016 1.7916793 
Brassica_oleracea_XP_013629528.1      0.0784436 0.0810067 0.0884494 0.0739086 0.0835442 0.0831818 0.0000000 0.0153883 0.3725719 0.3044228 0.3576454 0.3601299 0.4150479 0.4503208 0.3426194 0.3927362 0.4104968 0.4104968 0.4115709 0.4115709 0.3930175 0.3930175 0.4832691 0.2803876 0.3189651 0.3570301 0.3894325 0.3637595 0.3611173 0.3637595 0.3586000 0.3849316 0.4085077 0.3924601 0.3288233 0.3580381 0.3308923 0.3350627 0.3116601 0.3340208 0.3376966 0.4299256 0.4361220 0.4061440 0.4347372 0.4092262 0.5019434 0.3642760 0.4223821 0.3858070 0.4232532 0.4014104 0.3842636 0.3952431 0.3807873 0.4098984 0.4098984 0.4098984 0.4141664 0.4145268 0.4145268 0.4159110 0.4159110 0.4146742 0.3797836 0.3797836 0.4037347 0.4097528 0.4280236 0.6044935 0.6313212 0.6826188 0.3511488 0.6450377 0.6450377 0.6716727 0.8298747 0.5620366 0.4012321 0.4376997 0.4562572 0.4393723 0.4375042 0.4420394 0.5872183 0.5864268 0.6392650 0.6231018 0.6328954 0.6091329 0.6244078 0.6244078 0.6303736 0.6257883 0.6159222 0.5908410 0.6012155 0.5880388 0.5998554 0.4057646 0.4074831 0.6604585 0.6028477 0.7169288 0.6045232 0.7222251 0.6713671 1.7890032 
Brassica_rapa_XP_009130777.1          0.0784902 0.0810496 0.0872067 0.0738460 0.0802645 0.0771801 0.0153883 0.0000000 0.3760117 0.3033541 0.3582104 0.3606889 0.4155430 0.4506895 0.3432246 0.3973761 0.4108235 0.4108235 0.4118951 0.4118951 0.3909197 0.3909197 0.4804013 0.2818309 0.3139412 0.3525954 0.3854938 0.3604129 0.3577619 0.3604129 0.3543541 0.3785710 0.4018909 0.3855747 0.3302955 0.3535930 0.3378030 0.3420051 0.3188231 0.3393717 0.3430608 0.4382976 0.4471478 0.4140809 0.4431743 0.4172124 0.5123477 0.3683876 0.4276626 0.3912372 0.4292627 0.4057322 0.3857584 0.3979407 0.3822437 0.4052282 0.4052282 0.4052282 0.4088269 0.4091866 0.4091866 0.4105613 0.4105613 0.4093230 0.3781225 0.3781225 0.4014444 0.4074421 0.4239552 0.5932676 0.6200041 0.6697895 0.3511488 0.6322132 0.6322132 0.6574272 0.8002590 0.5632770 0.4011042 0.4388658 0.4559469 0.4356549 0.4364928 0.4410190 0.5822618 0.5895841 0.6430676 0.6178655 0.6272337 0.6031360 0.6193814 0.6193814 0.6249924 0.6207259 0.6101470 0.5955880 0.6072085 0.5917590 0.6045559 0.4019808 0.4016434 0.6552688 0.6003761 0.7130133 0.6012496 0.7179911 0.6624830 1.7835027 
Capsicum_annuum_XP_016542893.1        0.3597195 0.3595810 0.3637053 0.3633321 0.3786146 0.3690646 0.3725719 0.3760117 0.0000000 0.1462473 0.1566934 0.1571195 0.1843551 0.2158064 0.1420871 0.3099870 0.3254452 0.3252785 0.3182175 0.3180193 0.3066629 0.3064145 0.3730128 0.2771232 0.3399146 0.3657422 0.3632968 0.3259236 0.3154382 0.3151456 0.3188987 0.3642001 0.3947560 0.3808357 0.3500251 0.3520968 0.3323923 0.3279264 0.3054844 0.3154897 0.3189187 0.4337229 0.4442389 0.4082796 0.4302451 0.4029611 0.4943489 0.3499660 0.4097667 0.3785913 0.4114600 0.3764865 0.3806083 0.3839943 0.3700825 0.3319199 0.3319199 0.3335668 0.3319906 0.3286122 0.3302424 0.3269722 0.3285919 0.3300958 0.3133466 0.3142971 0.3854807 0.3844401 0.4154141 0.6283022 0.6306461 0.6738369 0.3912289 0.6412608 0.6360681 0.6620062 0.8249249 0.5130046 0.3835520 0.4553689 0.4683877 0.4388917 0.4437173 0.4442298 0.5938951 0.6176954 0.6694502 0.6651094 0.6817534 0.6594451 0.6458487 0.6458487 0.6594801 0.6060622 0.6426318 0.6256001 0.6553158 0.6272980 0.6567455 0.3974499 0.3920342 0.6300304 0.6123381 0.7272786 0.5712637 0.6942136 0.3686578 1.7850346 
Nicotiana_attenuata_XP_019250819.1    0.2961708 0.2929650 0.2928496 0.2937849 0.3054919 0.2966835 0.3044228 0.3033541 0.1462473 0.0000000 0.0950261 0.0964882 0.1144516 0.1436710 0.0765582 0.2425546 0.2493879 0.2489015 0.2460076 0.2455090 0.2359666 0.2354294 0.3040560 0.2355419 0.2775442 0.3060667 0.3071693 0.2995596 0.2916508 0.2872963 0.2884050 0.2991892 0.3203523 0.3061306 0.2798917 0.2994055 0.2721845 0.2761202 0.2752225 0.2575682 0.2588851 0.3547598 0.3627151 0.3557559 0.3484004 0.3493781 0.3963032 0.2756444 0.3300827 0.3240980 0.3568831 0.3194907 0.3292678 0.3343460 0.3202471 0.2606020 0.2606020 0.2618379 0.2654495 0.2622799 0.2635129 0.2636303 0.2648694 0.2556537 0.2332475 0.2339125 0.3132997 0.3241328 0.3358429 0.6120962 0.6246195 0.6722168 0.3558483 0.6320111 0.6258779 0.6590029 0.8401720 0.4701461 0.3398168 0.3969272 0.4115851 0.3813504 0.3799020 0.3825873 0.5561762 0.5942370 0.6491149 0.6174212 0.6281101 0.6048646 0.6158702 0.6158702 0.6224072 0.5734099 0.6078446 0.5967435 0.6151034 0.5991672 0.6174392 0.3524717 0.3524376 0.5771453 0.5616556 0.6541233 0.5385616 0.6450624 0.4558832 1.6573702 
Solanum_lycopersicum_NP_001234454.1   0.3493807 0.3450634 0.3459544 0.3406347 0.3491272 0.3453030 0.3576454 0.3582104 0.1566934 0.0950261 0.0000000 0.0036131 0.0128831 0.0372968 0.0234162 0.2668554 0.2849007 0.2845659 0.2807502 0.2803988 0.2747052 0.2743290 0.3428800 0.2792961 0.3181413 0.3427936 0.3347458 0.3214020 0.3095916 0.3090828 0.3131392 0.3337468 0.3561493 0.3412879 0.3242607 0.3376416 0.3163252 0.3176414 0.3050363 0.2980024 0.3016552 0.4060426 0.4167103 0.3907378 0.4000517 0.3830246 0.4562003 0.3196318 0.3778920 0.3643330 0.4018229 0.3585905 0.3781340 0.3792102 0.3703311 0.2991648 0.2991648 0.3006000 0.3050977 0.3018657 0.3033040 0.3034550 0.3049003 0.3013291 0.2864937 0.2873246 0.3696529 0.3746771 0.3792225 0.6322161 0.6555739 0.6997813 0.3648091 0.6477956 0.6477956 0.6664908 0.8671216 0.5110526 0.3747569 0.4231013 0.4418114 0.4272871 0.4236529 0.4248079 0.5924898 0.6329709 0.6936333 0.6540250 0.6707750 0.6427323 0.6490725 0.6490725 0.6650317 0.6217258 0.6414962 0.6158040 0.6278154 0.6174907 0.6291894 0.3915173 0.3876705 0.6110126 0.6054787 0.7096214 0.5520353 0.6612978 0.4504264 1.6413054 
Solanum_pennellii_XP_015088607.1      0.3518099 0.3486035 0.3495196 0.3446133 0.3527055 0.3488806 0.3601299 0.3606889 0.1571195 0.0964882 0.0036131 0.0000000 0.0099987 0.0402643 0.0246755 0.2667451 0.2848222 0.2844866 0.2806648 0.2803124 0.2746119 0.2742347 0.3428831 0.2837766 0.3216191 0.3445482 0.3369212 0.3213564 0.3095473 0.3090388 0.3130952 0.3359451 0.3584666 0.3436832 0.3267905 0.3412708 0.3202943 0.3216254 0.3068193 0.3014774 0.3051480 0.4105804 0.4215098 0.3927117 0.4045932 0.3849996 0.4618422 0.3218584 0.3809078 0.3685261 0.4065850 0.3628022 0.3805414 0.3816319 0.3745359 0.3025987 0.3025987 0.3040546 0.3042623 0.3010278 0.3024634 0.3029638 0.3044092 0.3008350 0.2881836 0.2890214 0.3715866 0.3766135 0.3811895 0.6351582 0.6550734 0.6992692 0.3648091 0.6502809 0.6502809 0.6691941 0.8637421 0.5133794 0.3752898 0.4235211 0.4422032 0.4293231 0.4256779 0.4268400 0.5950893 0.6355637 0.6966218 0.6605420 0.6784003 0.6509375 0.6555338 0.6555338 0.6725801 0.6243872 0.6496398 0.6221783 0.6358124 0.6238770 0.6372112 0.3923770 0.3885291 0.6107634 0.6098441 0.7157098 0.5547313 0.6644211 0.4466564 1.6413054 
Solanum_pennellii_XP_015088608.1      0.4082101 0.4042375 0.4082595 0.3983542 0.4051648 0.4007121 0.4150479 0.4155430 0.1843551 0.1144516 0.0128831 0.0099987 0.0000000 0.0173122 0.0366972 0.3097284 0.3282322 0.3280552 0.3211940 0.3209815 0.3156121 0.3153720 0.3082982 0.3302357 0.3656432 0.3962128 0.3875454 0.3697808 0.3562674 0.3552696 0.3602262 0.3812552 0.3812552 0.3733607 0.3735383 0.3919202 0.3650525 0.3685217 0.3508783 0.3431061 0.3497019 0.4473078 0.4629909 0.4258396 0.4399460 0.4163187 0.4402316 0.3683219 0.3791914 0.4197005 0.4164536 0.4098203 0.4327460 0.4385772 0.4310126 0.3330980 0.3330980 0.3350368 0.3380591 0.3341407 0.3360631 0.3389035 0.3408578 0.3385006 0.3313407 0.3325218 0.4250436 0.4309946 0.4406516 0.7316805 0.7337908 0.7323477 0.4207970 0.7240078 0.7240078 0.7118773 0.8637421 0.5699127 0.4246980 0.4720301 0.4978367 0.4780686 0.4728445 0.4734852 0.6466112 0.6829182 0.6775865 0.7109601 0.7442610 0.7159728 0.6913891 0.6913891 0.7205413 0.6537715 0.6961363 0.6525855 0.6375562 0.6540100 0.6389633 0.4214212 0.4174817 0.6381285 0.6732079 0.7038231 0.6060078 0.6074588 0.5065112 1.7399737 
Solanum_lycopersicum_XP_025888482.1   0.4389904 0.4335882 0.4377675 0.4275064 0.4350233 0.4307835 0.4503208 0.4506895 0.2158064 0.1436710 0.0372968 0.0402643 0.0173122 0.0000000 0.0645448 0.3431213 0.3602657 0.3602546 0.3532134 0.3531667 0.3476018 0.3475270 0.3463301 0.3660144 0.3944486 0.4246620 0.4147642 0.4008082 0.3880945 0.3868589 0.3913209 0.4135722 0.4160710 0.3893536 0.3979877 0.4207653 0.3934879 0.3969661 0.3826655 0.3723711 0.3789107 0.4690602 0.4855915 0.4514705 0.4619935 0.4422552 0.4321711 0.3944615 0.3783004 0.4452748 0.4257269 0.4383705 0.4652462 0.4698164 0.4560856 0.3615377 0.3615377 0.3636056 0.3698358 0.3659548 0.3680300 0.3702443 0.3723469 0.3698257 0.3551947 0.3564345 0.4537167 0.4595914 0.4722629 0.7671052 0.7654628 0.7502187 0.5652280 0.7511616 0.7511616 0.7259556 0.8671216 0.5912281 0.4587144 0.5039276 0.5297003 0.5100842 0.5048816 0.5055529 0.6838842 0.7238228 0.7034321 0.7401476 0.7781248 0.7548186 0.7209321 0.7209321 0.7549244 0.6900599 0.7354190 0.6857527 0.6358258 0.6872158 0.6372221 0.4568065 0.4530597 0.6772075 0.6989369 0.7054161 0.6227742 0.6215108 0.5666730 1.7663454 
Solanum_tuberosum_XP_006341169.1      0.3363109 0.3320431 0.3342057 0.3275479 0.3379019 0.3303075 0.3426194 0.3432246 0.1420871 0.0765582 0.0234162 0.0246755 0.0366972 0.0645448 0.0000000 0.2629304 0.2768575 0.2764890 0.2727470 0.2723623 0.2667426 0.2663335 0.3337826 0.2698593 0.3052220 0.3352517 0.3261816 0.3127270 0.3026250 0.2984932 0.3019676 0.3235268 0.3472122 0.3320079 0.3132421 0.3343821 0.3069871 0.3136933 0.3010769 0.2902784 0.2951484 0.4077828 0.4185507 0.3924740 0.4008382 0.3838199 0.4593834 0.3138061 0.3723977 0.3542244 0.3903580 0.3440972 0.3685278 0.3701020 0.3572275 0.2870768 0.2870768 0.2884469 0.2879124 0.2847120 0.2860588 0.2857861 0.2871353 0.2838036 0.2680524 0.2688232 0.3546575 0.3596486 0.3710484 0.6253310 0.6432561 0.6862991 0.3650223 0.6377207 0.6377207 0.6555317 0.8499078 0.5074479 0.3660317 0.4157316 0.4343038 0.4203679 0.4188502 0.4199936 0.5910348 0.6350346 0.6960665 0.6549310 0.6709227 0.6484510 0.6499664 0.6499664 0.6651742 0.6216542 0.6471735 0.6126094 0.6238615 0.6150962 0.6262525 0.3779485 0.3740858 0.6049235 0.5909180 0.6894041 0.5443777 0.6520141 0.4487538 1.6400653 
Capsicum_annuum_XP_016543193.1        0.3759102 0.3810863 0.3778329 0.3811664 0.3961617 0.3894326 0.3927362 0.3973761 0.3099870 0.2425546 0.2668554 0.2667451 0.3097284 0.3431213 0.2629304 0.0000000 0.1469143 0.1476402 0.1397078 0.1403930 0.1245306 0.1251350 0.1811198 0.3633910 0.3571495 0.3807060 0.3696809 0.3286574 0.3104537 0.3253557 0.3335306 0.3694686 0.4052783 0.3861708 0.4075220 0.3934579 0.3769546 0.3808031 0.3486423 0.3667915 0.3720831 0.4576155 0.4580881 0.4213903 0.4561348 0.4170973 0.5280351 0.3676075 0.4369084 0.4204003 0.4630115 0.4149001 0.4350787 0.4350267 0.4279238 0.3418323 0.3418323 0.3417385 0.3505406 0.3488843 0.3488232 0.3559411 0.3559112 0.3400007 0.3140260 0.3149840 0.4329949 0.4439793 0.4591283 0.6635691 0.6744551 0.7148443 0.3687504 0.6748541 0.6684389 0.6893843 0.9323155 0.5659719 0.4522795 0.4872251 0.5096335 0.4904797 0.4849588 0.4850323 0.6468293 0.6679442 0.7270149 0.7088486 0.7171122 0.7243643 0.7021990 0.7021990 0.7047149 0.6600559 0.7174009 0.6444176 0.6858629 0.6509692 0.6941115 0.4419097 0.4410617 0.6501096 0.6728323 0.7939765 0.6624285 0.7797516 0.6071602 1.8418490 
Solanum_lycopersicum_NP_001234457.1   0.3978959 0.4034828 0.3981072 0.3962391 0.4023807 0.4006934 0.4104968 0.4108235 0.3254452 0.2493879 0.2849007 0.2848222 0.3282322 0.3602657 0.2768575 0.1469143 0.0000000 0.0000010 0.0191891 0.0192722 0.0595172 0.0597827 0.1106152 0.3650446 0.3669076 0.4020517 0.3933912 0.3553121 0.3392539 0.3490529 0.3579221 0.3958771 0.4270567 0.4092451 0.4126884 0.3996377 0.3841960 0.3905052 0.3618990 0.3853979 0.3883289 0.4689426 0.4714516 0.4365667 0.4624341 0.4263038 0.5371949 0.3947519 0.4759944 0.4604034 0.5075130 0.4416622 0.4619102 0.4711672 0.4561936 0.3411831 0.3411831 0.3410897 0.3525037 0.3509024 0.3508514 0.3558222 0.3557929 0.3372129 0.3110808 0.3120096 0.4551660 0.4702142 0.4793306 0.6595188 0.6992229 0.7403043 0.3735783 0.6915864 0.6863138 0.7070914 0.9418195 0.5864261 0.4491742 0.5139740 0.5357514 0.5224597 0.5177200 0.5178005 0.6444128 0.6642401 0.7233159 0.7203573 0.7251637 0.7233376 0.7071491 0.7071491 0.7071085 0.6703435 0.7082400 0.6467326 0.6944602 0.6556685 0.7057129 0.4542607 0.4534178 0.6725201 0.6831226 0.8113064 0.6430771 0.7568404 0.6101535 1.8769012 
Solanum_lycopersicum_XP_010327683.1   0.3978959 0.4034828 0.3981072 0.3962391 0.4023807 0.4006934 0.4104968 0.4108235 0.3252785 0.2489015 0.2845659 0.2844866 0.3280552 0.3602546 0.2764890 0.1476402 0.0000010 0.0000000 0.0192722 0.0192722 0.0597827 0.0597827 0.1111694 0.3658702 0.3668740 0.4004381 0.3937198 0.3554548 0.3393133 0.3491633 0.3580787 0.3981119 0.4295170 0.4117106 0.4150285 0.3998936 0.3843721 0.3907122 0.3619700 0.3855801 0.3885252 0.4695635 0.4721157 0.4370351 0.4630218 0.4267170 0.5383506 0.3924505 0.4733292 0.4613867 0.5087242 0.4426097 0.4628898 0.4721777 0.4571619 0.3410897 0.3410897 0.3410897 0.3524597 0.3508514 0.3508514 0.3557929 0.3557929 0.3371022 0.3108517 0.3108517 0.4561685 0.4712586 0.4803990 0.6552921 0.6970929 0.7381804 0.3735783 0.6881545 0.6828629 0.7034490 0.9382670 0.5851459 0.4485282 0.5103108 0.5321063 0.5208939 0.5161384 0.5162188 0.6436484 0.6630965 0.7223143 0.7227186 0.7279082 0.7263518 0.7094162 0.7094162 0.7097057 0.6724346 0.7111168 0.6487053 0.6972845 0.6534923 0.7032425 0.4519526 0.4511104 0.6686602 0.6852652 0.8151982 0.6450431 0.7598798 0.6047505 1.8769012 
Solanum_pennellii_XP_015088826.1      0.3976853 0.4032578 0.3978950 0.3960330 0.4040625 0.4031526 0.4115709 0.4118951 0.3182175 0.2460076 0.2807502 0.2806648 0.3211940 0.3532134 0.2727470 0.1397078 0.0191891 0.0192722 0.0000000 0.0000010 0.0536636 0.0539009 0.1021413 0.3537683 0.3597898 0.3953645 0.3825459 0.3472158 0.3309624 0.3409346 0.3492677 0.3853774 0.4180498 0.4002087 0.4022396 0.3935513 0.3792457 0.3855156 0.3569725 0.3780154 0.3848693 0.4642778 0.4665562 0.4342152 0.4577907 0.4239834 0.5291600 0.3870310 0.4659949 0.4546465 0.5008378 0.4303502 0.4589948 0.4681900 0.4529279 0.3356225 0.3356225 0.3355054 0.3413707 0.3397813 0.3396818 0.3446542 0.3445760 0.3278751 0.3000971 0.3009857 0.4500606 0.4604235 0.4689126 0.6615499 0.7009870 0.7400058 0.3708477 0.6962623 0.6909711 0.7109198 0.9371855 0.5753036 0.4438237 0.5009938 0.5225019 0.5140498 0.5093381 0.5094161 0.6471712 0.6674275 0.7271715 0.7108810 0.7142791 0.7170128 0.6977842 0.6977842 0.6963958 0.6643627 0.7020049 0.6432134 0.6898185 0.6521400 0.7010579 0.4497568 0.4489236 0.6687543 0.6685276 0.7865796 0.6265824 0.7372363 0.6088758 1.8763670 
Solanum_pennellii_XP_027768306.1      0.3976853 0.4032578 0.3978950 0.3960330 0.4040625 0.4031526 0.4115709 0.4118951 0.3180193 0.2455090 0.2803988 0.2803124 0.3209815 0.3531667 0.2723623 0.1403930 0.0192722 0.0192722 0.0000010 0.0000000 0.0539009 0.0539009 0.1026496 0.3545647 0.3597255 0.3937285 0.3828184 0.3473155 0.3309771 0.3410017 0.3493781 0.3875424 0.4204471 0.4026101 0.4045074 0.3937766 0.3793973 0.3856978 0.3570189 0.3781613 0.3850482 0.4648727 0.4671917 0.4346700 0.4583527 0.4243834 0.5302614 0.3847172 0.4633039 0.4556129 0.5020270 0.4312684 0.4599652 0.4691911 0.4538853 0.3355054 0.3355054 0.3355054 0.3412782 0.3396818 0.3396818 0.3445760 0.3445760 0.3277247 0.2998212 0.2998212 0.4510471 0.4614400 0.4699501 0.6573300 0.6988631 0.7378843 0.3708477 0.6928358 0.6875254 0.7072828 0.9336094 0.5739764 0.4431680 0.4973177 0.5188434 0.5124600 0.5077327 0.5078106 0.6464183 0.6662956 0.7261857 0.7131730 0.7169321 0.7199677 0.6999832 0.6999832 0.6989038 0.6664113 0.7048237 0.6451640 0.6926070 0.6499505 0.6985652 0.4474431 0.4466107 0.6648896 0.6705663 0.7902278 0.6284260 0.7401067 0.6034739 1.8763670 
Solanum_tuberosum_XP_006338940.1      0.3767879 0.3828174 0.3777894 0.3742045 0.3834749 0.3803930 0.3930175 0.3909197 0.3066629 0.2359666 0.2747052 0.2746119 0.3156121 0.3476018 0.2667426 0.1245306 0.0595172 0.0597827 0.0536636 0.0539009 0.0000000 0.0000010 0.0440240 0.3527481 0.3495356 0.3919627 0.3760232 0.3393703 0.3212297 0.3330986 0.3393885 0.3830389 0.4157444 0.3973426 0.4027673 0.3907444 0.3731294 0.3841408 0.3532000 0.3738190 0.3797699 0.4599031 0.4646962 0.4248255 0.4578685 0.4191578 0.5281303 0.3708782 0.4431758 0.4450468 0.4875250 0.4262248 0.4430580 0.4523852 0.4396896 0.3326953 0.3326953 0.3325653 0.3338871 0.3323056 0.3321739 0.3407699 0.3406750 0.3219086 0.3024019 0.3032964 0.4338317 0.4424079 0.4558585 0.6500985 0.6826006 0.7246078 0.3566366 0.6799017 0.6746718 0.6943625 0.9063716 0.5691702 0.4402184 0.4878618 0.5097836 0.4971430 0.4960134 0.4960875 0.6399222 0.6506619 0.7042987 0.7017677 0.7081062 0.7047800 0.6903566 0.6903566 0.6921031 0.6505553 0.6919026 0.6292025 0.6723464 0.6456469 0.6931511 0.4525698 0.4517359 0.6547430 0.6614035 0.7744290 0.6330096 0.7413681 0.6197916 1.8468143 
Solanum_tuberosum_XP_015164653.1      0.3767879 0.3828174 0.3777894 0.3742045 0.3834749 0.3803930 0.3930175 0.3909197 0.3064145 0.2354294 0.2743290 0.2742347 0.3153720 0.3475270 0.2663335 0.1251350 0.0597827 0.0597827 0.0539009 0.0539009 0.0000010 0.0000000 0.0442385 0.3535421 0.3494283 0.3903188 0.3762618 0.3394283 0.3211926 0.3331242 0.3394465 0.3851808 0.4181190 0.3997136 0.4050263 0.3909545 0.3732510 0.3843156 0.3532276 0.3739436 0.3799230 0.4604717 0.4653183 0.4252263 0.4584282 0.4195290 0.5292180 0.3685381 0.4404349 0.4459870 0.4886737 0.4271315 0.4439888 0.4533470 0.4406146 0.3325653 0.3325653 0.3325653 0.3337624 0.3321739 0.3321739 0.3406750 0.3406750 0.3217331 0.3021366 0.3021366 0.4347765 0.4433785 0.4568639 0.6458600 0.6804274 0.7224379 0.3566366 0.6764543 0.6712059 0.6907000 0.9026702 0.5678219 0.4395566 0.4841646 0.5061030 0.4955125 0.4943762 0.4944501 0.6391328 0.6494638 0.7032096 0.7040002 0.7107184 0.7076382 0.6925068 0.6925068 0.6945834 0.6525059 0.6946416 0.6310432 0.6749619 0.6434452 0.6906378 0.4502743 0.4494410 0.6508555 0.6633890 0.7779590 0.6348979 0.7442707 0.6143913 1.8468143 
Solanum_tuberosum_XP_006338943.1      0.4635073 0.4706444 0.4650984 0.4603622 0.4720001 0.4687233 0.4832691 0.4804013 0.3730128 0.3040560 0.3428800 0.3428831 0.3082982 0.3463301 0.3337826 0.1811198 0.1106152 0.1111694 0.1021413 0.1026496 0.0440240 0.0442385 0.0000000 0.4411741 0.4227300 0.4809750 0.4553921 0.4180591 0.3993888 0.4114789 0.4179093 0.4516255 0.4516679 0.4404503 0.4801254 0.4746032 0.4507038 0.4613095 0.4287184 0.4530850 0.4598638 0.5282177 0.5373049 0.4910489 0.5336745 0.4922958 0.5204661 0.4534837 0.4431758 0.5306523 0.5355996 0.5042312 0.5206899 0.5375148 0.5242483 0.4087489 0.4087489 0.4089767 0.4073303 0.4055633 0.4057750 0.4176906 0.4179632 0.3956069 0.3795701 0.3808386 0.5280642 0.5312608 0.5545361 0.7632501 0.7807461 0.7589096 0.5212049 0.7774404 0.7714825 0.7423432 0.9063716 0.6757994 0.5259281 0.5711445 0.5967691 0.5931796 0.5916473 0.5917571 0.7413789 0.7428129 0.7522895 0.7950504 0.8182940 0.8277442 0.7848653 0.7848653 0.8028286 0.7423580 0.8161071 0.7281405 0.6774950 0.7477853 0.6983577 0.5222340 0.5211893 0.7371688 0.7443378 0.7874725 0.6816822 0.7039894 0.6986719 1.9290639 
Carica_papaya_XP_021908636.1          0.2707157 0.2687720 0.2703367 0.2655162 0.2826549 0.2823977 0.2803876 0.2818309 0.2771232 0.2355419 0.2792961 0.2837766 0.3302357 0.3660144 0.2698593 0.3633910 0.3650446 0.3658702 0.3537683 0.3545647 0.3527481 0.3535421 0.4411741 0.0000000 0.2194926 0.2388808 0.2686453 0.2423276 0.2234578 0.2415019 0.2418359 0.2680385 0.2926244 0.2754214 0.2444052 0.2526932 0.2461405 0.2431885 0.2169615 0.2430171 0.2494615 0.3393607 0.3497944 0.3137743 0.3379792 0.3091267 0.3849973 0.2723874 0.3180661 0.3301285 0.3633978 0.3165762 0.3333315 0.3412320 0.3223453 0.3602813 0.3602813 0.3610881 0.3684861 0.3666938 0.3675153 0.3641602 0.3649750 0.3537644 0.3298211 0.3305553 0.3160069 0.3182091 0.3480659 0.6368391 0.6248874 0.6710303 0.3579792 0.6148686 0.6087553 0.6370833 0.8564417 0.4994038 0.3824757 0.3931370 0.4077879 0.3904373 0.3870800 0.3896578 0.6005015 0.6024639 0.6527845 0.6894077 0.7070135 0.6923483 0.6766885 0.6766885 0.6924697 0.6343578 0.6752629 0.6097183 0.6216455 0.6074375 0.6179817 0.3807567 0.3802948 0.6493307 0.6078927 0.7035634 0.6298563 0.7572301 0.6024394 1.8071924 
Jatropha_curcas_XP_012072957.1        0.3041024 0.3024402 0.3013999 0.3104099 0.3108009 0.3096627 0.3189651 0.3139412 0.3399146 0.2775442 0.3181413 0.3216191 0.3656432 0.3944486 0.3052220 0.3571495 0.3669076 0.3668740 0.3597898 0.3597255 0.3495356 0.3494283 0.4227300 0.2194926 0.0000000 0.2715398 0.2168937 0.1959411 0.1932806 0.1933036 0.1971793 0.2171256 0.2388449 0.2241289 0.2860174 0.2834000 0.2838277 0.2894569 0.2666674 0.2542865 0.2580591 0.3669404 0.3748602 0.3437911 0.3575466 0.3303366 0.4134136 0.2867639 0.3400326 0.3398686 0.3718300 0.3327889 0.3260838 0.3353380 0.3275038 0.3700388 0.3700388 0.3680756 0.4011679 0.3988034 0.3969466 0.3970420 0.3951842 0.3844210 0.3720439 0.3711214 0.3160353 0.3274688 0.3621239 0.6208611 0.6145117 0.6618820 0.3379814 0.6278681 0.6213091 0.6572278 0.8078784 0.5074016 0.3976492 0.3902618 0.4107504 0.3712298 0.3711265 0.3732497 0.5756112 0.5949915 0.6467882 0.6534049 0.6712464 0.6670785 0.6407966 0.6407966 0.6566821 0.6005144 0.6549143 0.5816363 0.5950969 0.5843269 0.6005226 0.3830283 0.3809701 0.6359624 0.6369705 0.7461279 0.5798191 0.6861487 0.6438748 1.7185734 
Citrus_sinensis_XP_006481892.1        0.3313767 0.3294503 0.3259324 0.3342314 0.3412816 0.3354570 0.3570301 0.3525954 0.3657422 0.3060667 0.3427936 0.3445482 0.3962128 0.4246620 0.3352517 0.3807060 0.4020517 0.4004381 0.3953645 0.3937285 0.3919627 0.3903188 0.4809750 0.2388808 0.2715398 0.0000000 0.2992712 0.2804483 0.2764962 0.2814392 0.2829016 0.3089222 0.3326571 0.3164162 0.2790532 0.2804914 0.2856646 0.2848825 0.2618892 0.2552513 0.2570013 0.3504276 0.3583478 0.3301200 0.3547671 0.3325594 0.4123739 0.2989079 0.3529001 0.3633429 0.3986383 0.3499381 0.3635954 0.3735429 0.3510778 0.3923946 0.3923946 0.3906639 0.4182532 0.4161164 0.4144647 0.4142001 0.4125479 0.3989580 0.3873642 0.3866979 0.3332226 0.3438926 0.3761948 0.6580257 0.6559293 0.7144256 0.3326603 0.6550521 0.6476619 0.6861085 0.8916229 0.5265921 0.3936900 0.4132274 0.4179012 0.4153079 0.4153819 0.4176570 0.5817249 0.5970455 0.6469890 0.6702199 0.6850764 0.6772402 0.6581369 0.6581369 0.6650515 0.6184704 0.6658253 0.6065475 0.6364110 0.6105402 0.6407297 0.4125712 0.4069818 0.6465318 0.6402108 0.7602036 0.6303320 0.7447763 0.6430069 1.6849030 
Populus_euphratica_XP_011018885.1     0.3614132 0.3693354 0.3679151 0.3592717 0.3655231 0.3619621 0.3894325 0.3854938 0.3632968 0.3071693 0.3347458 0.3369212 0.3875454 0.4147642 0.3261816 0.3696809 0.3933912 0.3937198 0.3825459 0.3828184 0.3760232 0.3762618 0.4553921 0.2686453 0.2168937 0.2992712 0.0000000 0.0000010 0.0000010 0.0000010 0.0287878 0.1435559 0.1694417 0.1541638 0.3277495 0.3429144 0.3138556 0.3142408 0.2970881 0.2933150 0.2983099 0.4089961 0.4181242 0.3900299 0.4110855 0.3918098 0.4692433 0.3186300 0.3759231 0.3809127 0.4124885 0.3786911 0.3888989 0.3898461 0.3896900 0.4193352 0.4193352 0.4177422 0.4409647 0.4374933 0.4359704 0.4371226 0.4356005 0.4201725 0.3979054 0.3972537 0.3731916 0.3799740 0.3996121 0.6160725 0.6181100 0.6702211 0.3434134 0.6332778 0.6271711 0.6631774 0.8196643 0.5396722 0.4358399 0.4138928 0.4315259 0.4432339 0.4369753 0.4392908 0.5836886 0.6038738 0.6531407 0.6354737 0.6479191 0.6415331 0.6164225 0.6164225 0.6257088 0.5788639 0.6244629 0.5790208 0.6026194 0.5789510 0.6018513 0.4188286 0.4176491 0.6266128 0.6300620 0.7393781 0.6131680 0.7231301 0.6305801 1.7118920 
Populus_euphratica_XP_011018886.1     0.3428326 0.3482020 0.3512482 0.3431091 0.3471306 0.3442587 0.3637595 0.3604129 0.3259236 0.2995596 0.3214020 0.3213564 0.3697808 0.4008082 0.3127270 0.3286574 0.3553121 0.3554548 0.3472158 0.3473155 0.3393703 0.3394283 0.4180591 0.2423276 0.1959411 0.2804483 0.0000010 0.0000000 0.0000010 0.0000010 0.0221600 0.1358246 0.1627428 0.1463508 0.2999112 0.3247129 0.2936812 0.2943254 0.2943254 0.2754299 0.2822305 0.3858574 0.3941693 0.3858574 0.3863677 0.3863677 0.4422987 0.2942355 0.3483896 0.3311201 0.3584534 0.3398047 0.3336269 0.3381664 0.3312874 0.3835336 0.3835336 0.3817267 0.4055687 0.4019740 0.4002445 0.3979929 0.3962497 0.3917883 0.3728506 0.3720979 0.3438471 0.3482221 0.3680130 0.5951566 0.6040898 0.6554409 0.3434134 0.6125280 0.6125280 0.6407116 0.8040981 0.4962958 0.4158934 0.3738783 0.3895200 0.3972767 0.3973405 0.3996867 0.5285339 0.5629289 0.6083819 0.5769239 0.5810680 0.5672162 0.5638068 0.5638068 0.5656497 0.5489560 0.5579924 0.5460400 0.5617407 0.5454444 0.5602205 0.3729569 0.3696369 0.5808707 0.5645278 0.6588012 0.5552316 0.6610694 0.5912475 1.7118920 
Populus_euphratica_XP_011018888.1     0.3401683 0.3455558 0.3512482 0.3402335 0.3444662 0.3415800 0.3611173 0.3577619 0.3154382 0.2916508 0.3095916 0.3095473 0.3562674 0.3880945 0.3026250 0.3104537 0.3392539 0.3393133 0.3309624 0.3309771 0.3212297 0.3211926 0.3993888 0.2234578 0.1932806 0.2764962 0.0000010 0.0000010 0.0000000 0.0000010 0.0214561 0.1314781 0.1590032 0.1419465 0.2889664 0.3114612 0.2789041 0.2812032 0.2812032 0.2609523 0.2668281 0.3667315 0.3741540 0.3667315 0.3692357 0.3692357 0.4226998 0.2809119 0.3324743 0.3158741 0.3420783 0.3187569 0.3186812 0.3215060 0.3160002 0.3714501 0.3714501 0.3695536 0.3927621 0.3891049 0.3872884 0.3856058 0.3837748 0.3799865 0.3567775 0.3559662 0.3251256 0.3296926 0.3479710 0.5879397 0.6005879 0.6518020 0.3434134 0.6065284 0.6065284 0.6342232 0.7988630 0.4772398 0.4047092 0.3562598 0.3741644 0.3759000 0.3780372 0.3803872 0.5069063 0.5374792 0.5805192 0.5572271 0.5584159 0.5416766 0.5397977 0.5397977 0.5379958 0.5283401 0.5271487 0.5361190 0.5495612 0.5354897 0.5479601 0.3528947 0.3515673 0.5633575 0.5459696 0.6350082 0.5313194 0.6365216 0.5731879 1.7118920 
Populus_euphratica_XP_011018887.1     0.3428326 0.3482020 0.3512482 0.3431091 0.3471306 0.3442587 0.3637595 0.3604129 0.3151456 0.2872963 0.3090828 0.3090388 0.3552696 0.3868589 0.2984932 0.3253557 0.3490529 0.3491633 0.3409346 0.3410017 0.3330986 0.3331242 0.4114789 0.2415019 0.1933036 0.2814392 0.0000010 0.0000010 0.0000010 0.0000000 0.0291405 0.1409604 0.1684564 0.1520777 0.3009028 0.3240799 0.2870724 0.2895491 0.2887496 0.2728475 0.2797047 0.3812522 0.3893749 0.3809422 0.3796008 0.3792800 0.4345986 0.2899687 0.3431365 0.3252953 0.3520784 0.3358918 0.3275526 0.3334780 0.3278555 0.3778826 0.3778826 0.3760393 0.3992481 0.3956361 0.3938706 0.3953705 0.3936044 0.3883252 0.3638273 0.3630492 0.3468327 0.3511943 0.3725943 0.5721297 0.5861414 0.6365411 0.3434134 0.5929510 0.5929510 0.6196548 0.7717310 0.4829347 0.3993079 0.3679661 0.3826468 0.3876379 0.3897573 0.3920978 0.5280327 0.5606701 0.6061530 0.5651967 0.5675795 0.5521700 0.5546042 0.5546042 0.5550681 0.5549049 0.5462210 0.5302839 0.5421848 0.5296418 0.5405575 0.3625236 0.3612459 0.5844977 0.5508134 0.6413063 0.5378329 0.6415827 0.5759042 1.7118920 
Populus_trichocarpa_XP_006381314.2    0.3346313 0.3399804 0.3452797 0.3389573 0.3429493 0.3400732 0.3586000 0.3543541 0.3188987 0.2884050 0.3131392 0.3130952 0.3602262 0.3913209 0.3019676 0.3335306 0.3579221 0.3580787 0.3492677 0.3493781 0.3393885 0.3394465 0.4179093 0.2418359 0.1971793 0.2829016 0.0287878 0.0221600 0.0214561 0.0291405 0.0000000 0.1318661 0.1615709 0.1451171 0.2984045 0.3226696 0.2967394 0.2973915 0.2887434 0.2797965 0.2866192 0.3901626 0.4006524 0.3808808 0.3898572 0.3805632 0.4455711 0.2855011 0.3371546 0.3315524 0.3589241 0.3415361 0.3318152 0.3379201 0.3291116 0.3812749 0.3812749 0.3794604 0.4058685 0.4022871 0.4005653 0.3992425 0.3975104 0.3950902 0.3685507 0.3677863 0.3470821 0.3509278 0.3725466 0.5836437 0.5939598 0.6444873 0.3496811 0.5992855 0.5976076 0.6261983 0.7920411 0.4788929 0.4154202 0.3827134 0.3984724 0.3945080 0.3966246 0.3989670 0.5351368 0.5629076 0.6082454 0.5849104 0.5902629 0.5849082 0.5695614 0.5695614 0.5722592 0.5568230 0.5694187 0.5461764 0.5615355 0.5469162 0.5616954 0.3660526 0.3622873 0.5948508 0.5667959 0.6616680 0.5437628 0.6473745 0.6069059 1.7218021 
Populus_trichocarpa_XP_006373932.2    0.3496168 0.3568409 0.3551102 0.3488698 0.3578687 0.3567397 0.3849316 0.3785710 0.3642001 0.2991892 0.3337468 0.3359451 0.3812552 0.4135722 0.3235268 0.3694686 0.3958771 0.3981119 0.3853774 0.3875424 0.3830389 0.3851808 0.4516255 0.2680385 0.2171256 0.3089222 0.1435559 0.1358246 0.1314781 0.1409604 0.1318661 0.0000000 0.0223856 0.0087753 0.3281998 0.3310835 0.3199284 0.3186776 0.2951366 0.2966617 0.3015840 0.4026250 0.4176182 0.3774813 0.3997853 0.3742105 0.4514144 0.3138377 0.3652407 0.3833103 0.4196072 0.3775285 0.3823145 0.3893580 0.3766040 0.4275314 0.4275314 0.4278273 0.4451594 0.4426397 0.4430016 0.4424688 0.4428300 0.4192185 0.4106621 0.4119293 0.3519168 0.3611588 0.3894142 0.6141107 0.6013120 0.6539654 0.3472086 0.6317412 0.6256081 0.6618504 0.8049597 0.5419035 0.4461788 0.4408798 0.4530604 0.4345435 0.4278576 0.4301953 0.5959468 0.6149238 0.6681880 0.6214821 0.6338397 0.6337920 0.6144611 0.6144611 0.6254121 0.5764152 0.6230985 0.5801854 0.5958260 0.5786514 0.5931721 0.4070372 0.4069634 0.6269872 0.6465442 0.7625304 0.5983409 0.7086678 0.6092517 1.6633709 
Populus_trichocarpa_XP_024443648.1    0.3705890 0.3780472 0.3764130 0.3718607 0.3781266 0.3770228 0.4085077 0.4018909 0.3947560 0.3203523 0.3561493 0.3584666 0.3812552 0.4160710 0.3472122 0.4052783 0.4270567 0.4295170 0.4180498 0.4204471 0.4157444 0.4181190 0.4516679 0.2926244 0.2388449 0.3326571 0.1694417 0.1627428 0.1590032 0.1684564 0.1615709 0.0223856 0.0000000 0.0075159 0.3542237 0.3571099 0.3407836 0.3393273 0.3155418 0.3178126 0.3245398 0.4289463 0.4458994 0.4036736 0.4260512 0.4003188 0.4514144 0.3399372 0.3652407 0.4165128 0.4580337 0.4092755 0.4136766 0.4215490 0.4085207 0.4516411 0.4516411 0.4520610 0.4683242 0.4656906 0.4661727 0.4680780 0.4685722 0.4470687 0.4324520 0.4338360 0.3730181 0.3863480 0.4160498 0.6490596 0.6322983 0.6373527 0.4119880 0.6622111 0.6559684 0.6598854 0.8049597 0.5662974 0.4754626 0.4530764 0.4678437 0.4556462 0.4510400 0.4510994 0.6130283 0.6359143 0.6942972 0.6467652 0.6633845 0.6665793 0.6357600 0.6357600 0.6503581 0.5969148 0.6505751 0.6049410 0.5958260 0.6027527 0.5931721 0.4253266 0.4245733 0.6332122 0.6771014 0.7625304 0.5968805 0.7028498 0.6224611 1.6633709 
Populus_trichocarpa_XP_024443653.1    0.3529278 0.3607109 0.3589278 0.3542013 0.3605860 0.3593801 0.3924601 0.3855747 0.3808357 0.3061306 0.3412879 0.3436832 0.3733607 0.3893536 0.3320079 0.3861708 0.4092451 0.4117106 0.4002087 0.4026101 0.3973426 0.3997136 0.4404503 0.2754214 0.2241289 0.3164162 0.1541638 0.1463508 0.1419465 0.1520777 0.1451171 0.0087753 0.0075159 0.0000000 0.3415003 0.3441154 0.3287292 0.3272135 0.3019584 0.3035432 0.3105912 0.4063688 0.4228187 0.3793008 0.4017480 0.3741483 0.4561260 0.3265875 0.3652407 0.4058431 0.4484764 0.3950004 0.4029280 0.4133314 0.4021283 0.4329866 0.4329866 0.4333344 0.4480811 0.4453525 0.4457573 0.4476173 0.4480339 0.4246375 0.4149774 0.4163674 0.3618596 0.3777764 0.4045706 0.6377465 0.6231599 0.6116321 0.3348231 0.6540224 0.6474151 0.6405141 0.8049597 0.5495265 0.4654339 0.4360605 0.4513126 0.4400556 0.4352995 0.4353579 0.5887967 0.6100080 0.6676976 0.6145969 0.6268541 0.6259968 0.6049490 0.6049490 0.6153301 0.5637917 0.6116794 0.5658919 0.5958260 0.5635262 0.5931721 0.4044458 0.4037001 0.6144325 0.6669724 0.7625304 0.5869838 0.6954588 0.5887389 1.6715979 
Gossypium_hirsutum_XP_016707439.1     0.3075340 0.3058373 0.3165406 0.3184256 0.3205964 0.3125059 0.3288233 0.3302955 0.3500251 0.2798917 0.3242607 0.3267905 0.3735383 0.3979877 0.3132421 0.4075220 0.4126884 0.4150285 0.4022396 0.4045074 0.4027673 0.4050263 0.4801254 0.2444052 0.2860174 0.2790532 0.3277495 0.2999112 0.2889664 0.3009028 0.2984045 0.3281998 0.3542237 0.3415003 0.0000000 0.2885614 0.2857934 0.2895074 0.2635087 0.2629706 0.2652637 0.3520040 0.3619412 0.3273981 0.3490284 0.3259212 0.3970636 0.2924020 0.3381331 0.3362768 0.3705539 0.3262972 0.3392192 0.3443683 0.3300947 0.4243287 0.4243287 0.4246099 0.4392014 0.4375617 0.4379049 0.4381113 0.4384584 0.4244437 0.4025429 0.4037797 0.3440099 0.3482625 0.3753109 0.6571915 0.6345327 0.6877152 0.3299111 0.6381452 0.6307771 0.6688046 0.8590758 0.5260810 0.4249158 0.3889866 0.4003648 0.4136226 0.4107483 0.4130574 0.5976288 0.6097837 0.6647567 0.6597457 0.6759979 0.6560756 0.6503185 0.6503185 0.6612006 0.6195113 0.6457635 0.6078133 0.6316636 0.6083285 0.6315389 0.3809594 0.3805147 0.6463278 0.6328714 0.7375913 0.6161783 0.7336374 0.6272236 1.6345816 
