81
Arabidopsis_lyrata_XP_002879658.1     0.0000000 0.0516675 0.0403193 0.0692321 0.0612827 0.0552635 0.0717937 0.0665093 0.5391910 0.5168859 0.5346158 0.5581712 0.5551844 0.5635781 0.5497389 0.4092591 0.4084168 0.4059310 0.4059310 0.4334982 0.3703510 0.3648068 0.3228126 0.3492444 0.3822807 0.4793266 0.4438585 0.4385887 0.4330277 0.5015739 0.3431696 0.3611877 0.3950338 0.3906847 0.3752731 0.4165292 0.4286379 0.4469419 0.4405438 0.4308964 0.4569491 0.4359576 0.3845703 0.4181068 0.4217325 0.4058050 0.4079868 0.3964317 0.4630074 0.4284217 0.3064350 0.3116380 0.2866373 0.2780880 0.3237005 0.4632606 0.4632606 0.5391242 0.4608202 0.5357885 0.4221352 0.3878858 0.4208941 0.3929728 0.4451912 0.3574552 0.4004631 0.3938114 0.3930784 0.4151723 0.3936160 0.3948507 0.4298260 0.3864310 0.4514049 0.4083274 0.3992174 0.4750476 0.5041676 0.4950183 0.9578357 
Arabidopsis_thaliana_NP_181262.1      0.0516675 0.0000000 0.0550414 0.0773927 0.0693646 0.0939274 0.0961738 0.0966780 0.5567765 0.5380593 0.5555063 0.5645063 0.5624374 0.5868666 0.5740601 0.4034686 0.4035082 0.3994729 0.3994729 0.4266647 0.3946081 0.3888052 0.3308009 0.3679421 0.3631951 0.4882098 0.4539635 0.4486709 0.4531875 0.5092796 0.3457868 0.3727779 0.4237143 0.4005284 0.3972710 0.4184736 0.4326075 0.4642553 0.4499229 0.4401379 0.4747009 0.4651712 0.4057980 0.4292394 0.4328403 0.4172968 0.4055486 0.4046113 0.4832643 0.4304132 0.3168826 0.3295252 0.3222826 0.2964677 0.3295564 0.4701854 0.4701854 0.5414798 0.4646956 0.5341764 0.4402385 0.4130047 0.4391483 0.4109269 0.4817397 0.3463319 0.3933189 0.3812677 0.3805919 0.4026141 0.3834115 0.3846829 0.4169330 0.3805921 0.4385491 0.4104947 0.4128994 0.4845835 0.5108093 0.5016520 0.9124582 
Capsella_rubella_XP_006294743.1       0.0403193 0.0550414 0.0000000 0.0717169 0.0638643 0.0592556 0.0915228 0.0938583 0.5580348 0.5299007 0.5531077 0.5657650 0.5709866 0.5817686 0.5682307 0.4015182 0.4067124 0.3982012 0.3982012 0.4253617 0.3911825 0.3849988 0.3330654 0.3595221 0.3944173 0.5022012 0.4633871 0.4580420 0.4524179 0.5166849 0.3454726 0.3770061 0.4335108 0.4185813 0.4031565 0.4333604 0.4345492 0.4682764 0.4562031 0.4464415 0.4808487 0.4678535 0.4122136 0.4346067 0.4382041 0.4230975 0.4262614 0.4146349 0.4984744 0.4404243 0.3163845 0.3269824 0.2954284 0.2824869 0.3090738 0.4662368 0.4662368 0.5430094 0.4637825 0.5396513 0.4310037 0.4103783 0.4355550 0.4057912 0.4755644 0.3646970 0.3996491 0.3947287 0.3939936 0.4160299 0.3923179 0.3910236 0.4245926 0.3816332 0.4453000 0.4132043 0.4044076 0.4810625 0.5218438 0.5244304 0.9322676 
Brassica_oleracea_XP_013626567.1      0.0692321 0.0773927 0.0717169 0.0000000 0.0146718 0.0698239 0.0772222 0.0785734 0.5215541 0.5016574 0.5169610 0.5293629 0.5135891 0.5308630 0.5164954 0.3804662 0.3816831 0.3770426 0.3770426 0.4053336 0.3761051 0.3741359 0.3413483 0.3662688 0.3912450 0.4641947 0.4711019 0.4657230 0.4625911 0.4829743 0.3553469 0.3516645 0.4000693 0.3866802 0.3780221 0.4011580 0.4136687 0.4397070 0.4220672 0.4124370 0.4443665 0.4372630 0.3813993 0.3981470 0.4018833 0.3854077 0.3917464 0.3801888 0.4521135 0.4355019 0.3184242 0.3301557 0.3141359 0.2989704 0.3196486 0.4720451 0.4720451 0.5361240 0.4695555 0.5327717 0.3969666 0.3899598 0.4085638 0.3903685 0.4553592 0.3500737 0.4027807 0.3923270 0.3915890 0.4102166 0.3874135 0.3908993 0.4420846 0.3744042 0.4367131 0.4104104 0.4072491 0.4843026 0.4842449 0.4894188 0.9634631 
Brassica_rapa_XP_009133137.1          0.0612827 0.0693646 0.0638643 0.0146718 0.0000000 0.0618120 0.0691553 0.0704094 0.5312527 0.5006329 0.5148616 0.5390306 0.5361395 0.5408044 0.5263143 0.3783416 0.3795342 0.3698379 0.3698379 0.3980759 0.3700932 0.3580138 0.3266126 0.3512068 0.3842053 0.4503793 0.4641037 0.4587506 0.4556023 0.4692194 0.3429251 0.3377662 0.3977146 0.3749429 0.3650610 0.3890811 0.4013074 0.4372517 0.4196458 0.4100293 0.4419413 0.4345471 0.3790215 0.3915697 0.3953404 0.3785895 0.3852248 0.3736636 0.4460315 0.4274759 0.3017556 0.3134045 0.2972912 0.2825163 0.3028516 0.4637404 0.4637404 0.5341153 0.4612839 0.5307729 0.3856707 0.3720748 0.3850758 0.3684663 0.4378058 0.3432954 0.3988733 0.3847759 0.3840773 0.4025309 0.3761053 0.3796114 0.4263634 0.3563030 0.4211095 0.4024989 0.3987610 0.4747348 0.4689093 0.4740148 0.9787060 
Eutrema_salsugineum_XP_006410905.1    0.0552635 0.0939274 0.0592556 0.0698239 0.0618120 0.0000000 0.0835321 0.0779232 0.5652261 0.5225088 0.5614971 0.5835333 0.5787946 0.5977363 0.5843671 0.3877982 0.3918577 0.3836876 0.3906652 0.4103623 0.3663359 0.3645367 0.3271262 0.3609295 0.3915104 0.5071598 0.4840451 0.4787284 0.4731498 0.5322457 0.3492886 0.3615539 0.4037261 0.4056432 0.3925224 0.4325566 0.4498190 0.4761063 0.4337397 0.4242458 0.4579720 0.4379944 0.3932209 0.4106253 0.4142486 0.3985181 0.4287954 0.4172391 0.4839444 0.4580318 0.3261601 0.3316124 0.2926813 0.2898926 0.3280792 0.4853215 0.4853215 0.5598434 0.4827781 0.5563932 0.4180573 0.3906388 0.4256758 0.4117498 0.4567000 0.3592838 0.4117383 0.4164334 0.4156002 0.4340342 0.4099974 0.4111508 0.4513079 0.3948616 0.4674177 0.4209919 0.4129283 0.4887444 0.5036134 0.5088058 0.9620577 
Brassica_oleracea_XP_013633663.1      0.0717937 0.0961738 0.0915228 0.0772222 0.0691553 0.0835321 0.0000000 0.0183930 0.5172081 0.4868086 0.5126020 0.5254938 0.5099551 0.5364802 0.5226621 0.3996796 0.4023837 0.3849452 0.3849452 0.4058098 0.3666395 0.3635725 0.3494695 0.3713785 0.4100607 0.4815045 0.4736734 0.4682598 0.4635985 0.5067318 0.3559308 0.3762310 0.3917733 0.3965352 0.3743948 0.4018790 0.3961037 0.4603180 0.4265257 0.4168948 0.4512002 0.4346708 0.3903801 0.3896320 0.3909041 0.3741399 0.4016810 0.3886324 0.4423846 0.4216706 0.3132354 0.3243321 0.2921614 0.2809419 0.3163047 0.4661105 0.4661105 0.5278958 0.4636511 0.5246008 0.4006322 0.3894075 0.3915474 0.3786286 0.4424663 0.3586661 0.3731516 0.3863532 0.3827762 0.4077085 0.3860969 0.3848218 0.3982287 0.3686836 0.4285700 0.3886469 0.3838687 0.4587588 0.4928715 0.4980967 0.9128250 
Brassica_rapa_XP_009141641.1          0.0665093 0.0966780 0.0938583 0.0785734 0.0704094 0.0779232 0.0183930 0.0000000 0.5228553 0.4914130 0.5182439 0.5311730 0.5162237 0.5413524 0.5361106 0.3974459 0.4001403 0.3827895 0.3827895 0.4035670 0.3613293 0.3578936 0.3471528 0.3717874 0.4034424 0.4739727 0.4627916 0.4574200 0.4528199 0.5047057 0.3441492 0.3761688 0.3816907 0.3867863 0.3648667 0.3969136 0.3942856 0.4631812 0.4233583 0.4137529 0.4480027 0.4311318 0.3873058 0.3865105 0.3877996 0.3709218 0.3985592 0.3855168 0.4391691 0.4234585 0.3157494 0.3239398 0.2899181 0.2831734 0.3214228 0.4568215 0.4568215 0.5249903 0.4543998 0.5217070 0.4019128 0.3864997 0.4009855 0.3819873 0.4458547 0.3640635 0.3750483 0.3955595 0.3946144 0.4197003 0.3853650 0.3866163 0.4109801 0.3731104 0.4414774 0.3859805 0.3810040 0.4555874 0.4902665 0.4954864 0.9285139 
Arabidopsis_lyrata_XP_002879789.1     0.5391910 0.5567765 0.5580348 0.5215541 0.5312527 0.5652261 0.5172081 0.5228553 0.0000000 0.0355297 0.0453444 0.0479200 0.0750079 0.1427211 0.1369227 0.6010852 0.5669152 0.5869345 0.5699746 0.5897378 0.5433534 0.5534418 0.4853655 0.5450294 0.5422496 0.4930248 0.4320824 0.4268518 0.4510581 0.4648575 0.2957916 0.3917322 0.3896722 0.4046928 0.3751238 0.4141729 0.4124417 0.3957655 0.4015676 0.4137652 0.4170829 0.3750065 0.3707151 0.4283193 0.4365950 0.4406800 0.4580895 0.4345052 0.4040193 0.4269143 0.4213335 0.4160535 0.4189992 0.4172359 0.4687123 0.3835016 0.3835016 0.3727233 0.3675106 0.3538220 0.5430299 0.5447226 0.5330109 0.5095454 0.5285262 0.4981816 0.5786252 0.5811826 0.5824309 0.6048224 0.5749503 0.5768916 0.6025012 0.5688460 0.6119016 0.5560093 0.5572179 0.6099986 0.4995208 0.4924451 1.1430436 
Arabidopsis_lyrata_XP_020881852.1     0.5168859 0.5380593 0.5299007 0.5016574 0.5006329 0.5225088 0.4868086 0.4914130 0.0355297 0.0000000 0.0646877 0.0680759 0.1030059 0.1448601 0.1427717 0.5717038 0.5236924 0.5542522 0.5479674 0.5575641 0.5183407 0.5227987 0.4387014 0.5008219 0.5128995 0.4081267 0.3742917 0.3689567 0.3927606 0.3895154 0.3054694 0.3676634 0.3869685 0.4043085 0.3647364 0.3547681 0.3436099 0.3517907 0.3835622 0.3966106 0.3876292 0.3653639 0.3519206 0.4033119 0.4103050 0.4134343 0.4224632 0.3958329 0.3839318 0.3975408 0.3814959 0.3843220 0.3777561 0.3787543 0.4034851 0.3603449 0.3603449 0.3438522 0.3496056 0.3309592 0.4929647 0.5044531 0.4776757 0.4484444 0.4722309 0.4689793 0.5132572 0.5290946 0.5304612 0.5464896 0.5240783 0.5261285 0.5362205 0.5141407 0.5473085 0.5117274 0.5093447 0.5692481 0.4480090 0.4535302 1.0321348 
Arabidopsis_thaliana_NP_850314.1      0.5346158 0.5555063 0.5531077 0.5169610 0.5148616 0.5614971 0.5126020 0.5182439 0.0453444 0.0646877 0.0000000 0.0743494 0.0957620 0.1544982 0.1477817 0.5797035 0.5542512 0.5677926 0.5506635 0.5713088 0.5525455 0.5512881 0.4492702 0.5057631 0.5266743 0.4687264 0.4194160 0.4203211 0.4402907 0.4432469 0.2832624 0.3873821 0.3796872 0.3798110 0.3527034 0.3984296 0.4023727 0.3769831 0.3829301 0.3950004 0.3993533 0.3745307 0.3602665 0.4226194 0.4242697 0.4314442 0.4415690 0.4151321 0.3864549 0.3941867 0.3976880 0.4075032 0.3951511 0.3979112 0.4512537 0.3748150 0.3748150 0.3614157 0.3587534 0.3424602 0.5148799 0.5036676 0.5030828 0.4837378 0.4930596 0.4825979 0.5762144 0.5562078 0.5574821 0.5795099 0.5543815 0.5563259 0.5709793 0.5446319 0.5811401 0.5380473 0.5316460 0.5889511 0.4856611 0.4811466 1.1090214 
Capsella_rubella_XP_023639660.1       0.5581712 0.5645063 0.5657650 0.5293629 0.5390306 0.5835333 0.5254938 0.5311730 0.0479200 0.0680759 0.0743494 0.0000000 0.0599801 0.1351209 0.1291551 0.5685594 0.5521177 0.5539652 0.5370257 0.5575357 0.5691914 0.5792430 0.4850985 0.5480544 0.5364516 0.4695651 0.4187106 0.4134741 0.4385466 0.4368332 0.2873151 0.4012542 0.3885523 0.4065073 0.3772378 0.3988107 0.3983303 0.3850175 0.3840980 0.3960716 0.3948667 0.3658382 0.3622501 0.4342750 0.4425837 0.4469607 0.4594964 0.4358289 0.3952607 0.4251367 0.4125677 0.4224343 0.4153598 0.4119278 0.4704412 0.4112634 0.4112634 0.3935100 0.3949518 0.3743468 0.5498913 0.5350760 0.5351299 0.5053625 0.5219211 0.4980041 0.5974901 0.5842316 0.5897815 0.6122280 0.5707650 0.5726952 0.6120306 0.5745281 0.6214893 0.5379894 0.5442360 0.6021254 0.5027871 0.4957313 1.1695313 
Eutrema_salsugineum_XP_006411152.1    0.5551844 0.5624374 0.5709866 0.5135891 0.5361395 0.5787946 0.5099551 0.5162237 0.0750079 0.1030059 0.0957620 0.0599801 0.0000000 0.1162053 0.1093174 0.5641564 0.5416470 0.5564767 0.5394305 0.5600521 0.5540887 0.5641819 0.5011977 0.5496775 0.5316814 0.4608257 0.4263406 0.4210943 0.4448914 0.4714810 0.2884986 0.3992448 0.3784314 0.3989943 0.3810904 0.4065201 0.3980295 0.3597889 0.3695952 0.3814182 0.3745412 0.3543664 0.3530403 0.4267099 0.4340349 0.4380322 0.4548474 0.4308980 0.4071927 0.4241976 0.4126071 0.4036316 0.3973538 0.3951529 0.4482420 0.3760309 0.3760309 0.3593736 0.3601590 0.3406895 0.5477519 0.5465544 0.5261756 0.4977267 0.5031691 0.4974931 0.5773125 0.5875970 0.5781787 0.6005133 0.5775324 0.5794717 0.6106702 0.5760412 0.6201299 0.5138738 0.5035539 0.5570699 0.4861512 0.4790869 1.0577895 
Brassica_oleracea_XP_013636754.1      0.5635781 0.5868666 0.5817686 0.5308630 0.5408044 0.5977363 0.5364802 0.5413524 0.1427211 0.1448601 0.1544982 0.1351209 0.1162053 0.0000000 0.0314069 0.5995151 0.5650914 0.5732867 0.5629306 0.5842786 0.5586606 0.5688347 0.4976416 0.5446197 0.5371725 0.4790495 0.4414559 0.4362576 0.4655069 0.5029604 0.3031198 0.4195465 0.3999894 0.4223594 0.3964906 0.4256418 0.4216050 0.4023790 0.4017647 0.4139751 0.4064948 0.3992300 0.3866682 0.4449324 0.4514717 0.4563233 0.4865786 0.4623102 0.4351029 0.4575819 0.4425261 0.4484465 0.4411742 0.4357023 0.4808571 0.4274584 0.4274584 0.4192205 0.4115412 0.4003731 0.5777878 0.5634009 0.5683768 0.5439179 0.5567606 0.4917927 0.5976045 0.5618729 0.5674898 0.5905360 0.5827345 0.5846812 0.6019396 0.5638395 0.6120730 0.5409840 0.5586635 0.6164897 0.5252589 0.5180697 1.1351743 
Brassica_rapa_XP_009143334.1          0.5497389 0.5740601 0.5682307 0.5164954 0.5263143 0.5843671 0.5226621 0.5361106 0.1369227 0.1427717 0.1477817 0.1291551 0.1093174 0.0314069 0.0000000 0.5884989 0.5542511 0.5620880 0.5516329 0.5749565 0.5560311 0.5661731 0.4948837 0.5392887 0.5184335 0.4577023 0.4273608 0.4221520 0.4444803 0.4898961 0.2994334 0.4059387 0.4049051 0.4188992 0.3990074 0.4197044 0.4143638 0.3914098 0.3910175 0.4030786 0.3985329 0.3874282 0.3761983 0.4310421 0.4407166 0.4441478 0.4701459 0.4461093 0.4213966 0.4607505 0.4295337 0.4353088 0.4219299 0.4177634 0.4625549 0.4079785 0.4079785 0.3961510 0.3915601 0.3767408 0.5572686 0.5590592 0.5527876 0.5287473 0.5400054 0.4746527 0.5860756 0.5553811 0.5618072 0.5846981 0.5761491 0.5780948 0.5949614 0.5581851 0.6049876 0.5315237 0.5483278 0.6060331 0.5191846 0.5119829 1.1712410 
Capsicum_annuum_XP_016542462.1        0.4092591 0.4034686 0.4015182 0.3804662 0.3783416 0.3877982 0.3996796 0.3974459 0.6010852 0.5717038 0.5797035 0.5685594 0.5641564 0.5995151 0.5884989 0.0000000 0.0725079 0.0645689 0.0615756 0.0751375 0.3841120 0.3893872 0.3412634 0.3872070 0.3874430 0.5079941 0.4586812 0.4532892 0.4682031 0.5128101 0.3957104 0.4108334 0.4538561 0.4431643 0.4443840 0.4344336 0.4389178 0.5138026 0.4575816 0.4537317 0.4750137 0.4466213 0.4136126 0.4297929 0.4324371 0.4354447 0.4549193 0.4396710 0.4587428 0.4652623 0.3867517 0.4183662 0.3498297 0.3475627 0.3926286 0.4894584 0.4894584 0.5531356 0.4859951 0.5487902 0.4772285 0.4381656 0.4782586 0.4532203 0.4510376 0.3816967 0.4632023 0.4367580 0.4279178 0.4475599 0.4215185 0.4291632 0.4825135 0.4503044 0.5168791 0.4393450 0.4429458 0.5134100 0.4954624 0.4908560 1.0212473 
Nicotiana_attenuata_XP_019250602.1    0.4084168 0.4035082 0.4067124 0.3816831 0.3795342 0.3918577 0.4023837 0.4001403 0.5669152 0.5236924 0.5542512 0.5521177 0.5416470 0.5650914 0.5542511 0.0725079 0.0000000 0.0818927 0.0791062 0.0806752 0.3652562 0.3705334 0.3151232 0.3569977 0.3758386 0.4844767 0.4413009 0.4360329 0.4481806 0.5015891 0.3836644 0.4011515 0.4368049 0.4199427 0.4137888 0.4362829 0.4446402 0.4781328 0.4294880 0.4257423 0.4440348 0.4066014 0.3790244 0.4014479 0.4001255 0.4014630 0.4368586 0.4163702 0.4385559 0.4342306 0.3945211 0.4176842 0.3616514 0.3578296 0.3870800 0.4824130 0.4824130 0.5498772 0.4789709 0.5455520 0.4850564 0.4450236 0.4877439 0.4551070 0.4675501 0.3630690 0.4373047 0.4373991 0.4285958 0.4419956 0.4162691 0.4238198 0.4803242 0.4524514 0.5252112 0.4197057 0.4206448 0.4878569 0.4844119 0.4798376 0.9503022 
Solanum_lycopersicum_XP_004246709.1   0.4059310 0.3994729 0.3982012 0.3770426 0.3698379 0.3836876 0.3849452 0.3827895 0.5869345 0.5542522 0.5677926 0.5539652 0.5564767 0.5732867 0.5620880 0.0645689 0.0818927 0.0000000 0.0036153 0.0215080 0.3809973 0.3814943 0.3317796 0.3671199 0.3608393 0.4867461 0.4667240 0.4613487 0.4755384 0.5022421 0.3823461 0.3877115 0.4410929 0.4185671 0.4136548 0.4330901 0.4364204 0.5010147 0.4525772 0.4487214 0.4670810 0.4419695 0.4091778 0.4209959 0.4196078 0.4219539 0.4485313 0.4276917 0.4481659 0.4524709 0.3828052 0.4028506 0.3562052 0.3495290 0.3982726 0.4789017 0.4789017 0.5444974 0.4755044 0.5402400 0.4649276 0.4366434 0.4597531 0.4291991 0.4344716 0.3604997 0.4297870 0.3949565 0.3864997 0.4056856 0.3863006 0.3937821 0.4320535 0.4117869 0.4743245 0.4146142 0.4162560 0.4839472 0.5223731 0.5175325 0.9479431 
Solanum_pennellii_XP_015088572.1      0.4059310 0.3994729 0.3982012 0.3770426 0.3698379 0.3906652 0.3849452 0.3827895 0.5699746 0.5479674 0.5506635 0.5370257 0.5394305 0.5629306 0.5516329 0.0615756 0.0791062 0.0036153 0.0000000 0.0181466 0.3833496 0.3838469 0.3274151 0.3615807 0.3483416 0.4804033 0.4595686 0.4541657 0.4684010 0.4918533 0.3823461 0.3834062 0.4383336 0.4121716 0.4007304 0.4301107 0.4335172 0.4917932 0.4411628 0.4372846 0.4557248 0.4390379 0.4056204 0.4111310 0.4097585 0.4116153 0.4323447 0.4115672 0.4461779 0.4422300 0.3784155 0.3995900 0.3575786 0.3446951 0.3862543 0.4696621 0.4696621 0.5338612 0.4662817 0.5296193 0.4605771 0.4321421 0.4563606 0.4136990 0.4281818 0.3589349 0.4240305 0.3890780 0.3805987 0.3999212 0.3803896 0.3879190 0.4327649 0.4066238 0.4685062 0.4047148 0.4055935 0.4731009 0.5167328 0.5119245 0.9257610 
Solanum_tuberosum_XP_006367264.1      0.4334982 0.4266647 0.4253617 0.4053336 0.3980759 0.4103623 0.4058098 0.4035670 0.5897378 0.5575641 0.5713088 0.5575357 0.5600521 0.5842786 0.5749565 0.0751375 0.0806752 0.0215080 0.0181466 0.0000000 0.3801919 0.3806801 0.3264378 0.3660646 0.3621120 0.5003182 0.4695489 0.4641695 0.4766563 0.5016481 0.3833484 0.3933629 0.4456947 0.4231437 0.4014866 0.4523626 0.4555268 0.4965935 0.4562779 0.4524317 0.4736877 0.4353240 0.4043812 0.4157139 0.4143584 0.4164058 0.4560666 0.4352520 0.4499899 0.4528949 0.3806282 0.4006942 0.3629389 0.3562279 0.4055743 0.5052366 0.5052366 0.5770436 0.5018326 0.5727685 0.4833289 0.4532516 0.4700202 0.4440257 0.4546576 0.3785910 0.4467235 0.4187887 0.4101863 0.4294668 0.4108750 0.4183882 0.4566106 0.4358012 0.5025434 0.4398274 0.4422063 0.5106014 0.5095055 0.5048217 0.9441816 
Cucumis_melo_XP_008447235.1           0.3703510 0.3946081 0.3911825 0.3761051 0.3700932 0.3663359 0.3666395 0.3613293 0.5433534 0.5183407 0.5525455 0.5691914 0.5540887 0.5586606 0.5560311 0.3841120 0.3652562 0.3809973 0.3833496 0.3801919 0.0000000 0.0310055 0.2968480 0.3154800 0.3564416 0.4851881 0.4438332 0.4387123 0.4483929 0.5129046 0.3280267 0.3576929 0.3749419 0.3827632 0.3505982 0.4044172 0.4369501 0.4194831 0.3690094 0.3573182 0.3860511 0.3828937 0.3527341 0.3520316 0.3539850 0.3509051 0.3762365 0.3601460 0.4278527 0.3766089 0.2791627 0.3145793 0.2416270 0.2349299 0.3007455 0.4364343 0.4364343 0.5096105 0.4341507 0.5065127 0.3663909 0.3427160 0.3512875 0.3438764 0.4042323 0.3111639 0.3473589 0.3454709 0.3393724 0.3448350 0.3443748 0.3457106 0.3901746 0.3477374 0.4133350 0.3957874 0.3970271 0.4459050 0.4421427 0.4279509 0.8546639 
Cucumis_sativus_XP_004142103.1        0.3648068 0.3888052 0.3849988 0.3741359 0.3580138 0.3645367 0.3635725 0.3578936 0.5534418 0.5227987 0.5512881 0.5792430 0.5641819 0.5688347 0.5661731 0.3893872 0.3705334 0.3814943 0.3838469 0.3806801 0.0310055 0.0000000 0.2994033 0.3105503 0.3506463 0.4729368 0.4474838 0.4423471 0.4520786 0.5110968 0.3359374 0.3695557 0.3938877 0.3956452 0.3631582 0.4149668 0.4500412 0.4388776 0.3918451 0.3799606 0.4090231 0.4133741 0.3748114 0.3717900 0.3736522 0.3714767 0.3960785 0.3797522 0.4513156 0.3978506 0.2862627 0.3117072 0.2482632 0.2418326 0.3080564 0.4469908 0.4469908 0.5166011 0.4446734 0.5134772 0.3772126 0.3575421 0.3581889 0.3547251 0.4132411 0.3152860 0.3567313 0.3432247 0.3352518 0.3509558 0.3471118 0.3484337 0.3878134 0.3540253 0.4151615 0.3795478 0.3795840 0.4306576 0.4438694 0.4277875 0.8555995 
Helianthus_annuus_XP_022000764.1      0.3228126 0.3308009 0.3330654 0.3413483 0.3266126 0.3271262 0.3494695 0.3471528 0.4853655 0.4387014 0.4492702 0.4850985 0.5011977 0.4976416 0.4948837 0.3412634 0.3151232 0.3317796 0.3274151 0.3264378 0.2968480 0.2994033 0.0000000 0.0640766 0.2192461 0.4498336 0.4171960 0.4120047 0.4272997 0.4681938 0.3162268 0.3414918 0.4191592 0.3743642 0.3741332 0.4096331 0.4167306 0.4062589 0.3754975 0.3666105 0.3711396 0.3657102 0.3400774 0.3753089 0.3732367 0.3611418 0.4166094 0.3922981 0.3991939 0.3942751 0.2974271 0.3396695 0.2987781 0.2994870 0.3567447 0.4312541 0.4312541 0.4981494 0.4289816 0.4950837 0.4053715 0.3756979 0.3766291 0.3651843 0.4157920 0.2849028 0.3458004 0.3250414 0.3219731 0.3307247 0.3218511 0.3179601 0.3353225 0.3095486 0.3481227 0.3605310 0.3504813 0.4175317 0.4112670 0.3995952 0.9310304 
Helianthus_annuus_XP_022024206.1      0.3492444 0.3679421 0.3595221 0.3662688 0.3512068 0.3609295 0.3713785 0.3717874 0.5450294 0.5008219 0.5057631 0.5480544 0.5496775 0.5446197 0.5392887 0.3872070 0.3569977 0.3671199 0.3615807 0.3660646 0.3154800 0.3105503 0.0640766 0.0000000 0.2351894 0.4904297 0.4429415 0.4377067 0.4538083 0.4992250 0.3300575 0.3449488 0.4459718 0.4210893 0.4037936 0.4460021 0.4485214 0.4551315 0.4336834 0.4242551 0.4337606 0.4345136 0.4012776 0.3981668 0.3959697 0.3848381 0.4542436 0.4295190 0.4436286 0.4387186 0.3099970 0.3406885 0.3179980 0.3095244 0.3637393 0.4581181 0.4581181 0.5320904 0.4557527 0.5288775 0.4322019 0.4203015 0.4054893 0.3940973 0.4555235 0.3257074 0.3907949 0.3743150 0.3704860 0.3831198 0.3604697 0.3562927 0.4003464 0.3619030 0.4204180 0.4055772 0.4014727 0.4733795 0.4704959 0.4642723 1.0255643 
Helianthus_annuus_XP_022005912.1      0.3822807 0.3631951 0.3944173 0.3912450 0.3842053 0.3915104 0.4100607 0.4034424 0.5422496 0.5128995 0.5266743 0.5364516 0.5316814 0.5371725 0.5184335 0.3874430 0.3758386 0.3608393 0.3483416 0.3621120 0.3564416 0.3506463 0.2192461 0.2351894 0.0000000 0.4818792 0.4369037 0.4315440 0.4428928 0.4967180 0.3594403 0.3727237 0.4455957 0.4247011 0.4328675 0.4615530 0.4851320 0.4458911 0.4255638 0.4105671 0.4382255 0.4165561 0.3912701 0.4533007 0.4510669 0.4468856 0.4760453 0.4544067 0.4341314 0.4157656 0.3687432 0.4143711 0.3851743 0.3832365 0.4302282 0.4499182 0.4499182 0.5079614 0.4389588 0.4941341 0.4648069 0.4552658 0.4429704 0.4362934 0.4581412 0.3679112 0.3666752 0.3667913 0.3632126 0.3864845 0.3755859 0.3711105 0.3963147 0.3667998 0.4129528 0.4427161 0.4196368 0.4713239 0.5031232 0.4985394 0.8777397 
Capsicum_annuum_XP_016550943.1        0.4793266 0.4882098 0.5022012 0.4641947 0.4503793 0.5071598 0.4815045 0.4739727 0.4930248 0.4081267 0.4687264 0.4695651 0.4608257 0.4790495 0.4577023 0.5079941 0.4844767 0.4867461 0.4804033 0.5003182 0.4851881 0.4729368 0.4498336 0.4904297 0.4818792 0.0000000 0.0926110 0.0885682 0.1041965 0.1421452 0.2734701 0.3586124 0.3712180 0.3652180 0.3344881 0.3663715 0.3690014 0.3599271 0.3662007 0.3648255 0.3473329 0.3526045 0.3261123 0.4023729 0.4111617 0.4121326 0.4204004 0.4075041 0.3837734 0.3508201 0.3648871 0.3623477 0.3518848 0.3443989 0.3574893 0.3758755 0.3758755 0.3948287 0.3701457 0.3877476 0.5224445 0.4987421 0.4935216 0.4701725 0.4828142 0.4603146 0.5382545 0.5437642 0.5388782 0.5529959 0.5252170 0.5332907 0.5690167 0.5291069 0.5937761 0.4894545 0.4943266 0.5646677 0.4499371 0.4549870 0.9063200 
Solanum_lycopersicum_XP_004237532.1   0.4438585 0.4539635 0.4633871 0.4711019 0.4641037 0.4840451 0.4736734 0.4627916 0.4320824 0.3742917 0.4194160 0.4187106 0.4263406 0.4414559 0.4273608 0.4586812 0.4413009 0.4667240 0.4595686 0.4695489 0.4438332 0.4474838 0.4171960 0.4429415 0.4369037 0.0926110 0.0000000 0.0038047 0.0310416 0.1328502 0.2549158 0.3075311 0.3187618 0.3367463 0.3059752 0.3449751 0.3456183 0.3651525 0.3588102 0.3518137 0.3450080 0.3239547 0.3046934 0.3781863 0.3831453 0.3827937 0.3955586 0.3794202 0.3457038 0.3340479 0.3597416 0.3600160 0.3614551 0.3568989 0.3764856 0.3674472 0.3674472 0.3993147 0.3622751 0.3928875 0.4635415 0.4565551 0.4517067 0.4331911 0.4514649 0.4600171 0.4950797 0.4839416 0.4814602 0.4936662 0.4761924 0.4734208 0.5129823 0.4840863 0.5422579 0.4516803 0.4415367 0.5091418 0.4258896 0.4309936 0.8971931 
Solanum_pennellii_XP_015073977.1      0.4385887 0.4486709 0.4580420 0.4657230 0.4587506 0.4787284 0.4682598 0.4574200 0.4268518 0.3689567 0.4203211 0.4134741 0.4210943 0.4362576 0.4221520 0.4532892 0.4360329 0.4613487 0.4541657 0.4641695 0.4387123 0.4423471 0.4120047 0.4377067 0.4315440 0.0885682 0.0038047 0.0000000 0.0309246 0.1286737 0.2498271 0.3027426 0.3140003 0.3318828 0.3011849 0.3400988 0.3407405 0.3601663 0.3539409 0.3469429 0.3401904 0.3185337 0.2999134 0.3731658 0.3781446 0.3775532 0.3906101 0.3745000 0.3407776 0.3356161 0.3546989 0.3549499 0.3564236 0.3518843 0.3713507 0.3624289 0.3624289 0.3930706 0.3572615 0.3866491 0.4582892 0.4513303 0.4464672 0.4280477 0.4462121 0.4547129 0.4897587 0.4786303 0.4761588 0.4883191 0.4709044 0.4681344 0.5064442 0.4787564 0.5355432 0.4465035 0.4415367 0.5091418 0.4205866 0.4256828 0.8971931 
Solanum_tuberosum_XP_006340552.1      0.4330277 0.4531875 0.4524179 0.4625911 0.4556023 0.4731498 0.4635985 0.4528199 0.4510581 0.3927606 0.4402907 0.4385466 0.4448914 0.4655069 0.4444803 0.4682031 0.4481806 0.4755384 0.4684010 0.4766563 0.4483929 0.4520786 0.4272997 0.4538083 0.4428928 0.1041965 0.0310416 0.0309246 0.0000000 0.1354421 0.2708982 0.3316110 0.3433231 0.3453374 0.3230411 0.3675343 0.3624586 0.3623484 0.3585924 0.3516020 0.3448047 0.3208613 0.2972610 0.4046545 0.4039063 0.4045625 0.4150253 0.3985599 0.3510555 0.3340812 0.3802151 0.3805907 0.3675541 0.3629319 0.3828602 0.3662600 0.3662600 0.3934632 0.3557050 0.3804038 0.4595176 0.4505220 0.4628484 0.4411565 0.4601111 0.4608555 0.4818083 0.4805772 0.4781093 0.4902511 0.4766166 0.4848584 0.5037897 0.4730109 0.5326510 0.4656363 0.4563228 0.5248920 0.4377139 0.4428810 0.9028705 
Nicotiana_attenuata_XP_019232314.1    0.5015739 0.5092796 0.5166849 0.4829743 0.4692194 0.5322457 0.5067318 0.5047057 0.4648575 0.3895154 0.4432469 0.4368332 0.4714810 0.5029604 0.4898961 0.5128101 0.5015891 0.5022421 0.4918533 0.5016481 0.5129046 0.5110968 0.4681938 0.4992250 0.4967180 0.1421452 0.1328502 0.1286737 0.1354421 0.0000000 0.2700894 0.3667777 0.4028001 0.4019950 0.3754611 0.3998830 0.3938476 0.3885971 0.3939714 0.3886885 0.3825358 0.3724304 0.3443942 0.4350408 0.4383119 0.4460550 0.4338835 0.4219806 0.3622901 0.3485107 0.3658424 0.4043064 0.3710762 0.3456296 0.3867050 0.3783834 0.3783834 0.4116813 0.3783531 0.4116463 0.5174379 0.5038246 0.5146183 0.4915718 0.4881595 0.5029409 0.5608941 0.5583644 0.5598814 0.5815180 0.5395216 0.5475277 0.6270229 0.5686010 0.6598508 0.5231430 0.5243164 0.5983731 0.4992061 0.5139365 1.0832259 
Carica_papaya_XP_021910317.1          0.3431696 0.3457868 0.3454726 0.3553469 0.3429251 0.3492886 0.3559308 0.3441492 0.2957916 0.3054694 0.2832624 0.2873151 0.2884986 0.3031198 0.2994334 0.3957104 0.3836644 0.3823461 0.3823461 0.3833484 0.3280267 0.3359374 0.3162268 0.3300575 0.3594403 0.2734701 0.2549158 0.2498271 0.2708982 0.2700894 0.0000000 0.1936552 0.2378492 0.2372758 0.2150977 0.1873506 0.1937239 0.2267826 0.2391731 0.2270479 0.2256097 0.2011461 0.2000005 0.2229935 0.2265467 0.2242624 0.2572301 0.2387509 0.2342253 0.2601479 0.2797825 0.2798758 0.2625636 0.2516509 0.2917770 0.2442371 0.2442371 0.2414131 0.2407236 0.2370969 0.3490281 0.3208266 0.2831410 0.2585554 0.3074705 0.3265102 0.3500747 0.3300865 0.3324408 0.3499023 0.3095893 0.3112555 0.3670680 0.3217960 0.3670680 0.2952882 0.2902090 0.3518381 0.3067994 0.3121242 0.8374141 
Vitis_vinifera_XP_010658159.1         0.3611877 0.3727779 0.3770061 0.3516645 0.3377662 0.3615539 0.3762310 0.3761688 0.3917322 0.3676634 0.3873821 0.4012542 0.3992448 0.4195465 0.4059387 0.4108334 0.4011515 0.3877115 0.3834062 0.3933629 0.3576929 0.3695557 0.3414918 0.3449488 0.3727237 0.3586124 0.3075311 0.3027426 0.3316110 0.3667777 0.1936552 0.0000000 0.2566124 0.2500382 0.2340696 0.2511052 0.2618258 0.2964145 0.2584991 0.2541917 0.2735421 0.2335304 0.2168952 0.3126403 0.3189176 0.3208002 0.3162430 0.3030682 0.2890951 0.2850197 0.2411854 0.2793317 0.2475401 0.2343672 0.2726636 0.2539898 0.2539898 0.2634058 0.2561229 0.2660555 0.3762644 0.3711144 0.3787971 0.3633225 0.3971202 0.3521980 0.4173583 0.4014246 0.3971437 0.4048314 0.3891868 0.3904036 0.4398794 0.3956913 0.4712626 0.4068069 0.4233922 0.4878844 0.3814309 0.3773533 0.8841465 
Jatropha_curcas_XP_012073625.2        0.3950338 0.4237143 0.4335108 0.4000693 0.3977146 0.4037261 0.3917733 0.3816907 0.3896722 0.3869685 0.3796872 0.3885523 0.3784314 0.3999894 0.4049051 0.4538561 0.4368049 0.4410929 0.4383336 0.4456947 0.3749419 0.3938877 0.4191592 0.4459718 0.4455957 0.3712180 0.3187618 0.3140003 0.3433231 0.4028001 0.2378492 0.2566124 0.0000000 0.1789804 0.1623173 0.3001050 0.3032801 0.3029770 0.2819673 0.2712215 0.2913227 0.2293088 0.2352361 0.2732681 0.2757434 0.2757598 0.2851384 0.2663933 0.2786520 0.3339779 0.3019493 0.3085895 0.2920942 0.2945922 0.3352539 0.2759512 0.2759512 0.2877633 0.2808509 0.2937417 0.4521288 0.4198714 0.4499605 0.4108415 0.4395248 0.3985060 0.4515264 0.4580384 0.4557845 0.4745411 0.4663070 0.4570917 0.5136367 0.4492845 0.5285182 0.4247085 0.4320128 0.4845956 0.4140593 0.4210946 0.9952057 
Manihot_esculenta_XP_021618629.1      0.3906847 0.4005284 0.4185813 0.3866802 0.3749429 0.4056432 0.3965352 0.3867863 0.4046928 0.4043085 0.3798110 0.4065073 0.3989943 0.4223594 0.4188992 0.4431643 0.4199427 0.4185671 0.4121716 0.4231437 0.3827632 0.3956452 0.3743642 0.4210893 0.4247011 0.3652180 0.3367463 0.3318828 0.3453374 0.4019950 0.2372758 0.2500382 0.1789804 0.0000000 0.1125068 0.3079645 0.3049279 0.3138583 0.2812451 0.2758712 0.2875933 0.2577966 0.2352371 0.2633629 0.2701576 0.2699436 0.2391887 0.2231477 0.2860092 0.3207426 0.2704314 0.2808314 0.2703759 0.2670169 0.2846222 0.2921232 0.2921232 0.3073090 0.2852572 0.2990778 0.4041431 0.3641512 0.4055793 0.3772568 0.4025421 0.3745028 0.4662315 0.4528006 0.4522547 0.4654188 0.4538577 0.4548895 0.5041522 0.4404773 0.5164600 0.4518949 0.4565528 0.5036997 0.4180100 0.4118894 0.8780853 
Manihot_esculenta_XP_021626477.1      0.3752731 0.3972710 0.4031565 0.3780221 0.3650610 0.3925224 0.3743948 0.3648667 0.3751238 0.3647364 0.3527034 0.3772378 0.3810904 0.3964906 0.3990074 0.4443840 0.4137888 0.4136548 0.4007304 0.4014866 0.3505982 0.3631582 0.3741332 0.4037936 0.4328675 0.3344881 0.3059752 0.3011849 0.3230411 0.3754611 0.2150977 0.2340696 0.1623173 0.1125068 0.0000000 0.3068807 0.3088034 0.2951444 0.2765300 0.2700369 0.2759511 0.2271589 0.2145683 0.2443560 0.2492483 0.2481754 0.2303290 0.2112333 0.2846809 0.3183266 0.2670095 0.2931655 0.2544677 0.2410793 0.2998413 0.2633110 0.2633110 0.2725532 0.2591903 0.2675880 0.3764246 0.3551601 0.3884898 0.3542347 0.4172203 0.3686433 0.4527470 0.4334750 0.4386243 0.4486155 0.4401219 0.4411890 0.4870824 0.4244681 0.4956029 0.4337081 0.4408154 0.5004273 0.4076652 0.4064131 0.9519598 
Gossypium_hirsutum_XP_016700945.1     0.4165292 0.4184736 0.4333604 0.4011580 0.3890811 0.4325566 0.4018790 0.3969136 0.4141729 0.3547681 0.3984296 0.3988107 0.4065201 0.4256418 0.4197044 0.4344336 0.4362829 0.4330901 0.4301107 0.4523626 0.4044172 0.4149668 0.4096331 0.4460021 0.4615530 0.3663715 0.3449751 0.3400988 0.3675343 0.3998830 0.1873506 0.2511052 0.3001050 0.3079645 0.3068807 0.0000000 0.0996246 0.3205205 0.3154807 0.3161190 0.3285717 0.3008372 0.2783620 0.3120582 0.3211443 0.3231863 0.3005332 0.2855609 0.3120826 0.3031671 0.3247305 0.3356116 0.3056003 0.3006416 0.3297482 0.3229937 0.3229937 0.3584629 0.3256153 0.3618493 0.4302332 0.4159328 0.4028209 0.3795566 0.4036326 0.3993466 0.4684440 0.4440071 0.4347190 0.4489912 0.4416648 0.4427307 0.4902521 0.4344491 0.5074159 0.3942901 0.4098068 0.4332699 0.4017413 0.3952157 0.9286960 
Gossypium_hirsutum_XP_016717918.1     0.4286379 0.4326075 0.4345492 0.4136687 0.4013074 0.4498190 0.3961037 0.3942856 0.4124417 0.3436099 0.4023727 0.3983303 0.3980295 0.4216050 0.4143638 0.4389178 0.4446402 0.4364204 0.4335172 0.4555268 0.4369501 0.4500412 0.4167306 0.4485214 0.4851320 0.3690014 0.3456183 0.3407405 0.3624586 0.3938476 0.1937239 0.2618258 0.3032801 0.3049279 0.3088034 0.0996246 0.0000000 0.3413284 0.3307591 0.3352791 0.3445211 0.3164356 0.2948154 0.3280833 0.3335801 0.3362013 0.3261229 0.3080660 0.3073245 0.3076034 0.3238893 0.3363942 0.3080540 0.3030842 0.3327295 0.3155336 0.3155336 0.3487006 0.3180869 0.3519840 0.4127022 0.4048999 0.3833198 0.3661203 0.3938544 0.4112829 0.4538747 0.4440713 0.4410121 0.4497376 0.4429142 0.4439750 0.4721346 0.4219636 0.4834559 0.4134393 0.4238434 0.4802602 0.4037887 0.4029578 0.9516011 
Fragaria_vesca_XP_004307433.1         0.4469419 0.4642553 0.4682764 0.4397070 0.4372517 0.4761063 0.4603180 0.4631812 0.3957655 0.3517907 0.3769831 0.3850175 0.3597889 0.4023790 0.3914098 0.5138026 0.4781328 0.5010147 0.4917932 0.4965935 0.4194831 0.4388776 0.4062589 0.4551315 0.4458911 0.3599271 0.3651525 0.3601663 0.3623484 0.3885971 0.2267826 0.2964145 0.3029770 0.3138583 0.2951444 0.3205205 0.3413284 0.0000000 0.1900816 0.1950904 0.1966854 0.1688957 0.1464084 0.3524784 0.3442299 0.3473567 0.3783455 0.3535731 0.2822032 0.2911495 0.3322160 0.3514165 0.3055838 0.3029619 0.3219180 0.3185487 0.3185487 0.3415042 0.3195510 0.3428196 0.4242029 0.3973301 0.4259489 0.3986560 0.4301113 0.4321462 0.4648137 0.4396553 0.4357622 0.4472546 0.4469419 0.4514657 0.4642081 0.4288252 0.4814916 0.3949831 0.3995504 0.4663060 0.4133205 0.4038865 0.8728315 
Malus_domestica_XP_008384309.1        0.4405438 0.4499229 0.4562031 0.4220672 0.4196458 0.4337397 0.4265257 0.4233583 0.4015676 0.3835622 0.3829301 0.3840980 0.3695952 0.4017647 0.3910175 0.4575816 0.4294880 0.4525772 0.4411628 0.4562779 0.3690094 0.3918451 0.3754975 0.4336834 0.4255638 0.3662007 0.3588102 0.3539409 0.3585924 0.3939714 0.2391731 0.2584991 0.2819673 0.2812451 0.2765300 0.3154807 0.3307591 0.1900816 0.0000000 0.0252706 0.0667890 0.1007936 0.0998213 0.3118148 0.3145017 0.3115088 0.3150603 0.3010103 0.2817206 0.3277841 0.2887430 0.3214668 0.2988764 0.2910077 0.3006118 0.2878957 0.2878957 0.3126165 0.2882393 0.3130603 0.4096701 0.3913381 0.4091941 0.3762804 0.4129070 0.4224095 0.4512102 0.4617443 0.4638671 0.4829293 0.4515478 0.4525798 0.5018371 0.4398510 0.5162332 0.3881467 0.3883870 0.4516188 0.4248179 0.4189900 0.9230231 
Pyrus_x_bretschneideri_XP_009357608.1 0.4308964 0.4401379 0.4464415 0.4124370 0.4100293 0.4242458 0.4168948 0.4137529 0.4137652 0.3966106 0.3950004 0.3960716 0.3814182 0.4139751 0.4030786 0.4537317 0.4257423 0.4487214 0.4372846 0.4524317 0.3573182 0.3799606 0.3666105 0.4242551 0.4105671 0.3648255 0.3518137 0.3469429 0.3516020 0.3886885 0.2270479 0.2541917 0.2712215 0.2758712 0.2700369 0.3161190 0.3352791 0.1950904 0.0252706 0.0000000 0.0781990 0.1055150 0.1038432 0.3033077 0.3060080 0.3073336 0.3137270 0.2934705 0.2707117 0.3191673 0.2748645 0.3124999 0.2845555 0.2767424 0.2851848 0.2740278 0.2740278 0.2954653 0.2765390 0.2985186 0.4227160 0.4042956 0.3964624 0.3642235 0.4055349 0.4131105 0.4417143 0.4522113 0.4543471 0.4732300 0.4420261 0.4430843 0.4900385 0.4304974 0.5041303 0.3759236 0.3756224 0.4368363 0.4320056 0.4261372 0.8848539 
Malus_domestica_XP_028956472.1        0.4569491 0.4747009 0.4808487 0.4443665 0.4419413 0.4579720 0.4512002 0.4480027 0.4170829 0.3876292 0.3993533 0.3948667 0.3745412 0.4064948 0.3985329 0.4750137 0.4440348 0.4670810 0.4557248 0.4736877 0.3860511 0.4090231 0.3711396 0.4337606 0.4382255 0.3473329 0.3450080 0.3401904 0.3448047 0.3825358 0.2256097 0.2735421 0.2913227 0.2875933 0.2759511 0.3285717 0.3445211 0.1966854 0.0667890 0.0781990 0.0000000 0.1165814 0.1100223 0.3188487 0.3215434 0.3188285 0.3221080 0.3078841 0.3041361 0.3127636 0.2933859 0.3289494 0.3021343 0.2943367 0.3032062 0.2985158 0.2985158 0.3159867 0.2988680 0.3164285 0.4199229 0.3975198 0.4094168 0.3678033 0.4098248 0.4208500 0.4638953 0.4675371 0.4696287 0.4885861 0.4687546 0.4697252 0.5019200 0.4439412 0.5138641 0.3820424 0.3797584 0.4415759 0.4136748 0.4079460 0.9086180 
Prunus_mume_XP_016649842.1            0.4359576 0.4651712 0.4678535 0.4372630 0.4345471 0.4379944 0.4346708 0.4311318 0.3750065 0.3653639 0.3745307 0.3658382 0.3543664 0.3992300 0.3874282 0.4466213 0.4066014 0.4419695 0.4390379 0.4353240 0.3828937 0.4133741 0.3657102 0.4345136 0.4165561 0.3526045 0.3239547 0.3185337 0.3208613 0.3724304 0.2011461 0.2335304 0.2293088 0.2577966 0.2271589 0.3008372 0.3164356 0.1688957 0.1007936 0.1055150 0.1165814 0.0000000 0.0155936 0.2952553 0.2872176 0.2877823 0.3375442 0.3174618 0.2461383 0.2955919 0.2837666 0.2968707 0.2733606 0.2746911 0.3011498 0.2404530 0.2404530 0.2556084 0.2427439 0.2585888 0.4281028 0.4101666 0.4244332 0.3925293 0.4207501 0.4192785 0.4657819 0.4840990 0.4833917 0.4978817 0.4950749 0.4904938 0.5186262 0.4477207 0.5356148 0.4073689 0.4135335 0.4956443 0.4468288 0.4400221 1.0761875 
Prunus_persica_XP_020414028.1         0.3845703 0.4057980 0.4122136 0.3813993 0.3790215 0.3932209 0.3903801 0.3873058 0.3707151 0.3519206 0.3602665 0.3622501 0.3530403 0.3866682 0.3761983 0.4136126 0.3790244 0.4091778 0.4056204 0.4043812 0.3527341 0.3748114 0.3400774 0.4012776 0.3912701 0.3261123 0.3046934 0.2999134 0.2972610 0.3443942 0.2000005 0.2168952 0.2352361 0.2352371 0.2145683 0.2783620 0.2948154 0.1464084 0.0998213 0.1038432 0.1100223 0.0155936 0.0000000 0.2846635 0.2774205 0.2775082 0.3057223 0.2856214 0.2517296 0.2740808 0.2627430 0.2842587 0.2493972 0.2547174 0.2771427 0.2348949 0.2348949 0.2469329 0.2354832 0.2477305 0.4077383 0.3871229 0.4099312 0.3755120 0.4055013 0.3792792 0.4307486 0.4421603 0.4416660 0.4597298 0.4457861 0.4468184 0.4636577 0.4102620 0.4772655 0.3796912 0.3882843 0.4522761 0.4132727 0.4075259 0.8049100 
Populus_euphratica_XP_011006606.1     0.4181068 0.4292394 0.4346067 0.3981470 0.3915697 0.4106253 0.3896320 0.3865105 0.4283193 0.4033119 0.4226194 0.4342750 0.4267099 0.4449324 0.4310421 0.4297929 0.4014479 0.4209959 0.4111310 0.4157139 0.3520316 0.3717900 0.3753089 0.3981668 0.4533007 0.4023729 0.3781863 0.3731658 0.4046545 0.4350408 0.2229935 0.3126403 0.2732681 0.2633629 0.2443560 0.3120582 0.3280833 0.3524784 0.3118148 0.3033077 0.3188487 0.2952553 0.2846635 0.0000000 0.0215362 0.0186724 0.1536689 0.1369101 0.3370694 0.3615242 0.3206296 0.3261920 0.2873211 0.2843113 0.3194426 0.3398450 0.3398450 0.3753580 0.3360951 0.3707476 0.4800753 0.4459578 0.4419240 0.4056771 0.4516853 0.4043471 0.4796427 0.4772046 0.4736916 0.4905628 0.4732868 0.4639520 0.5208983 0.4627817 0.5377823 0.3912819 0.3901120 0.4558081 0.4290317 0.4347146 1.0036102 
Populus_trichocarpa_XP_002311122.1    0.4217325 0.4328403 0.4382041 0.4018833 0.3953404 0.4142486 0.3909041 0.3877996 0.4365950 0.4103050 0.4242697 0.4425837 0.4340349 0.4514717 0.4407166 0.4324371 0.4001255 0.4196078 0.4097585 0.4143584 0.3539850 0.3736522 0.3732367 0.3959697 0.4510669 0.4111617 0.3831453 0.3781446 0.4039063 0.4383119 0.2265467 0.3189176 0.2757434 0.2701576 0.2492483 0.3211443 0.3335801 0.3442299 0.3145017 0.3060080 0.3215434 0.2872176 0.2774205 0.0215362 0.0000000 0.0000010 0.1539177 0.1317989 0.3313001 0.3578673 0.3275942 0.3328400 0.2853174 0.2820908 0.3229224 0.3421234 0.3421234 0.3777356 0.3384084 0.3731700 0.4783719 0.4442711 0.4471307 0.4108996 0.4556877 0.3926746 0.4716601 0.4709377 0.4674805 0.4841467 0.4670503 0.4578215 0.5051690 0.4529366 0.5247725 0.3991365 0.3985339 0.4651661 0.4326741 0.4389923 1.0089992 
Populus_trichocarpa_XP_024463666.1    0.4058050 0.4172968 0.4230975 0.3854077 0.3785895 0.3985181 0.3741399 0.3709218 0.4406800 0.4134343 0.4314442 0.4469607 0.4380322 0.4563233 0.4441478 0.4354447 0.4014630 0.4219539 0.4116153 0.4164058 0.3509051 0.3714767 0.3611418 0.3848381 0.4468856 0.4121326 0.3827937 0.3775532 0.4045625 0.4460550 0.2242624 0.3208002 0.2757598 0.2699436 0.2481754 0.3231863 0.3362013 0.3473567 0.3115088 0.3073336 0.3188285 0.2877823 0.2775082 0.0186724 0.0000010 0.0000000 0.1433321 0.1226522 0.3337615 0.3515083 0.3143946 0.3199477 0.2764214 0.2730283 0.3205657 0.3452379 0.3452379 0.3836401 0.3413457 0.3788000 0.4779187 0.4422590 0.4452802 0.4075067 0.4599261 0.3823534 0.4677632 0.4644216 0.4608339 0.4782081 0.4601266 0.4505039 0.4991846 0.4456041 0.5197925 0.3958271 0.3894038 0.4586923 0.4272574 0.4336140 1.0089992 
Populus_euphratica_XP_011027050.1     0.4079868 0.4055486 0.4262614 0.3917464 0.3852248 0.4287954 0.4016810 0.3985592 0.4580895 0.4224632 0.4415690 0.4594964 0.4548474 0.4865786 0.4701459 0.4549193 0.4368586 0.4485313 0.4323447 0.4560666 0.3762365 0.3960785 0.4166094 0.4542436 0.4760453 0.4204004 0.3955586 0.3906101 0.4150253 0.4338835 0.2572301 0.3162430 0.2851384 0.2391887 0.2303290 0.3005332 0.3261229 0.3783455 0.3150603 0.3137270 0.3221080 0.3375442 0.3057223 0.1536689 0.1539177 0.1433321 0.0000000 0.0206105 0.3745883 0.3503498 0.3377617 0.3505734 0.3005620 0.2755485 0.3512019 0.3566533 0.3566533 0.3879607 0.3482176 0.3775175 0.4569982 0.4222769 0.4379602 0.3962499 0.4357546 0.3706778 0.4531717 0.4445487 0.4412457 0.4565989 0.4434095 0.4444592 0.4826262 0.4229306 0.4944163 0.4101804 0.4103173 0.4647239 0.4168434 0.4245845 0.9362314 
