109
Arabidopsis_lyrata_XP_002883407.1     0.0000000 0.0612829 0.0443730 0.0588515 0.1385542 0.1403526 0.1213420 0.1233319 0.7532530 0.7502244 0.7511260 0.7483266 0.7336574 0.7327579 0.7390955 0.7389967 0.7099317 0.7208765 0.6998178 0.7232014 0.7592842 0.7300817 0.7262508 0.7304578 0.7307525 0.6530675 0.6346739 0.6263242 0.6728631 0.6389681 0.6289475 0.6864794 0.7041771 0.7032296 0.6644334 0.6626343 0.6626343 0.6411859 0.6428412 0.6783665 0.6841963 0.6930585 0.7121614 0.7183039 0.6616851 0.6612411 0.6313114 0.6325683 0.6814289 0.7450512 0.7480697 0.7656443 0.7416140 0.7244754 0.7212382 0.7426562 0.7893064 0.7293970 0.7660225 0.7571329 0.5938687 0.5984819 0.6132527 0.6102527 0.6107123 0.6164669 0.5872040 0.7511691 0.4911305 0.5075679 0.4985540 0.5013787 0.5181581 0.4885433 0.5205614 0.5182522 0.5240637 0.5268208 0.5150343 0.5194946 0.5068964 0.5104141 0.4950269 0.4737540 0.4780498 0.4893627 0.4937011 0.4943503 0.5548568 0.4957367 0.4984387 0.5654385 0.5392673 0.5440691 0.5433008 0.5961414 0.4712741 0.5234377 0.5944480 0.6150584 0.6115033 0.6257513 0.6182830 0.6304567 0.6454662 0.6594755 0.6663970 0.6995593 0.7058906 
Arabidopsis_thaliana_NP_001326955.1   0.0612829 0.0000000 0.0165449 0.0749489 0.1633510 0.1631335 0.1433491 0.1475350 0.7798265 0.7757678 0.7733398 0.7713496 0.7575264 0.7563659 0.7398581 0.7420153 0.7059880 0.7171162 0.6935786 0.7221679 0.7554837 0.7228969 0.7250062 0.7258014 0.7296761 0.6279355 0.5930342 0.6282920 0.7063638 0.6237689 0.6150471 0.6638831 0.6835089 0.6798617 0.6447813 0.6462871 0.6462871 0.6149130 0.6283708 0.6648306 0.6698926 0.6787039 0.6607111 0.6696292 0.6625275 0.6497783 0.6203807 0.6213214 0.6518381 0.7330710 0.7460420 0.7691382 0.7056185 0.7065645 0.7100573 0.7161407 0.7830037 0.7165881 0.7250489 0.7371023 0.5658002 0.5708497 0.5783078 0.5767689 0.5717186 0.5965032 0.5708690 0.7220380 0.4829356 0.5075645 0.4846238 0.4923128 0.5332468 0.4808361 0.5055105 0.5055105 0.5042657 0.5077391 0.5022174 0.5029950 0.4929993 0.4953067 0.4990533 0.4998999 0.4809613 0.4948838 0.5120243 0.5124900 0.4913557 0.5192445 0.5197383 0.6127739 0.5951518 0.5339774 0.5356236 0.5470278 0.4782515 0.5267710 0.5910605 0.5888194 0.6283412 0.6329964 0.6051465 0.6599158 0.6386306 0.6490317 0.6550323 0.6965003 0.6970553 
Arabidopsis_thaliana_NP_188956.1      0.0443730 0.0165449 0.0000000 0.0536562 0.1341226 0.1359077 0.1162209 0.1179456 0.7416065 0.7368385 0.7395215 0.7347613 0.7248050 0.7239011 0.7410460 0.7409575 0.7097550 0.7206839 0.6991389 0.7250558 0.7570783 0.7310798 0.7314645 0.7302167 0.7298515 0.6283085 0.6234220 0.6127442 0.6640183 0.6161215 0.6130591 0.6596075 0.6792282 0.6788958 0.6450316 0.6404208 0.6404208 0.6281558 0.6328048 0.6674244 0.6710133 0.6812821 0.6998652 0.7088370 0.6502075 0.6476791 0.6205336 0.6228174 0.6608081 0.7329518 0.7427028 0.7590854 0.7232482 0.7245900 0.7149615 0.7215553 0.7717456 0.7097247 0.7502276 0.7372664 0.5836554 0.5866141 0.5992594 0.5985040 0.5919305 0.5975048 0.5680236 0.7389861 0.4934113 0.5130488 0.5010154 0.5018425 0.5182537 0.4733137 0.5101294 0.5078346 0.5114826 0.5142024 0.5018464 0.5062655 0.4974808 0.5009823 0.4943903 0.4774069 0.4789472 0.4887834 0.4949338 0.4955857 0.5525048 0.4890070 0.4916818 0.5551542 0.5386296 0.5320200 0.5312759 0.5847313 0.4684822 0.5289649 0.6028330 0.6360944 0.6035563 0.6177484 0.6098148 0.6307580 0.6439784 0.6407126 0.6480606 0.6797513 0.7095905 
Capsella_rubella_XP_006297036.1       0.0588515 0.0749489 0.0536562 0.0000000 0.1267891 0.1285267 0.1099091 0.1097574 0.7179690 0.7133323 0.7159796 0.7147682 0.7058550 0.7069555 0.7155884 0.7153681 0.6905697 0.7013629 0.6827187 0.7029788 0.7296442 0.7052200 0.7025377 0.7037450 0.7023277 0.6291970 0.6144925 0.5944729 0.6547979 0.6061775 0.6023841 0.6490290 0.6675464 0.6671982 0.6411711 0.6331198 0.6331198 0.6205258 0.6091225 0.6535369 0.6571063 0.6638988 0.6714843 0.6750498 0.6347177 0.6391176 0.6057006 0.6075235 0.6556213 0.7272083 0.7320888 0.7477606 0.7230699 0.7134331 0.7080474 0.7155997 0.7665863 0.7010374 0.7365647 0.7284660 0.5735402 0.5841783 0.5924817 0.5917378 0.5900261 0.5967386 0.5577803 0.7350064 0.4937023 0.5094588 0.4930032 0.4960592 0.5115281 0.4660080 0.5009742 0.4987029 0.5093723 0.5120880 0.4948468 0.4999372 0.4838703 0.4868494 0.4793681 0.4701641 0.4730594 0.4828918 0.4890718 0.4866075 0.5374594 0.4872360 0.4914837 0.5548176 0.5416627 0.5316696 0.5309298 0.5825201 0.4524771 0.5451319 0.6048237 0.6362694 0.5975373 0.6116118 0.6140312 0.6381441 0.6497077 0.6387099 0.6431116 0.6749703 0.6819460 
Brassica_oleracea_XP_013609348.1      0.1385542 0.1633510 0.1341226 0.1267891 0.0000000 0.0151440 0.0933706 0.0953696 0.6910142 0.6865947 0.6891611 0.6840788 0.6763212 0.6773908 0.6641687 0.6636957 0.6298424 0.6400554 0.6210260 0.6543780 0.7268432 0.6973776 0.6947550 0.6903651 0.7018943 0.6132217 0.5983921 0.5815875 0.6306893 0.5840563 0.5792258 0.6375071 0.6475217 0.6471499 0.6144538 0.6092689 0.6092689 0.5967809 0.5882431 0.6250432 0.6400675 0.6349535 0.6581565 0.6466706 0.6168648 0.6132320 0.5950467 0.5968096 0.6346006 0.7226625 0.7279509 0.7451805 0.7137012 0.7008678 0.6954340 0.7188648 0.7660264 0.7038688 0.7545833 0.7280108 0.5463698 0.5568457 0.5636851 0.5612258 0.5668004 0.5649340 0.5334613 0.7048586 0.4618975 0.4824711 0.4618140 0.4565631 0.4728309 0.4422730 0.4716440 0.4694744 0.4787975 0.4813642 0.4632516 0.4681389 0.4536661 0.4567193 0.4600925 0.4607666 0.4585212 0.4636282 0.4758896 0.4716880 0.5237503 0.4706980 0.4767147 0.5418326 0.5288879 0.5230562 0.5217571 0.5716438 0.4272357 0.5095124 0.5720465 0.5821590 0.5762286 0.5899385 0.5811116 0.6028800 0.6059180 0.6256892 0.6343899 0.6630208 0.6599462 
Brassica_rapa_XP_009108178.1          0.1403526 0.1631335 0.1359077 0.1285267 0.0151440 0.0000000 0.0979074 0.1001508 0.6920179 0.6875807 0.6901557 0.6850564 0.6772721 0.6783452 0.6659381 0.6629864 0.6373095 0.6476027 0.6283966 0.6580462 0.7278791 0.6972259 0.6946015 0.6902073 0.7010409 0.6173293 0.6050430 0.5882375 0.6397896 0.5899740 0.5849667 0.6449972 0.6565812 0.6562198 0.6218747 0.6166502 0.6166502 0.5960858 0.5941991 0.6294351 0.6441590 0.6373008 0.6637104 0.6499544 0.6207374 0.6170644 0.6013794 0.6031716 0.6434092 0.7269573 0.7332043 0.7511207 0.7179634 0.7013442 0.6959009 0.7197992 0.7695225 0.7047845 0.7555582 0.7242218 0.5493522 0.5576589 0.5641926 0.5617341 0.5673064 0.5643626 0.5334615 0.7072169 0.4680703 0.4887423 0.4667037 0.4631925 0.4716987 0.4432467 0.4741077 0.4719301 0.4812950 0.4838735 0.4656927 0.4701458 0.4540859 0.4571496 0.4639953 0.4636217 0.4579560 0.4664839 0.4765880 0.4723759 0.5227564 0.4736036 0.4796526 0.5455426 0.5329198 0.5228386 0.5254714 0.5794086 0.4273891 0.5185478 0.5778507 0.5895928 0.5815400 0.5953281 0.5709397 0.5986129 0.6040982 0.6300887 0.6388267 0.6677874 0.6637759 
Eutrema_salsugineum_XP_006406074.1    0.1213420 0.1433491 0.1162209 0.1099091 0.0933706 0.0979074 0.0000000 0.0000010 0.6891944 0.6847563 0.6873365 0.6833700 0.6776624 0.6787421 0.6815876 0.6811979 0.6505215 0.6609580 0.6404859 0.6701470 0.6971482 0.6829260 0.6800523 0.6784668 0.6685459 0.6109778 0.6002125 0.5833310 0.6249307 0.5746933 0.5857749 0.6237355 0.6358307 0.6354406 0.6008272 0.5922936 0.5922936 0.5860073 0.5947972 0.6128240 0.6284720 0.6278290 0.6522513 0.6464595 0.6080760 0.6076940 0.5881267 0.5898715 0.6232100 0.7079119 0.7077738 0.7189931 0.6969918 0.6883064 0.6793971 0.7019721 0.7433698 0.6907975 0.7293014 0.7166837 0.5329554 0.5304134 0.5419882 0.5413081 0.5436873 0.5553391 0.5292514 0.6993513 0.4713829 0.4886873 0.4792162 0.4794711 0.4588626 0.4492924 0.4803539 0.4781345 0.4825518 0.4851674 0.4747269 0.4797201 0.4720268 0.4753892 0.4611255 0.4597423 0.4463971 0.4507623 0.4658453 0.4667589 0.5184576 0.4570563 0.4623315 0.5218031 0.4996164 0.5131984 0.5124984 0.5675357 0.4342114 0.5231173 0.5875058 0.5906147 0.5834265 0.5930023 0.5736363 0.5885319 0.5834081 0.6000038 0.6101005 0.6352849 0.6729161 
Eutrema_salsugineum_XP_024014823.1    0.1233319 0.1475350 0.1179456 0.1097574 0.0953696 0.1001508 0.0000010 0.0000000 0.7000149 0.6952727 0.6980107 0.6938088 0.6877581 0.6889032 0.7079574 0.7076860 0.6809875 0.6922242 0.6700760 0.6934849 0.7099295 0.7001317 0.6976801 0.6979048 0.6824824 0.6313890 0.6112578 0.6004474 0.6503372 0.5911355 0.5970223 0.6389364 0.6518551 0.6514653 0.6139640 0.6031451 0.6031451 0.5949861 0.6121144 0.6294217 0.6470301 0.6463459 0.6779697 0.6716941 0.6225072 0.6241458 0.6040682 0.6059712 0.6350774 0.7050125 0.7044790 0.7160250 0.6948813 0.6972246 0.6902150 0.7097859 0.7565099 0.6977641 0.7344705 0.7306446 0.5588121 0.5516519 0.5641759 0.5634299 0.5659052 0.5696414 0.5458926 0.7299331 0.4810400 0.5025807 0.4902158 0.4908851 0.4658306 0.4586816 0.4875950 0.4852430 0.4914394 0.4942257 0.4794173 0.4846876 0.4845272 0.4881309 0.4726088 0.4621814 0.4560578 0.4608200 0.4745804 0.4731078 0.5332280 0.4652175 0.4708327 0.5358365 0.5129504 0.5198461 0.5190919 0.5779260 0.4436495 0.5237212 0.5897347 0.6026864 0.5909919 0.6011391 0.5817029 0.6061089 0.5931992 0.6086444 0.6164893 0.6435927 0.6806810 
Arabidopsis_lyrata_XP_020886591.1     0.7532530 0.7798265 0.7416065 0.7179690 0.6910142 0.6920179 0.6891944 0.7000149 0.0000000 0.0063533 0.0089102 0.0256219 0.0521593 0.0481927 0.5296982 0.5333448 0.5412098 0.5388031 0.5197496 0.5433098 0.6018744 0.5735406 0.5655562 0.5614507 0.5645644 0.4105378 0.4333191 0.4036320 0.4545092 0.3857481 0.4019548 0.4600072 0.4580881 0.4579781 0.4345557 0.4251680 0.4251680 0.4511015 0.4640408 0.4687300 0.4656871 0.4607153 0.5171770 0.5101008 0.4741529 0.4532433 0.4474841 0.4438368 0.4534536 0.5674659 0.5574556 0.5829499 0.5853448 0.5381915 0.5274039 0.5417204 0.5840296 0.5357696 0.5682724 0.5352782 0.6873721 0.6553190 0.6513779 0.6585016 0.6496566 0.6823000 0.6721181 0.8322206 0.6499927 0.6473879 0.6449155 0.6473336 0.5934995 0.6078683 0.6271030 0.6245775 0.6342521 0.6373916 0.6104465 0.6134965 0.5979754 0.5997708 0.5599861 0.5884802 0.6243761 0.6165861 0.6118686 0.6115245 0.6853172 0.5870154 0.5953079 0.6607124 0.6526753 0.6262501 0.6179102 0.6894874 0.5906772 0.7205233 0.7493669 0.7621812 0.6496038 0.6544328 0.7329785 0.6887035 0.7068197 0.6304930 0.6260834 0.6433113 0.5556539 
Arabidopsis_thaliana_NP_187108.1      0.7502244 0.7757678 0.7368385 0.7133323 0.6865947 0.6875807 0.6847563 0.6952727 0.0063533 0.0000000 0.0101606 0.0268432 0.0546564 0.0506951 0.5263481 0.5299564 0.5378047 0.5354049 0.5164643 0.5391189 0.5980928 0.5699492 0.5620107 0.5579233 0.5623091 0.4076655 0.4303645 0.4039144 0.4546297 0.3845056 0.4006418 0.4594357 0.4558757 0.4574135 0.4314768 0.4237552 0.4237552 0.4505717 0.4610150 0.4680545 0.4650271 0.4600768 0.5136683 0.5066344 0.4734554 0.4526457 0.4469078 0.4432767 0.4507810 0.5638432 0.5534290 0.5783357 0.5780106 0.5391941 0.5284186 0.5365115 0.5772242 0.5305784 0.5628796 0.5318981 0.6810924 0.6505653 0.6466308 0.6537157 0.6449385 0.6772900 0.6653730 0.8260218 0.6458891 0.6432791 0.6408370 0.6445843 0.5928624 0.6068346 0.6259860 0.6234720 0.6331016 0.6362255 0.6094024 0.6124378 0.5969937 0.5987793 0.5599697 0.5875352 0.6224580 0.6126097 0.6112710 0.6113791 0.6802132 0.5869877 0.5952409 0.6602686 0.6522488 0.6221657 0.6138714 0.6849817 0.5876968 0.7181141 0.7475594 0.7609320 0.6465281 0.6513378 0.7265757 0.6813027 0.7031302 0.6248843 0.6204950 0.6373072 0.5520897 
Capsella_rubella_XP_006297039.1       0.7511260 0.7733398 0.7395215 0.7159796 0.6891611 0.6901557 0.6873365 0.6980107 0.0089102 0.0101606 0.0000000 0.0268635 0.0546985 0.0507341 0.5240098 0.5275937 0.5354354 0.5330389 0.5143526 0.5374992 0.5955077 0.5674731 0.5595605 0.5554828 0.5602469 0.4073970 0.4249332 0.3992809 0.4485904 0.3782675 0.3976038 0.4542484 0.4523217 0.4522129 0.4262044 0.4206431 0.4206431 0.4435857 0.4586304 0.4651007 0.4620887 0.4571480 0.5082441 0.5012448 0.4716132 0.4508528 0.4431816 0.4395583 0.4526921 0.5630901 0.5525867 0.5773865 0.5817358 0.5342836 0.5235780 0.5345301 0.5746610 0.5300628 0.5640420 0.5307301 0.6818611 0.6503204 0.6491395 0.6562213 0.6478193 0.6731673 0.6610806 0.8268778 0.6427156 0.6401045 0.6418229 0.6455578 0.5865375 0.6051715 0.6262057 0.6236924 0.6333193 0.6364424 0.6077374 0.6111656 0.5953585 0.5971382 0.5563238 0.5834892 0.6192238 0.6084043 0.6068806 0.6065084 0.6792383 0.5822196 0.5904397 0.6545690 0.6461600 0.6193263 0.6110634 0.6817876 0.5838945 0.7128043 0.7436459 0.7539753 0.6409636 0.6457549 0.7259748 0.6844048 0.6996846 0.6252209 0.6208297 0.6376698 0.5493848 
Eutrema_salsugineum_XP_006408177.1    0.7483266 0.7713496 0.7347613 0.7147682 0.6840788 0.6850564 0.6833700 0.6938088 0.0256219 0.0268432 0.0268635 0.0000000 0.0414028 0.0400938 0.5257435 0.5293455 0.5371922 0.5347933 0.5158692 0.5374466 0.5942415 0.5645971 0.5584050 0.5511462 0.5554162 0.4031643 0.4229274 0.3913763 0.4383552 0.3753312 0.3914263 0.4590472 0.4550255 0.4549162 0.4298665 0.4205442 0.4205442 0.4448858 0.4620056 0.4624693 0.4620618 0.4571138 0.5095363 0.5025114 0.4703218 0.4495313 0.4435826 0.4399531 0.4511781 0.5599352 0.5490647 0.5734044 0.5748431 0.5393071 0.5276548 0.5309342 0.5700706 0.5251484 0.5590547 0.5344538 0.6617932 0.6356853 0.6353799 0.6453273 0.6339111 0.6642866 0.6471790 0.8099001 0.6338757 0.6312552 0.6335115 0.6324774 0.5803916 0.5918826 0.6140955 0.6116082 0.6201865 0.6232647 0.5992645 0.6025247 0.5826933 0.5844259 0.5542809 0.5804516 0.6134087 0.6078507 0.6040820 0.6036931 0.6734117 0.5794929 0.5876953 0.6513146 0.6426845 0.6131461 0.6049296 0.6750955 0.5751654 0.6977804 0.7421738 0.7460117 0.6391772 0.6439643 0.7118573 0.6720979 0.6887550 0.6208995 0.6164976 0.6331237 0.5404798 
Brassica_oleracea_XP_013628174.1      0.7336574 0.7575264 0.7248050 0.7058550 0.6763212 0.6772721 0.6776624 0.6877581 0.0521593 0.0546564 0.0546985 0.0414028 0.0000000 0.0063559 0.5164741 0.5199979 0.5266028 0.5242039 0.5054647 0.5284759 0.5920899 0.5587559 0.5525926 0.5518098 0.5611583 0.3957463 0.4271658 0.4006712 0.4421960 0.3884496 0.4064697 0.4624660 0.4579683 0.4578588 0.4409291 0.4299046 0.4299046 0.4384294 0.4618861 0.4644185 0.4606849 0.4557454 0.5102918 0.5032782 0.4617505 0.4442844 0.4375722 0.4330211 0.4592440 0.5516337 0.5419740 0.5654727 0.5732887 0.5329264 0.5227170 0.5275274 0.5629234 0.5232776 0.5537301 0.5316079 0.6717889 0.6426404 0.6452463 0.6552432 0.6437346 0.6680394 0.6537724 0.8119933 0.6419532 0.6403982 0.6416033 0.6398546 0.5815908 0.5956005 0.6141314 0.6116436 0.6249213 0.6280163 0.6020927 0.6049175 0.5813774 0.5804628 0.5583615 0.5849246 0.6177314 0.6137165 0.6038327 0.6037452 0.6746034 0.5799066 0.5888313 0.6525927 0.6373393 0.6120194 0.6038130 0.6738566 0.5841356 0.6996741 0.7416512 0.7446563 0.6330511 0.6360408 0.7101591 0.6767112 0.6900869 0.6318806 0.6312424 0.6490354 0.5353097 
Brassica_rapa_XP_009124993.1          0.7327579 0.7563659 0.7239011 0.7069555 0.6773908 0.6783452 0.6787421 0.6889032 0.0481927 0.0506951 0.0507341 0.0400938 0.0063559 0.0000000 0.5193344 0.5228806 0.5302625 0.5278612 0.5090398 0.5310622 0.5901274 0.5577814 0.5516280 0.5511927 0.5569510 0.3938790 0.4207000 0.3990683 0.4401092 0.3832181 0.4011961 0.4561301 0.4516345 0.4515257 0.4337785 0.4244312 0.4244312 0.4330026 0.4563251 0.4617591 0.4562829 0.4531107 0.5044858 0.4997568 0.4597439 0.4423495 0.4350743 0.4314739 0.4555577 0.5510100 0.5412753 0.5646831 0.5680396 0.5343466 0.5241260 0.5225063 0.5564633 0.5182447 0.5485643 0.5272409 0.6723174 0.6430748 0.6412619 0.6512433 0.6397667 0.6617858 0.6456950 0.8116717 0.6400088 0.6384513 0.6383071 0.6386063 0.5778634 0.5939081 0.6130089 0.6105235 0.6166348 0.6196992 0.6023567 0.6043021 0.5790781 0.5781636 0.5583095 0.5845536 0.6157858 0.6107795 0.6019066 0.6018101 0.6721866 0.5770582 0.5834244 0.6461527 0.6304702 0.6103432 0.6021410 0.6721102 0.5819735 0.6982431 0.7427355 0.7408340 0.6343046 0.6390731 0.7060488 0.6707404 0.6838461 0.6320557 0.6314178 0.6489595 0.5373947 
Capsicum_annuum_XP_016550879.1        0.7390955 0.7398581 0.7410460 0.7155884 0.6641687 0.6659381 0.6815876 0.7079574 0.5296982 0.5263481 0.5240098 0.5257435 0.5164741 0.5193344 0.0000000 0.0000010 0.0565982 0.0593800 0.0552135 0.0760699 0.2823859 0.2283718 0.2285126 0.2245300 0.2319944 0.4240669 0.4063045 0.3754338 0.3958064 0.3910555 0.3816106 0.4384380 0.4451244 0.4444633 0.4149342 0.4107451 0.4107451 0.3822399 0.4084763 0.4318073 0.4376020 0.4276490 0.4803555 0.4638172 0.4154661 0.4216772 0.4048390 0.4079427 0.4378269 0.5455782 0.5350403 0.5622917 0.5569768 0.4777363 0.4695826 0.4799395 0.5187733 0.4789929 0.5105247 0.5060258 0.6173710 0.5984931 0.6066851 0.6005805 0.6028623 0.5982165 0.5809258 0.7062649 0.5959520 0.5826767 0.5974442 0.5820188 0.5203174 0.5384617 0.5477347 0.5475207 0.5614937 0.5613955 0.5353912 0.5411153 0.5259052 0.5275216 0.5023920 0.5218234 0.5366770 0.5229839 0.5665949 0.5655004 0.6243281 0.5367093 0.5381214 0.5829070 0.5694811 0.5806373 0.5823957 0.6410732 0.5725867 0.6421363 0.6922143 0.6557155 0.5843716 0.5831382 0.6935058 0.6145022 0.6334186 0.5566254 0.5572540 0.5744407 0.4325137 
Capsicum_annuum_XP_016550880.1        0.7389967 0.7420153 0.7409575 0.7153681 0.6636957 0.6629864 0.6811979 0.7076860 0.5333448 0.5299564 0.5275937 0.5293455 0.5199979 0.5228806 0.0000010 0.0000000 0.0568834 0.0596801 0.0554913 0.0764598 0.2840489 0.2296713 0.2298123 0.2258019 0.2333226 0.4268517 0.4089472 0.3777923 0.3989751 0.3935337 0.3840347 0.4413317 0.4480756 0.4474126 0.4176193 0.4134092 0.4134092 0.3846729 0.4111013 0.4346648 0.4383749 0.4283623 0.4787347 0.4621893 0.4181761 0.4244363 0.4074844 0.4106247 0.4406987 0.5470720 0.5366481 0.5642921 0.5585551 0.4809921 0.4727563 0.4832089 0.5232852 0.4822533 0.5117884 0.5095222 0.6195505 0.6001988 0.6084466 0.6023027 0.6046004 0.5999258 0.5798260 0.7088236 0.5976355 0.5842784 0.5991353 0.5836071 0.5215069 0.5397695 0.5515947 0.5513776 0.5654870 0.5653883 0.5391262 0.5449045 0.5271236 0.5287536 0.5034520 0.5230147 0.5379543 0.5241820 0.5661302 0.5650286 0.6199163 0.5360882 0.5375086 0.5824816 0.5689367 0.5796663 0.5814323 0.6403386 0.5741084 0.6441776 0.6931814 0.6563193 0.5861292 0.5848890 0.6933867 0.6190268 0.6381324 0.5605905 0.5612377 0.5787905 0.4353705 
Solanum_lycopersicum_NP_001234212.1   0.7099317 0.7059880 0.7097550 0.6905697 0.6298424 0.6373095 0.6505215 0.6809875 0.5412098 0.5378047 0.5354354 0.5371922 0.5266028 0.5302625 0.0565982 0.0568834 0.0000000 0.0051116 0.0166857 0.0686828 0.2831836 0.2278323 0.2296707 0.2241585 0.2229969 0.4180633 0.3940477 0.3666327 0.4029953 0.3752211 0.3683228 0.4251379 0.4309860 0.4303163 0.4030415 0.3950767 0.3950767 0.3644511 0.3931206 0.4368510 0.4426587 0.4326778 0.4756318 0.4591753 0.4244443 0.4320661 0.4015762 0.4044492 0.4301467 0.5302322 0.5305667 0.5567456 0.5384740 0.4627909 0.4544900 0.4630995 0.5115041 0.4624000 0.4941885 0.4882590 0.6055821 0.5967668 0.6104289 0.6043005 0.6065936 0.5977875 0.5753841 0.6960981 0.5800755 0.5647475 0.5859091 0.5695497 0.5008603 0.5221979 0.5332059 0.5329989 0.5480266 0.5479282 0.5242101 0.5298879 0.5093074 0.5108620 0.4975812 0.5107306 0.5288851 0.5158260 0.5474093 0.5462828 0.6013792 0.5263931 0.5257944 0.5807638 0.5716246 0.5776539 0.5784284 0.6386318 0.5569611 0.6280018 0.6689185 0.6613001 0.5655119 0.5662251 0.6829023 0.6166419 0.6308329 0.5478492 0.5563863 0.5766816 0.4256968 
Solanum_pennellii_XP_015058826.1      0.7208765 0.7171162 0.7206839 0.7013629 0.6400554 0.6476027 0.6609580 0.6922242 0.5388031 0.5354049 0.5330389 0.5347933 0.5242039 0.5278612 0.0593800 0.0596801 0.0051116 0.0000000 0.0193022 0.0715524 0.2837254 0.2282672 0.2301089 0.2245858 0.2234254 0.4210210 0.3948191 0.3697016 0.4070156 0.3759463 0.3690376 0.4259669 0.4318276 0.4311577 0.4038241 0.3996197 0.3996197 0.3688367 0.3954066 0.4402454 0.4460688 0.4360571 0.4791391 0.4626214 0.4271230 0.4347632 0.4030528 0.4059347 0.4309812 0.5312672 0.5317362 0.5580917 0.5395340 0.4637008 0.4553812 0.4640067 0.5127513 0.4633057 0.4951600 0.4933068 0.6078464 0.6007126 0.6131549 0.6070150 0.6093143 0.6017542 0.5777878 0.7005092 0.5833169 0.5679521 0.5904758 0.5727525 0.5056927 0.5271185 0.5381656 0.5379562 0.5530549 0.5529565 0.5265403 0.5322303 0.5141551 0.5157293 0.5023272 0.5155682 0.5325455 0.5206776 0.5524307 0.5513117 0.6052559 0.5312979 0.5306907 0.5865964 0.5778060 0.5827876 0.5801185 0.6403732 0.5610943 0.6332132 0.6785971 0.6648266 0.5696155 0.5703342 0.6918962 0.6191592 0.6300741 0.5528744 0.5614603 0.5820993 0.4265329 
Solanum_tuberosum_XP_006350949.1      0.6998178 0.6935786 0.6991389 0.6827187 0.6210260 0.6283966 0.6404859 0.6700760 0.5197496 0.5164643 0.5143526 0.5158692 0.5054647 0.5090398 0.0552135 0.0554913 0.0166857 0.0193022 0.0000000 0.0672128 0.2756685 0.2218133 0.2236452 0.2181666 0.2156558 0.4088421 0.3806185 0.3515469 0.3851514 0.3631040 0.3579981 0.4161359 0.4219008 0.4212277 0.3932818 0.3890882 0.3890882 0.3556466 0.3845157 0.4238478 0.4296114 0.4197207 0.4664260 0.4501093 0.4116810 0.4192359 0.3879359 0.3909079 0.4133927 0.5252809 0.5224449 0.5491152 0.5333854 0.4581316 0.4498698 0.4595554 0.5065446 0.4589911 0.4894432 0.4894039 0.5907252 0.5776594 0.5945019 0.5884328 0.5906938 0.5869327 0.5648812 0.6769442 0.5736608 0.5604251 0.5720824 0.5618228 0.4965099 0.5059237 0.5187662 0.5185667 0.5365199 0.5364215 0.5109202 0.5165146 0.4928511 0.4943389 0.4846553 0.5058803 0.5161185 0.5037491 0.5382547 0.5371198 0.5904244 0.5135567 0.5149748 0.5676296 0.5592765 0.5577840 0.5585501 0.6169961 0.5451378 0.6142131 0.6590627 0.6516568 0.5554664 0.5561650 0.6766006 0.6080079 0.6217612 0.5405854 0.5449838 0.5644834 0.4116147 
Nicotiana_attenuata_XP_019235692.1    0.7232014 0.7221679 0.7250558 0.7029788 0.6543780 0.6580462 0.6701470 0.6934849 0.5433098 0.5391189 0.5374992 0.5374466 0.5284759 0.5310622 0.0760699 0.0764598 0.0686828 0.0715524 0.0672128 0.0000000 0.2854109 0.2400299 0.2401669 0.2356261 0.2348741 0.4290256 0.4066071 0.3739817 0.4000993 0.3867828 0.3809135 0.4387204 0.4422041 0.4415406 0.4166159 0.4132929 0.4132929 0.3753444 0.4189699 0.4322107 0.4383907 0.4284281 0.4819436 0.4654098 0.4127455 0.4231482 0.3977389 0.3987510 0.4330308 0.5606584 0.5438900 0.5659222 0.5642734 0.4973183 0.4882723 0.4886729 0.5170353 0.4858657 0.5124350 0.5140021 0.6170571 0.5950405 0.6050603 0.5989416 0.6012277 0.5996705 0.5872258 0.6808188 0.5863623 0.5713583 0.5833121 0.5701979 0.5167686 0.5156066 0.5361395 0.5359302 0.5503882 0.5503804 0.5267026 0.5364826 0.4996863 0.5012265 0.4977537 0.5112812 0.5376355 0.5200792 0.5433223 0.5442920 0.5926618 0.5195889 0.5239259 0.5687927 0.5702082 0.5789754 0.5754841 0.6359327 0.5531306 0.6322886 0.6935836 0.6723006 0.5684052 0.5691280 0.6873274 0.6119099 0.6214747 0.5687598 0.5733342 0.5948809 0.4255238 
Capsicum_annuum_XP_016573758.1        0.7592842 0.7554837 0.7570783 0.7296442 0.7268432 0.7278791 0.6971482 0.7099295 0.6018744 0.5980928 0.5955077 0.5942415 0.5920899 0.5901274 0.2823859 0.2840489 0.2831836 0.2837254 0.2756685 0.2854109 0.0000000 0.1077203 0.1114762 0.1073600 0.1777381 0.5171948 0.4718142 0.4427649 0.4859117 0.4488168 0.4461856 0.4916295 0.4982430 0.4964183 0.4917929 0.4876037 0.4876037 0.4538136 0.4802711 0.5036680 0.4980311 0.4982314 0.5308573 0.5276391 0.4796678 0.4882668 0.4647092 0.4689921 0.4871291 0.6001229 0.6038058 0.6202694 0.6154093 0.5584937 0.5484932 0.5499821 0.6015924 0.5517007 0.5664361 0.5834719 0.6771825 0.6752588 0.6915567 0.6861741 0.6867244 0.6941930 0.6470169 0.7754073 0.6361492 0.6362110 0.6404385 0.6353690 0.5872038 0.5889594 0.6153036 0.6127825 0.6143274 0.6174193 0.6007088 0.6018160 0.5801598 0.5794691 0.5932089 0.5912462 0.6160270 0.6023426 0.6096178 0.6086354 0.6451285 0.5862639 0.5862699 0.6405348 0.6452107 0.6102714 0.6139208 0.6625801 0.5976772 0.7257221 0.7192173 0.7116782 0.6469836 0.6432116 0.7837248 0.6829843 0.6867527 0.6256895 0.6267353 0.6517667 0.5015393 
Solanum_lycopersicum_XP_004239739.1   0.7300817 0.7228969 0.7310798 0.7052200 0.6973776 0.6972259 0.6829260 0.7001317 0.5735406 0.5699492 0.5674731 0.5645971 0.5587559 0.5577814 0.2283718 0.2296713 0.2278323 0.2282672 0.2218133 0.2400299 0.1077203 0.0000000 0.0127279 0.0282025 0.1425443 0.4793921 0.4415881 0.4090227 0.4486878 0.4171491 0.4105235 0.4602503 0.4673780 0.4655640 0.4603879 0.4470712 0.4470712 0.4204543 0.4425439 0.4640917 0.4585169 0.4541716 0.4914500 0.4821833 0.4427191 0.4522561 0.4210660 0.4254574 0.4558311 0.5519230 0.5453072 0.5585491 0.5645787 0.5035920 0.5017070 0.5071459 0.5498684 0.5056210 0.5279438 0.5397734 0.6504622 0.6394743 0.6643843 0.6606710 0.6562011 0.6433563 0.6104835 0.7360265 0.6050570 0.6031125 0.6137654 0.6027796 0.5632540 0.5589303 0.5817392 0.5815278 0.5885451 0.5914886 0.5779135 0.5824503 0.5483076 0.5505576 0.5547827 0.5546707 0.5721102 0.5626784 0.5787848 0.5749025 0.6189096 0.5457689 0.5490017 0.6043838 0.5977436 0.5897619 0.5897442 0.6447428 0.5740707 0.6766252 0.6916006 0.6703042 0.6135089 0.6105189 0.7332746 0.6473514 0.6591788 0.5982424 0.5992817 0.6247556 0.4725718 
Solanum_pennellii_XP_015076929.1      0.7262508 0.7250062 0.7314645 0.7025377 0.6947550 0.6946015 0.6800523 0.6976801 0.5655562 0.5620107 0.5595605 0.5584050 0.5525926 0.5516280 0.2285126 0.2298123 0.2296707 0.2301089 0.2236452 0.2401669 0.1114762 0.0127279 0.0000000 0.0307519 0.1470774 0.4826833 0.4407443 0.4071657 0.4487078 0.4185576 0.4076876 0.4634627 0.4706103 0.4687985 0.4547168 0.4434086 0.4434086 0.4162104 0.4443216 0.4660334 0.4604619 0.4561175 0.4891478 0.4799085 0.4464671 0.4541632 0.4200754 0.4244581 0.4539325 0.5539210 0.5456597 0.5589223 0.5721372 0.5090037 0.5033797 0.5055670 0.5478038 0.5040514 0.5262924 0.5400164 0.6480886 0.6415287 0.6569307 0.6532432 0.6537226 0.6462800 0.6090689 0.7378449 0.6012738 0.5993266 0.6074459 0.5990326 0.5653201 0.5606084 0.5823667 0.5821555 0.5891578 0.5920960 0.5785480 0.5830756 0.5520875 0.5543514 0.5549168 0.5595077 0.5764569 0.5675225 0.5837253 0.5798002 0.6225613 0.5506191 0.5538558 0.6100028 0.6065795 0.5916084 0.5915912 0.6492342 0.5733474 0.6754012 0.6810734 0.6677514 0.6108496 0.6078726 0.7325836 0.6449111 0.6565180 0.5995471 0.6005835 0.6260766 0.4724962 
Solanum_tuberosum_XP_006345886.1      0.7304578 0.7258014 0.7302167 0.7037450 0.6903651 0.6902073 0.6784668 0.6979048 0.5614507 0.5579233 0.5554828 0.5511462 0.5518098 0.5511927 0.2245300 0.2258019 0.2241585 0.2245858 0.2181666 0.2356261 0.1073600 0.0282025 0.0307519 0.0000000 0.1393117 0.4760110 0.4255961 0.4122870 0.4572201 0.4185403 0.4023477 0.4542869 0.4615040 0.4596912 0.4512873 0.4391847 0.4391847 0.4050173 0.4442811 0.4511715 0.4475273 0.4432148 0.4798082 0.4706428 0.4312315 0.4368178 0.4147569 0.4186112 0.4412098 0.5551229 0.5491877 0.5625273 0.5727439 0.5079589 0.5023392 0.5030615 0.5467898 0.5052489 0.5234210 0.5353831 0.6388408 0.6239447 0.6355067 0.6365717 0.6370220 0.6342678 0.6050012 0.7316365 0.6013973 0.6010969 0.6079306 0.5955858 0.5601013 0.5548563 0.5731921 0.5729860 0.5784535 0.5813597 0.5714683 0.5735344 0.5395396 0.5417505 0.5441738 0.5556507 0.5669548 0.5599746 0.5782243 0.5743525 0.6162670 0.5487691 0.5501731 0.6055081 0.6041698 0.5803219 0.5803019 0.6349925 0.5616823 0.6764368 0.6810828 0.6721404 0.6047929 0.6031970 0.7367749 0.6452288 0.6538530 0.5779316 0.5789720 0.6030165 0.4653280 
Nicotiana_attenuata_XP_019228937.1    0.7307525 0.7296761 0.7298515 0.7023277 0.7018943 0.7010409 0.6685459 0.6824824 0.5645644 0.5623091 0.5602469 0.5554162 0.5611583 0.5569510 0.2319944 0.2333226 0.2229969 0.2234254 0.2156558 0.2348741 0.1777381 0.1425443 0.1470774 0.1393117 0.0000000 0.4778435 0.4410134 0.4202202 0.4568565 0.4299446 0.4210007 0.4755602 0.4810696 0.4792447 0.4639688 0.4551208 0.4551208 0.4157020 0.4484090 0.4655893 0.4641276 0.4664713 0.5075118 0.5067760 0.4491539 0.4484114 0.4263056 0.4289493 0.4644935 0.5620699 0.5592602 0.5760814 0.5705177 0.5158405 0.5126561 0.4907707 0.5371471 0.5028944 0.5281208 0.5585671 0.6777402 0.6514315 0.6733862 0.6695316 0.6715018 0.6671734 0.6475289 0.7412176 0.6124039 0.6144860 0.6076968 0.6120630 0.5479321 0.5648537 0.5792571 0.5768353 0.5831774 0.5861308 0.5690865 0.5713400 0.5465625 0.5494169 0.5502917 0.5514627 0.5740308 0.5551838 0.5792535 0.5760529 0.6273770 0.5442764 0.5477338 0.6004306 0.5991876 0.5900061 0.5941877 0.6464079 0.5560955 0.6836876 0.7030743 0.7054910 0.6014760 0.5978696 0.7514482 0.6702748 0.6848567 0.5911969 0.5971874 0.6176296 0.4700826 
Carica_papaya_XP_021888171.1          0.6530675 0.6279355 0.6283085 0.6291970 0.6132217 0.6173293 0.6109778 0.6313890 0.4105378 0.4076655 0.4073970 0.4031643 0.3957463 0.3938790 0.4240669 0.4268517 0.4180633 0.4210210 0.4088421 0.4290256 0.5171948 0.4793921 0.4826833 0.4760110 0.4778435 0.0000000 0.2855582 0.2644705 0.2828658 0.2534944 0.2778840 0.3201505 0.3164225 0.3148732 0.3003181 0.2885242 0.2885242 0.3201402 0.3330179 0.3405022 0.3372226 0.3317099 0.3779457 0.3669773 0.3344250 0.3280376 0.3175511 0.3204786 0.3303308 0.4620144 0.4453079 0.4595711 0.4713903 0.4150750 0.4125136 0.3996108 0.4298659 0.4138581 0.4356884 0.4132060 0.5884521 0.5727902 0.5594641 0.5647101 0.5594534 0.5676240 0.5394426 0.6616745 0.5395106 0.5374748 0.5551013 0.5481216 0.4876586 0.4912428 0.4935192 0.4912822 0.4967438 0.4993922 0.4789250 0.4839943 0.4669639 0.4689767 0.4534302 0.4650681 0.5048286 0.4960101 0.5050714 0.5084533 0.5594700 0.4760450 0.4837011 0.5225920 0.5174588 0.4808944 0.4808821 0.5504247 0.4823120 0.6116217 0.6541106 0.6518963 0.5132014 0.5226331 0.6558152 0.5825383 0.6009518 0.4984076 0.5110270 0.5271976 0.4668628 
Citrus_sinensis_NP_001275855.1        0.6346739 0.5930342 0.6234220 0.6144925 0.5983921 0.6050430 0.6002125 0.6112578 0.4333191 0.4303645 0.4249332 0.4229274 0.4271658 0.4207000 0.4063045 0.4089472 0.3940477 0.3948191 0.3806185 0.4066071 0.4718142 0.4415881 0.4407443 0.4255961 0.4410134 0.2855582 0.0000000 0.2518164 0.2766444 0.2485300 0.2599535 0.3036372 0.2969197 0.2953596 0.2812653 0.2700225 0.2700225 0.2745032 0.3034230 0.3162354 0.3079605 0.3052153 0.3490262 0.3419948 0.3085759 0.3049594 0.2943825 0.2944347 0.3217817 0.4567280 0.4461329 0.4580167 0.4582519 0.4006506 0.3970224 0.3852423 0.4134542 0.4048334 0.4072967 0.4071047 0.5678441 0.5573385 0.5613254 0.5633000 0.5679940 0.5615613 0.5203563 0.6812642 0.5286250 0.5262213 0.5308109 0.5236157 0.4701627 0.4761494 0.5024624 0.5002319 0.5032141 0.5058497 0.4881384 0.4911749 0.4686607 0.4756037 0.4331617 0.4689009 0.4730833 0.4805332 0.4923894 0.4911139 0.5382209 0.4770011 0.4735552 0.5194537 0.5126224 0.4727377 0.4744689 0.5353045 0.4694336 0.5909932 0.6163653 0.6297269 0.4925346 0.4950890 0.6395972 0.5849228 0.5944507 0.4672128 0.4678512 0.4826369 0.4369221 
Jatropha_curcas_XP_012089304.1        0.6263242 0.6282920 0.6127442 0.5944729 0.5815875 0.5882375 0.5833310 0.6004474 0.4036320 0.4039144 0.3992809 0.3913763 0.4006712 0.3990683 0.3754338 0.3777923 0.3666327 0.3697016 0.3515469 0.3739817 0.4427649 0.4090227 0.4071657 0.4122870 0.4202202 0.2644705 0.2518164 0.0000000 0.0000010 0.1428291 0.1512355 0.1990873 0.1968814 0.1955983 0.1780983 0.1713042 0.1713042 0.2481901 0.2898034 0.2992650 0.2935705 0.2854163 0.3350903 0.3229036 0.2965661 0.2962474 0.2584598 0.2659242 0.2875411 0.4216252 0.4041021 0.4154474 0.4263793 0.3883293 0.3849516 0.3662324 0.3791838 0.3843143 0.3921114 0.3916082 0.5189858 0.5149788 0.5205351 0.5179646 0.5217356 0.5197359 0.4863535 0.6498116 0.4756308 0.4751269 0.4748924 0.4692055 0.4271436 0.4145675 0.4215561 0.4195118 0.4418768 0.4442902 0.4212240 0.4293250 0.3957807 0.3993422 0.3852538 0.4270532 0.4496403 0.4496739 0.4381188 0.4352888 0.5099090 0.4227137 0.4269953 0.4678430 0.4779544 0.4137385 0.4106138 0.4668892 0.4301290 0.5576650 0.6075948 0.5886146 0.4758741 0.4744755 0.6042403 0.5337732 0.5512388 0.4512121 0.4585879 0.4746697 0.4006133 
Jatropha_curcas_XP_020540336.1        0.6728631 0.7063638 0.6640183 0.6547979 0.6306893 0.6397896 0.6249307 0.6503372 0.4545092 0.4546297 0.4485904 0.4383552 0.4421960 0.4401092 0.3958064 0.3989751 0.4029953 0.4070156 0.3851514 0.4000993 0.4859117 0.4486878 0.4487078 0.4572201 0.4568565 0.2828658 0.2766444 0.0000010 0.0000000 0.1456862 0.1616631 0.2080090 0.2071579 0.2055457 0.1972104 0.1904905 0.1904905 0.2724913 0.3156362 0.3155558 0.3084479 0.3043885 0.3713989 0.3633381 0.3080093 0.3083378 0.2697859 0.2797487 0.3229713 0.4176416 0.4176416 0.4176416 0.4315960 0.3956027 0.3874780 0.3778093 0.3778093 0.4003634 0.4161333 0.4130260 0.5686595 0.5533654 0.5622717 0.5583257 0.5631910 0.5606352 0.5300284 0.6251337 0.5126900 0.5141494 0.5227703 0.5166492 0.4671710 0.4495714 0.4592319 0.4565722 0.4810028 0.4841900 0.4552011 0.4682928 0.4258607 0.4304583 0.4139097 0.4679548 0.5056589 0.4902851 0.4771763 0.4735801 0.5894220 0.4645186 0.4697841 0.4697841 0.4697841 0.4522149 0.4481878 0.5168121 0.4719660 0.5996226 0.6575706 0.6266059 0.5355190 0.5336824 0.6217494 0.5498757 0.5660397 0.4725574 0.4806553 0.5030624 0.4118751 
Manihot_esculenta_XP_021620990.1      0.6389681 0.6237689 0.6161215 0.6061775 0.5840563 0.5899740 0.5746933 0.5911355 0.3857481 0.3845056 0.3782675 0.3753312 0.3884496 0.3832181 0.3910555 0.3935337 0.3752211 0.3759463 0.3631040 0.3867828 0.4488168 0.4171491 0.4185576 0.4185403 0.4299446 0.2534944 0.2485300 0.1428291 0.1456862 0.0000000 0.1242469 0.1927704 0.1922521 0.1909659 0.1743778 0.1622811 0.1622811 0.2506594 0.2869274 0.2935958 0.2913801 0.2847048 0.3372287 0.3251061 0.3010670 0.2888237 0.2575180 0.2588108 0.2848008 0.4134498 0.3918397 0.4012128 0.4264740 0.3707570 0.3617950 0.3698177 0.3752245 0.3674779 0.3859097 0.3758429 0.5162647 0.5065877 0.5064260 0.5062510 0.5020399 0.5093750 0.4811992 0.6324207 0.4795125 0.4830116 0.4766585 0.4801615 0.4463822 0.4306351 0.4447898 0.4427033 0.4502552 0.4526893 0.4313361 0.4393522 0.4138897 0.4141310 0.3721595 0.4383273 0.4654363 0.4598858 0.4408593 0.4384620 0.5114829 0.4215616 0.4238103 0.4654359 0.4571667 0.4180618 0.4156855 0.4771317 0.4269472 0.5833098 0.6226863 0.5833435 0.4565491 0.4585892 0.5783782 0.5368710 0.5414109 0.4394864 0.4517760 0.4672111 0.4252291 
Manihot_esculenta_XP_021622864.1      0.6289475 0.6150471 0.6130591 0.6023841 0.5792258 0.5849667 0.5857749 0.5970223 0.4019548 0.4006418 0.3976038 0.3914263 0.4064697 0.4011961 0.3816106 0.3840347 0.3683228 0.3690376 0.3579981 0.3809135 0.4461856 0.4105235 0.4076876 0.4023477 0.4210007 0.2778840 0.2599535 0.1512355 0.1616631 0.1242469 0.0000000 0.2216717 0.2198362 0.2185558 0.1876713 0.1821821 0.1821821 0.2537143 0.2896339 0.3165306 0.3113775 0.3077084 0.3467019 0.3389775 0.3159466 0.3097016 0.2682712 0.2691586 0.3002386 0.4096943 0.3924912 0.4001980 0.4193305 0.3794395 0.3696428 0.3714685 0.3825549 0.3794059 0.3945206 0.3792642 0.5331907 0.5229737 0.5236947 0.5272074 0.5237699 0.5251694 0.4937549 0.6386215 0.4887308 0.4880164 0.4839846 0.4825015 0.4493237 0.4380926 0.4469438 0.4448567 0.4587839 0.4612456 0.4379622 0.4447610 0.4249469 0.4275747 0.3950137 0.4518556 0.4676201 0.4597486 0.4471114 0.4507195 0.5030142 0.4296614 0.4271666 0.4723361 0.4687484 0.4345129 0.4306244 0.4927197 0.4418001 0.5593970 0.5754104 0.5816642 0.4802747 0.4773217 0.6036445 0.5537175 0.5422864 0.4635915 0.4736136 0.4904961 0.4345639 
Populus_euphratica_XP_011002920.1     0.6864794 0.6638831 0.6596075 0.6490290 0.6375071 0.6449972 0.6237355 0.6389364 0.4600072 0.4594357 0.4542484 0.4590472 0.4624660 0.4561301 0.4384380 0.4413317 0.4251379 0.4259669 0.4161359 0.4387204 0.4916295 0.4602503 0.4634627 0.4542869 0.4755602 0.3201505 0.3036372 0.1990873 0.2080090 0.1927704 0.2216717 0.0000000 0.0167489 0.0154704 0.1194491 0.1095009 0.1095009 0.2747429 0.3089509 0.3126225 0.3061086 0.3062263 0.3427612 0.3393993 0.3187165 0.3203792 0.2827910 0.2863203 0.3270794 0.4560957 0.4360745 0.4492913 0.4648194 0.4012408 0.3951523 0.3958851 0.4047063 0.4259710 0.4317619 0.4228874 0.5548552 0.5494516 0.5549740 0.5497551 0.5548900 0.5414176 0.5090566 0.6861249 0.5502433 0.5405010 0.5458670 0.5399823 0.4908762 0.4712197 0.4808110 0.4806574 0.4871309 0.4897096 0.4704965 0.4752357 0.4588547 0.4627705 0.4322713 0.4926663 0.5214454 0.5179931 0.4947621 0.4939097 0.5605036 0.4804884 0.4810934 0.5210457 0.5159806 0.4938470 0.4894469 0.5495729 0.4864228 0.6603408 0.6777938 0.6599057 0.5460777 0.5411700 0.6210170 0.5756197 0.5686943 0.4976653 0.5093010 0.5286486 0.4628795 
Populus_trichocarpa_XP_024447234.1    0.7041771 0.6835089 0.6792282 0.6675464 0.6475217 0.6565812 0.6358307 0.6518551 0.4580881 0.4558757 0.4523217 0.4550255 0.4579683 0.4516345 0.4451244 0.4480756 0.4309860 0.4318276 0.4219008 0.4422041 0.4982430 0.4673780 0.4706103 0.4615040 0.4810696 0.3164225 0.2969197 0.1968814 0.2071579 0.1922521 0.2198362 0.0167489 0.0000000 0.0038500 0.1128137 0.1057851 0.1057851 0.2709894 0.3120245 0.3130251 0.3065026 0.3066205 0.3433774 0.3400086 0.3173844 0.3190507 0.2852196 0.2887632 0.3281158 0.4511417 0.4328938 0.4479823 0.4569333 0.4030322 0.3969121 0.3914470 0.4009872 0.4189613 0.4256004 0.4224632 0.5604461 0.5524911 0.5552080 0.5499864 0.5551238 0.5427218 0.5127413 0.6864929 0.5509309 0.5411521 0.5464773 0.5399619 0.4924865 0.4710763 0.4786210 0.4784685 0.4862143 0.4887921 0.4695947 0.4743294 0.4603376 0.4642575 0.4316246 0.4960377 0.5279387 0.5236123 0.5052047 0.5028386 0.5684196 0.4876955 0.4883186 0.5317329 0.5276920 0.4900347 0.4878948 0.5455557 0.4880516 0.6562757 0.6683505 0.6612473 0.5410832 0.5358928 0.6162524 0.5824193 0.5704276 0.4901323 0.5017023 0.5182474 0.4606128 
Populus_trichocarpa_XP_024447235.1    0.7032296 0.6798617 0.6788958 0.6671982 0.6471499 0.6562198 0.6354406 0.6514653 0.4579781 0.4574135 0.4522129 0.4549162 0.4578588 0.4515257 0.4444633 0.4474126 0.4303163 0.4311577 0.4212277 0.4415406 0.4964183 0.4655640 0.4687985 0.4596912 0.4792447 0.3148732 0.2953596 0.1955983 0.2055457 0.1909659 0.2185558 0.0154704 0.0038500 0.0000000 0.1144433 0.1044787 0.1044787 0.2694026 0.3107645 0.3111427 0.3046301 0.3047471 0.3433774 0.3400086 0.3154903 0.3171587 0.2830182 0.2865517 0.3247425 0.4499421 0.4315151 0.4464736 0.4599120 0.4024523 0.3963291 0.3947825 0.4052097 0.4236192 0.4295748 0.4232992 0.5604461 0.5556876 0.5573637 0.5521236 0.5572777 0.5458858 0.5127413 0.6932214 0.5509723 0.5405091 0.5465160 0.5399969 0.4907052 0.4692951 0.4772435 0.4770916 0.4848382 0.4874156 0.4682185 0.4729518 0.4589551 0.4628771 0.4339401 0.4944848 0.5255455 0.5220617 0.5018830 0.5010479 0.5697722 0.4859302 0.4865497 0.5296921 0.5254951 0.4889029 0.4867659 0.5432716 0.4884624 0.6567606 0.6683505 0.6575869 0.5418355 0.5366337 0.6153588 0.5828077 0.5689001 0.4875839 0.4991244 0.5154951 0.4609404 
Populus_euphratica_XP_011038537.1     0.6644334 0.6447813 0.6450316 0.6411711 0.6144538 0.6218747 0.6008272 0.6139640 0.4345557 0.4314768 0.4262044 0.4298665 0.4409291 0.4337785 0.4149342 0.4176193 0.4030415 0.4038241 0.3932818 0.4166159 0.4917929 0.4603879 0.4547168 0.4512873 0.4639688 0.3003181 0.2812653 0.1780983 0.1972104 0.1743778 0.1876713 0.1194491 0.1128137 0.1144433 0.0000000 0.0380515 0.0380515 0.2516686 0.2808527 0.3035116 0.2988003 0.2971949 0.3431181 0.3375238 0.3072147 0.3023582 0.2635802 0.2651646 0.3230360 0.4534155 0.4408830 0.4564366 0.4591716 0.3978265 0.3894471 0.3852091 0.4030079 0.4062788 0.4124983 0.4051787 0.5505474 0.5336303 0.5404569 0.5371661 0.5406700 0.5350917 0.5051821 0.6708539 0.5008595 0.4985323 0.5093003 0.5054209 0.4613775 0.4295763 0.4427807 0.4426468 0.4441379 0.4417557 0.4277862 0.4322381 0.4225779 0.4262585 0.4015071 0.4677058 0.4823387 0.4868113 0.4716003 0.4704710 0.5246057 0.4548447 0.4545629 0.5004334 0.5001273 0.4577060 0.4536892 0.5164413 0.4619958 0.6021823 0.6297346 0.6129270 0.4834425 0.4876023 0.5970488 0.5483855 0.5558340 0.4493118 0.4608644 0.4784907 0.4350844 
