33
Arabidopsis_lyrata_XP_002883982.1     0.0000000 0.0097254 0.0431059 0.0882725 0.1353982 0.1361388 0.1159704 0.1569961 0.1660002 0.1760672 0.0678992 0.5020388 0.4825164 0.4879162 0.5511739 0.4764892 0.4012964 0.3954951 0.4074022 0.3884822 0.3595712 0.4073433 0.3707330 0.3654756 0.3635965 0.3634817 0.4198421 0.3896104 0.3719034 0.3669459 0.5413136 0.5262423 0.5262423 
Arabidopsis_lyrata_XP_020887383.1     0.0097254 0.0000000 0.0464744 0.0918041 0.1391150 0.1398389 0.1195931 0.1607161 0.1697654 0.1820505 0.0639695 0.5011261 0.4873266 0.4927374 0.5560416 0.4705936 0.4054135 0.3996145 0.4114808 0.3831104 0.3635105 0.4019874 0.3747340 0.3694760 0.3715339 0.3714084 0.4145093 0.3890024 0.3666905 0.3617510 0.5462665 0.5311418 0.5311418 
Arabidopsis_thaliana_NP_179549.1      0.0431059 0.0464744 0.0000000 0.0663619 0.1093228 0.1127877 0.0968999 0.1332478 0.1461003 0.1575421 0.0256567 0.4836705 0.4674281 0.4727202 0.5271213 0.4576099 0.3936582 0.3921465 0.3968513 0.3794357 0.3395402 0.3761070 0.3629170 0.3576346 0.3580111 0.3539509 0.4003201 0.3804677 0.3692424 0.3643249 0.5381905 0.5136491 0.5136491 
Capsella_rubella_XP_006298182.1       0.0882725 0.0918041 0.0663619 0.0000000 0.1303812 0.1302827 0.1221593 0.1585334 0.1667491 0.1607126 0.0909736 0.4857986 0.4716396 0.4769335 0.5373509 0.4692017 0.4081089 0.3999976 0.3872983 0.3773409 0.3389358 0.3620645 0.3687243 0.3624202 0.3695447 0.3694232 0.3998338 0.3642640 0.3701676 0.3652604 0.5428831 0.5215239 0.5215239 
Brassica_oleracea_XP_013604300.1      0.1353982 0.1391150 0.1093228 0.1303812 0.0000000 0.0261236 0.0844847 0.1131187 0.1255864 0.1359540 0.1398461 0.5485187 0.5183187 0.5238387 0.5950757 0.5198862 0.4631747 0.4525237 0.4361774 0.4258983 0.4056002 0.4411994 0.4149778 0.4110658 0.4127923 0.4114097 0.4468189 0.4155969 0.4074979 0.4006630 0.5842892 0.5636681 0.5636681 
Brassica_rapa_XP_009117531.1          0.1361388 0.1398389 0.1127877 0.1302827 0.0261236 0.0000000 0.0878426 0.1171359 0.1297282 0.1418383 0.1437746 0.5475134 0.5173154 0.5228371 0.5941343 0.5256297 0.4749150 0.4484023 0.4449361 0.4256671 0.4069448 0.4399027 0.4242995 0.4203630 0.4143099 0.4129263 0.4501185 0.4189441 0.4067858 0.3999452 0.5938212 0.5730165 0.5730165 
Eutrema_salsugineum_XP_006408876.1    0.1159704 0.1195931 0.0968999 0.1221593 0.0844847 0.0878426 0.0000000 0.1052874 0.1233712 0.1421599 0.1262672 0.5286989 0.4988981 0.5043026 0.5686915 0.4981530 0.4262950 0.4199082 0.4116592 0.4063121 0.3910367 0.4222541 0.3889824 0.3895298 0.3723742 0.3754395 0.4289450 0.4055081 0.3923743 0.3845294 0.5322386 0.5110695 0.5110695 
Brassica_oleracea_XP_013615142.1      0.1569961 0.1607161 0.1332478 0.1585334 0.1131187 0.1171359 0.1052874 0.0000000 0.0292388 0.0361327 0.1613182 0.5107320 0.4869506 0.4922876 0.5568755 0.4857249 0.4661432 0.4509456 0.4413277 0.4133525 0.3873425 0.4332966 0.3910425 0.3871876 0.4007609 0.4035242 0.4449958 0.4191191 0.4016010 0.4034690 0.5369724 0.5167685 0.5167685 
Brassica_rapa_XP_009102154.1          0.1660002 0.1697654 0.1461003 0.1667491 0.1255864 0.1297282 0.1233712 0.0292388 0.0000000 0.0050362 0.1763899 0.5139301 0.4898622 0.4952549 0.5589069 0.4876796 0.4713713 0.4495338 0.4397221 0.3975909 0.3803426 0.4260554 0.3824990 0.3786671 0.3919899 0.3947549 0.4319900 0.4094331 0.3963806 0.3982397 0.5237438 0.5022931 0.5022931 
Brassica_rapa_XP_033131695.1          0.1760672 0.1820505 0.1575421 0.1607126 0.1359540 0.1418383 0.1421599 0.0361327 0.0050362 0.0000000 0.2127161 0.5709742 0.5401736 0.5575348 0.6650520 0.5736598 0.5220464 0.5081300 0.4773436 0.4228125 0.4334250 0.5112581 0.4277019 0.4214293 0.4544774 0.4587298 0.5041813 0.4790916 0.4450460 0.4423364 0.6190402 0.6124392 0.6124392 
Arabidopsis_thaliana_NP_001324863.1   0.0678992 0.0639695 0.0256567 0.0909736 0.1398461 0.1437746 0.1262672 0.1613182 0.1763899 0.2127161 0.0000000 0.5091826 0.4910010 0.4970123 0.5686692 0.4967732 0.3726421 0.3792198 0.3962655 0.3674849 0.3348150 0.3739183 0.3774502 0.3653353 0.3611299 0.3557267 0.4259785 0.3871372 0.3746431 0.3691659 0.5142511 0.4966910 0.4966910 
Capsicum_annuum_XP_016551165.1        0.5020388 0.5011261 0.4836705 0.4857986 0.5485187 0.5475134 0.5286989 0.5107320 0.5139301 0.5709742 0.5091826 0.0000000 0.0934301 0.1044001 0.0936596 0.1233642 0.4537666 0.4572524 0.4235143 0.4158189 0.3802273 0.4591792 0.3944676 0.3898097 0.3902341 0.3945881 0.3629186 0.4335783 0.3975542 0.3911178 0.5715774 0.5630498 0.5630498 
Solanum_lycopersicum_NP_001234037.1   0.4825164 0.4873266 0.4674281 0.4716396 0.5183187 0.5173154 0.4988981 0.4869506 0.4898622 0.5401736 0.4910010 0.0934301 0.0000000 0.0100044 0.0716947 0.1201104 0.4821443 0.4791487 0.4392150 0.3922586 0.3734770 0.4427466 0.3973949 0.3927602 0.3842763 0.3873744 0.3712812 0.4366731 0.3912883 0.3849213 0.5505455 0.5531658 0.5531658 
Solanum_pennellii_XP_015081139.1      0.4879162 0.4927374 0.4727202 0.4769335 0.5238387 0.5228371 0.5043026 0.4922876 0.4952549 0.5575348 0.4970123 0.1044001 0.0100044 0.0000000 0.0824819 0.1311233 0.4874326 0.4936421 0.4532605 0.3972274 0.3783308 0.4478609 0.4023247 0.3976518 0.3891921 0.3922890 0.3761550 0.4417744 0.3962775 0.3898763 0.5562428 0.5589097 0.5589097 
Solanum_tuberosum_NP_001275149.1      0.5511739 0.5560416 0.5271213 0.5373509 0.5950757 0.5941343 0.5686915 0.5568755 0.5589069 0.6650520 0.5686692 0.0936596 0.0716947 0.0824819 0.0000000 0.1258308 0.4958858 0.4961901 0.4559350 0.4093689 0.3969106 0.4792151 0.4112600 0.4064642 0.3954744 0.3998173 0.4368430 0.4245772 0.3953903 0.3892104 0.5578857 0.5493765 0.5493765 
Nicotiana_attenuata_XP_019240518.1    0.4764892 0.4705936 0.4576099 0.4692017 0.5198862 0.5256297 0.4981530 0.4857249 0.4876796 0.5736598 0.4967732 0.1233642 0.1201104 0.1311233 0.1258308 0.0000000 0.4545115 0.4435175 0.4093941 0.3721805 0.3465088 0.4402069 0.3593907 0.3566078 0.3583147 0.3625861 0.3232035 0.4314080 0.3743040 0.3690793 0.5687256 0.5580347 0.5580347 
Cicer_arietinum_XP_004513099.1        0.4012964 0.4054135 0.3936582 0.4081089 0.4631747 0.4749150 0.4262950 0.4661432 0.4713713 0.5220464 0.3726421 0.4537666 0.4821443 0.4874326 0.4958858 0.4545115 0.0000000 0.1096545 0.2551474 0.4015165 0.3547164 0.4251817 0.4147957 0.3962198 0.4076505 0.4121105 0.3986359 0.3886114 0.3927799 0.3874456 0.5157347 0.4961338 0.4961338 
Medicago_truncatula_XP_003620934.1    0.3954951 0.3996145 0.3921465 0.3999976 0.4525237 0.4484023 0.4199082 0.4509456 0.4495338 0.5081300 0.3792198 0.4572524 0.4791487 0.4936421 0.4961901 0.4435175 0.1096545 0.0000000 0.2607897 0.3860796 0.3395613 0.4276512 0.3791247 0.3637219 0.3742358 0.3785811 0.3790835 0.3730505 0.3388189 0.3385954 0.5308555 0.5101743 0.5101743 
Phaseolus_vulgaris_XP_007160235.1     0.4074022 0.4114808 0.3968513 0.3872983 0.4361774 0.4449361 0.4116592 0.4413277 0.4397221 0.4773436 0.3962655 0.4235143 0.4392150 0.4532605 0.4559350 0.4093941 0.2551474 0.2607897 0.0000000 0.4331500 0.3453525 0.4261013 0.4065745 0.3910811 0.3631698 0.3674306 0.3674970 0.3631183 0.3620714 0.3631250 0.4812621 0.4647560 0.4647560 
Citrus_sinensis_XP_006475453.1        0.3884822 0.3831104 0.3794357 0.3773409 0.4258983 0.4256671 0.4063121 0.4133525 0.3975909 0.4228125 0.3674849 0.4158189 0.3922586 0.3972274 0.4093689 0.3721805 0.4015165 0.3860796 0.4331500 0.0000000 0.3170229 0.3701989 0.3104818 0.3012653 0.2815052 0.2829168 0.3176879 0.3323213 0.2908999 0.2821779 0.5025877 0.4907631 0.4907631 
Fragaria_vesca_XP_004287539.1         0.3595712 0.3635105 0.3395402 0.3389358 0.4056002 0.4069448 0.3910367 0.3873425 0.3803426 0.4334250 0.3348150 0.3802273 0.3734770 0.3783308 0.3969106 0.3465088 0.3547164 0.3395613 0.3453525 0.3170229 0.0000000 0.1241014 0.2062663 0.1940517 0.2008060 0.2069834 0.2773089 0.2886894 0.3094053 0.3030089 0.4908786 0.4836451 0.4836451 
Fragaria_vesca_XP_004288926.1         0.4073433 0.4019874 0.3761070 0.3620645 0.4411994 0.4399027 0.4222541 0.4332966 0.4260554 0.5112581 0.3739183 0.4591792 0.4427466 0.4478609 0.4792151 0.4402069 0.4251817 0.4276512 0.4261013 0.3701989 0.1241014 0.0000000 0.2965939 0.2830492 0.3007411 0.3075587 0.3398914 0.3352889 0.3623231 0.3541764 0.5428668 0.5353836 0.5353836 
Malus_domestica_XP_008337682.2        0.3707330 0.3747340 0.3629170 0.3687243 0.4149778 0.4242995 0.3889824 0.3910425 0.3824990 0.4277019 0.3774502 0.3944676 0.3973949 0.4023247 0.4112600 0.3593907 0.4147957 0.3791247 0.4065745 0.3104818 0.2062663 0.2965939 0.0000000 0.0165770 0.1414262 0.1427452 0.2728444 0.2852792 0.3013870 0.2950707 0.4787203 0.4579946 0.4579946 
Pyrus_x_bretschneideri_XP_009352635.1 0.3654756 0.3694760 0.3576346 0.3624202 0.4110658 0.4203630 0.3895298 0.3871876 0.3786671 0.4214293 0.3653353 0.3898097 0.3927602 0.3976518 0.4064642 0.3566078 0.3962198 0.3637219 0.3910811 0.3012653 0.1940517 0.2830492 0.0165770 0.0000000 0.1292293 0.1305084 0.2722689 0.2714807 0.2873728 0.2812701 0.4701524 0.4495799 0.4495799 
Prunus_mume_XP_008242414.1            0.3635965 0.3715339 0.3580111 0.3695447 0.4127923 0.4143099 0.3723742 0.4007609 0.3919899 0.4544774 0.3611299 0.3902341 0.3842763 0.3891921 0.3954744 0.3583147 0.4076505 0.3742358 0.3631698 0.2815052 0.2008060 0.3007411 0.1414262 0.1292293 0.0000000 0.0067018 0.2723728 0.2734115 0.2859542 0.2815677 0.4956533 0.4812648 0.4812648 
Prunus_persica_XP_007202367.1         0.3634817 0.3714084 0.3539509 0.3694232 0.4114097 0.4129263 0.3754395 0.4035242 0.3947549 0.4587298 0.3557267 0.3945881 0.3873744 0.3922890 0.3998173 0.3625861 0.4121105 0.3785811 0.3674306 0.2829168 0.2069834 0.3075587 0.1427452 0.1305084 0.0067018 0.0000000 0.2697086 0.2772438 0.2829551 0.2785961 0.4953487 0.4844123 0.4844123 
Vitis_vinifera_XP_002279746.4         0.4198421 0.4145093 0.4003201 0.3998338 0.4468189 0.4501185 0.4289450 0.4449958 0.4319900 0.5041813 0.4259785 0.3629186 0.3712812 0.3761550 0.4368430 0.3232035 0.3986359 0.3790835 0.3674970 0.3176879 0.2773089 0.3398914 0.2728444 0.2722689 0.2723728 0.2697086 0.0000000 0.3216334 0.2932511 0.2846589 0.4935519 0.4852789 0.4852789 
Manihot_esculenta_XP_021606663.1      0.3896104 0.3890024 0.3804677 0.3642640 0.4155969 0.4189441 0.4055081 0.4191191 0.4094331 0.4790916 0.3871372 0.4335783 0.4366731 0.4417744 0.4245772 0.4314080 0.3886114 0.3730505 0.3631183 0.3323213 0.2886894 0.3352889 0.2852792 0.2714807 0.2734115 0.2772438 0.3216334 0.0000000 0.2778469 0.2719781 0.4735780 0.4568808 0.4568808 
Populus_euphratica_XP_011010059.1     0.3719034 0.3666905 0.3692424 0.3701676 0.4074979 0.4067858 0.3923743 0.4016010 0.3963806 0.4450460 0.3746431 0.3975542 0.3912883 0.3962775 0.3953903 0.3743040 0.3927799 0.3388189 0.3620714 0.2908999 0.3094053 0.3623231 0.3013870 0.2873728 0.2859542 0.2829551 0.2932511 0.2778469 0.0000000 0.0168012 0.4811569 0.4758023 0.4758023 
Populus_trichocarpa_XP_002309227.2    0.3669459 0.3617510 0.3643249 0.3652604 0.4006630 0.3999452 0.3845294 0.4034690 0.3982397 0.4423364 0.3691659 0.3911178 0.3849213 0.3898763 0.3892104 0.3690793 0.3874456 0.3385954 0.3631250 0.2821779 0.3030089 0.3541764 0.2950707 0.2812701 0.2815677 0.2785961 0.2846589 0.2719781 0.0168012 0.0000000 0.4754441 0.4700549 0.4700549 
Cucumis_melo_XP_008459274.1           0.5413136 0.5462665 0.5381905 0.5428831 0.5842892 0.5938212 0.5322386 0.5369724 0.5237438 0.6190402 0.5142511 0.5715774 0.5505455 0.5562428 0.5578857 0.5687256 0.5157347 0.5308555 0.4812621 0.5025877 0.4908786 0.5428668 0.4787203 0.4701524 0.4956533 0.4953487 0.4935519 0.4735780 0.4811569 0.4754441 0.0000000 0.0479247 0.0479247 
Cucumis_sativus_XP_004141049.1        0.5262423 0.5311418 0.5136491 0.5215239 0.5636681 0.5730165 0.5110695 0.5167685 0.5022931 0.6124392 0.4966910 0.5630498 0.5531658 0.5589097 0.5493765 0.5580347 0.4961338 0.5101743 0.4647560 0.4907631 0.4836451 0.5353836 0.4579946 0.4495799 0.4812648 0.4844123 0.4852789 0.4568808 0.4758023 0.4700549 0.0479247 0.0000000 0.0000010 
Cucumis_sativus_XP_031736607.1        0.5262423 0.5311418 0.5136491 0.5215239 0.5636681 0.5730165 0.5110695 0.5167685 0.5022931 0.6124392 0.4966910 0.5630498 0.5531658 0.5589097 0.5493765 0.5580347 0.4961338 0.5101743 0.4647560 0.4907631 0.4836451 0.5353836 0.4579946 0.4495799 0.4812648 0.4844123 0.4852789 0.4568808 0.4758023 0.4700549 0.0479247 0.0000010 0.0000000 
