58
Arabidopsis_lyrata_XP_020878745.1     0.0000000 0.0249080 0.0584749 0.0753692 0.1296777 0.1255042 0.5475378 0.6389715 0.6041031 0.6068508 0.6098149 0.6218349 0.6203415 0.6162802 0.6147862 0.6463273 0.6536238 0.6528872 0.6087037 0.6094450 0.6216699 0.6301251 0.6237764 0.6448168 0.6948101 0.6501645 0.6618802 0.6618802 0.6731393 0.6628064 0.6475579 0.6460374 0.6550562 0.6535394 0.7462103 0.7692813 0.8080418 0.7095794 0.7206472 0.7206472 0.7301377 0.7511377 0.7523847 0.7507473 0.7511415 0.7494983 0.8019692 0.8066229 0.8027734 0.7964235 0.7837664 0.7741180 0.8174302 0.7602366 0.8359991 0.8345002 0.8382559 0.8367501 
Arabidopsis_thaliana_NP_195948.1      0.0249080 0.0000000 0.0590377 0.0707205 0.1243687 0.1189615 0.5509661 0.6466836 0.6097614 0.6165056 0.6181213 0.6305955 0.6290910 0.6237476 0.6222435 0.6542990 0.6699086 0.6691764 0.6179298 0.6199627 0.6326212 0.6465108 0.6400390 0.6485837 0.6979110 0.6624020 0.6741363 0.6741363 0.6862869 0.6788969 0.6603571 0.6588192 0.6707340 0.6691977 0.7494587 0.7751269 0.8133644 0.7105261 0.7244536 0.7244536 0.7376837 0.7588019 0.7600638 0.7584139 0.7573910 0.7557372 0.8165366 0.8236639 0.8197406 0.8144639 0.7985450 0.7871950 0.8245696 0.7630290 0.8277233 0.8262287 0.8299436 0.8284421 
Capsella_rubella_XP_006290218.1       0.0584749 0.0590377 0.0000000 0.0899295 0.1396267 0.1350087 0.5522790 0.6505441 0.6252764 0.6292677 0.6266498 0.6403624 0.6388510 0.6356639 0.6341517 0.6614863 0.6717369 0.6710063 0.6333966 0.6390804 0.6523878 0.6526872 0.6419699 0.6552213 0.7115050 0.6656050 0.6796969 0.6796969 0.6997056 0.6914829 0.6680047 0.6664738 0.6750559 0.6735264 0.7520013 0.7725603 0.8179673 0.7301272 0.7426925 0.7426925 0.7534790 0.7683061 0.7695738 0.7679248 0.7635246 0.7618747 0.8106213 0.8204022 0.8165087 0.8091088 0.7959265 0.7884968 0.8313179 0.7656259 0.8482092 0.8467043 0.8492036 0.8476919 
Eutrema_salsugineum_XP_006398772.1    0.0753692 0.0707205 0.0899295 0.0000000 0.0982247 0.0962069 0.5337386 0.6450782 0.6109132 0.6131075 0.6280187 0.6313873 0.6298868 0.6278283 0.6263259 0.6325124 0.6529293 0.6521923 0.6063065 0.6074624 0.6207478 0.6296924 0.6206948 0.6290574 0.6993409 0.6518078 0.6624966 0.6624966 0.6714084 0.6668215 0.6450177 0.6435037 0.6533611 0.6518475 0.7319954 0.7638059 0.7937043 0.7078768 0.7232595 0.7232595 0.7348557 0.7467440 0.7479823 0.7463524 0.7471371 0.7455017 0.7912916 0.7957222 0.7919096 0.7858679 0.7699111 0.7598224 0.8106753 0.7572303 0.8283349 0.8268432 0.8322820 0.8307817 
Brassica_oleracea_XP_013610373.1      0.1296777 0.1243687 0.1396267 0.0982247 0.0000000 0.0198391 0.5824902 0.6988001 0.6524054 0.6545698 0.6747193 0.6786723 0.6771295 0.6726383 0.6710955 0.6932785 0.7097855 0.7082133 0.6679768 0.6695624 0.6852060 0.6820203 0.6740168 0.6760641 0.7308668 0.6982369 0.7108897 0.7108897 0.7188787 0.7107751 0.6906939 0.6891338 0.6974839 0.6959264 0.7793953 0.8070630 0.8464295 0.7499382 0.7552421 0.7552421 0.7762158 0.7814244 0.7811509 0.7794937 0.7839602 0.7822968 0.8343531 0.8405516 0.8366161 0.8311321 0.8166519 0.8095992 0.8238137 0.7973531 0.8644191 0.8629053 0.8715075 0.8699827 
Brassica_rapa_XP_009122719.1          0.1255042 0.1189615 0.1350087 0.0962069 0.0198391 0.0000000 0.5787248 0.6942325 0.6525899 0.6540467 0.6661857 0.6771792 0.6756305 0.6709388 0.6693896 0.6885805 0.7069894 0.7054095 0.6588302 0.6608838 0.6762422 0.6671692 0.6595561 0.6727712 0.7263535 0.6955977 0.7073033 0.7073033 0.7137174 0.7039185 0.6835938 0.6820356 0.6894838 0.6879286 0.7778404 0.8079449 0.8426498 0.7513337 0.7566735 0.7566735 0.7775389 0.7813146 0.7810403 0.7793790 0.7845513 0.7828828 0.8362692 0.8420894 0.8381329 0.8326233 0.8183011 0.8072559 0.8157948 0.7835042 0.8521426 0.8506297 0.8599985 0.8584744 
Carica_papaya_XP_021910474.1          0.5475378 0.5509661 0.5522790 0.5337386 0.5824902 0.5787248 0.0000000 0.4002800 0.4285212 0.4305916 0.4448863 0.4552809 0.4544111 0.4565030 0.4556315 0.4324541 0.4370465 0.4360253 0.4228360 0.4112192 0.4167647 0.4347069 0.4253528 0.4261350 0.5046405 0.4551589 0.4622198 0.4622198 0.4788793 0.4678031 0.4252580 0.4243953 0.4356702 0.4348093 0.5552884 0.5761317 0.6063462 0.5043571 0.5276662 0.5276662 0.5505961 0.5497933 0.5507264 0.5498407 0.5527413 0.5518540 0.6383892 0.6230043 0.6225118 0.6197793 0.6139512 0.5971434 0.6722012 0.6202981 0.6712255 0.6698898 0.6745138 0.6731713 
Vitis_vinifera_XP_002276399.1         0.6389715 0.6466836 0.6505441 0.6450782 0.6988001 0.6942325 0.4002800 0.0000000 0.4185733 0.4223376 0.4325705 0.4658687 0.4650127 0.4615793 0.4607234 0.4122495 0.4585617 0.4577434 0.4284095 0.4297679 0.4348956 0.4408980 0.4308416 0.4146538 0.4736239 0.4525831 0.4575675 0.4575675 0.4717582 0.4645245 0.4221572 0.4213079 0.4239065 0.4230610 0.5372468 0.5254304 0.5891598 0.5032162 0.5202166 0.5202166 0.5393201 0.5162757 0.5171499 0.5162755 0.5219533 0.5210766 0.5994831 0.5675908 0.5699613 0.5685290 0.5617886 0.5504974 0.6679661 0.5871455 0.6421549 0.6405258 0.6426637 0.6410314 
Gossypium_hirsutum_XP_016671305.1     0.6041031 0.6097614 0.6252764 0.6109132 0.6524054 0.6525899 0.4285212 0.4185733 0.0000000 0.0000010 0.2353251 0.2735923 0.2738327 0.2684298 0.2686651 0.4545940 0.4695452 0.4700231 0.4572404 0.4443283 0.4496014 0.4594292 0.4423772 0.4553475 0.5259803 0.5063454 0.5046103 0.5046103 0.5247517 0.5194985 0.4672620 0.4677338 0.4678935 0.4683636 0.5914298 0.5672681 0.6308203 0.5356775 0.5649465 0.5649465 0.5664371 0.5613875 0.5623288 0.5629422 0.5574377 0.5580443 0.6647842 0.6679292 0.6675132 0.6630706 0.6552275 0.6309522 0.6748255 0.6576566 0.7021158 0.7004202 0.6995186 0.6978269 
Gossypium_hirsutum_XP_016671306.1     0.6068508 0.6165056 0.6292677 0.6131075 0.6545698 0.6540467 0.4305916 0.4223376 0.0000010 0.0000000 0.2438951 0.2825151 0.2825151 0.2769479 0.2769479 0.4539676 0.4763046 0.4768211 0.4644230 0.4514232 0.4572586 0.4669138 0.4459146 0.4630576 0.5347385 0.5185844 0.5181535 0.5181535 0.5360533 0.5307114 0.4777322 0.4777322 0.4768979 0.4768979 0.5937551 0.5674552 0.6365547 0.5361075 0.5661796 0.5661796 0.5674876 0.5730538 0.5740708 0.5740708 0.5688317 0.5688317 0.6870519 0.6836345 0.6848052 0.6818186 0.6742580 0.6490414 0.6835974 0.6691990 0.7250263 0.7250263 0.7207597 0.7207597 
Gossypium_hirsutum_XP_016680889.1     0.6098149 0.6181213 0.6266498 0.6280187 0.6747193 0.6661857 0.4448863 0.4325705 0.2353251 0.2438951 0.0000000 0.2892708 0.2895314 0.2880321 0.2882917 0.4663580 0.4945441 0.4937716 0.4612945 0.4642847 0.4701706 0.4575207 0.4549427 0.4610305 0.5416311 0.5439339 0.5461003 0.5461003 0.5705989 0.5602852 0.5061828 0.5067167 0.5046010 0.5051305 0.6135077 0.5789935 0.6418211 0.5559692 0.5760345 0.5760345 0.5775557 0.5425930 0.5435188 0.5441128 0.5364530 0.5370358 0.6839618 0.6861308 0.6828935 0.6817927 0.6736203 0.6502144 0.6680051 0.6439655 0.7322497 0.7304977 0.7311961 0.7294391 
Gossypium_hirsutum_XP_016679845.1     0.6218349 0.6305955 0.6403624 0.6313873 0.6786723 0.6771792 0.4552809 0.4658687 0.2735923 0.2825151 0.2892708 0.0000000 0.0000010 0.0426614 0.0426933 0.4761828 0.4943827 0.4949068 0.4840643 0.4781312 0.4808183 0.4771401 0.4711824 0.4697354 0.5424817 0.5343168 0.5345289 0.5345289 0.5447706 0.5372357 0.5031130 0.5036392 0.5040898 0.5046181 0.6160311 0.6023113 0.6658216 0.5722206 0.6020994 0.6020994 0.5986473 0.5868092 0.5877983 0.5884566 0.5889435 0.5896054 0.6706772 0.6639307 0.6607505 0.6580341 0.6463999 0.6339782 0.6877520 0.6533920 0.7117275 0.7099764 0.7102845 0.7085284 
Gossypium_hirsutum_XP_016679846.1     0.6203415 0.6290910 0.6388510 0.6298868 0.6771295 0.6756305 0.4544111 0.4650127 0.2738327 0.2825151 0.2895314 0.0000010 0.0000000 0.0426933 0.0426933 0.4751372 0.4935139 0.4940372 0.4832077 0.4772774 0.4799432 0.4762828 0.4703262 0.4689181 0.5430726 0.5348868 0.5350995 0.5350995 0.5453570 0.5378133 0.5036392 0.5036392 0.5046181 0.5046181 0.6167238 0.6029931 0.6666000 0.5728414 0.6027697 0.6027697 0.5993125 0.5874656 0.5884566 0.5884566 0.5896054 0.5896054 0.6714609 0.6647095 0.6615231 0.6588022 0.6471549 0.6347008 0.6886748 0.6542425 0.7125815 0.7108277 0.7111395 0.7093806 
Gossypium_hirsutum_XP_016733330.1     0.6162802 0.6237476 0.6356639 0.6278283 0.6726383 0.6709388 0.4565030 0.4615793 0.2684298 0.2769479 0.2880321 0.0426614 0.0426933 0.0000000 0.0000010 0.4721173 0.4949712 0.4954955 0.4737743 0.4663254 0.4691353 0.4649153 0.4553866 0.4744806 0.5434513 0.5284737 0.5259911 0.5259911 0.5435632 0.5387794 0.4967920 0.4973101 0.4961821 0.4966999 0.6110182 0.5955947 0.6709226 0.5665370 0.5932215 0.5932215 0.5971672 0.5823207 0.5833016 0.5839522 0.5844749 0.5851303 0.6684905 0.6678578 0.6646595 0.6605476 0.6516759 0.6378111 0.6810318 0.6464005 0.7193739 0.7176106 0.7191237 0.7173571 
Gossypium_hirsutum_XP_016733331.1     0.6147862 0.6222435 0.6341517 0.6263259 0.6710955 0.6693896 0.4556315 0.4607234 0.2686651 0.2769479 0.2882917 0.0426933 0.0426933 0.0000010 0.0000000 0.4710745 0.4941032 0.4946267 0.4729175 0.4654699 0.4682579 0.4640567 0.4545309 0.4736629 0.5440437 0.5290367 0.5265509 0.5265509 0.5441493 0.5393607 0.4973101 0.4973101 0.4966999 0.4966999 0.6117031 0.5962643 0.6717091 0.5671499 0.5938786 0.5938786 0.5978304 0.5829693 0.5839522 0.5839522 0.5851303 0.5851303 0.6692728 0.6686436 0.6654389 0.6613202 0.6524402 0.6385405 0.6819447 0.6472413 0.7202418 0.7184756 0.7199934 0.7182240 
Jatropha_curcas_XP_012082372.1        0.6463273 0.6542990 0.6614863 0.6325124 0.6932785 0.6885805 0.4324541 0.4122495 0.4545940 0.4539676 0.4663580 0.4761828 0.4751372 0.4721173 0.4710745 0.0000000 0.2330689 0.2332695 0.3201591 0.3045954 0.3083716 0.3315668 0.3229851 0.4771569 0.5249430 0.5019077 0.5035708 0.5035708 0.5163651 0.5117800 0.4662137 0.4651833 0.4714532 0.4704212 0.5720989 0.5867366 0.6418960 0.5451782 0.5692020 0.5692020 0.5788725 0.5731269 0.5740954 0.5729947 0.5699455 0.5688478 0.6692865 0.6575915 0.6556588 0.6501785 0.6439877 0.6362387 0.6900320 0.6539740 0.7303644 0.7285985 0.7235514 0.7217872 
Manihot_esculenta_XP_021620534.1      0.6536238 0.6699086 0.6717369 0.6529293 0.7097855 0.7069894 0.4370465 0.4585617 0.4695452 0.4763046 0.4945441 0.4943827 0.4935139 0.4949712 0.4941032 0.2330689 0.0000000 0.0000010 0.3209742 0.3063953 0.3112270 0.3390782 0.3301956 0.4889005 0.5417798 0.5292318 0.5377476 0.5377476 0.5562637 0.5459460 0.4874855 0.4866246 0.4953335 0.4944747 0.5905682 0.6192713 0.6672901 0.5867781 0.6108410 0.6108410 0.6118071 0.5713477 0.5723276 0.5714424 0.5736397 0.5727553 0.6904946 0.6828705 0.6827805 0.6733074 0.6655185 0.6495273 0.6986764 0.6590886 0.7455331 0.7437293 0.7443366 0.7425335 
Manihot_esculenta_XP_021620536.1      0.6528872 0.6691764 0.6710063 0.6521923 0.7082133 0.7054095 0.4360253 0.4577434 0.4700231 0.4768211 0.4937716 0.4949068 0.4940372 0.4954955 0.4946267 0.2332695 0.0000010 0.0000000 0.3212666 0.3066706 0.3115146 0.3393910 0.3304985 0.4880837 0.5423771 0.5297979 0.5383265 0.5383265 0.5568674 0.5465374 0.4879957 0.4871340 0.4958528 0.4949932 0.5893111 0.6179641 0.6659555 0.5855363 0.6095702 0.6095702 0.6105247 0.5719899 0.5729717 0.5720856 0.5742851 0.5733998 0.6913148 0.6836817 0.6835900 0.6741044 0.6663062 0.6502794 0.6996284 0.6599539 0.7464507 0.7446438 0.7452523 0.7434463 
Populus_euphratica_XP_011010448.1     0.6087037 0.6179298 0.6333966 0.6063065 0.6679768 0.6588302 0.4228360 0.4284095 0.4572404 0.4644230 0.4612945 0.4840643 0.4832077 0.4737743 0.4729175 0.3201591 0.3209742 0.3212666 0.0000000 0.0416825 0.0427332 0.1616558 0.1521323 0.4457127 0.4918033 0.5101257 0.5171672 0.5171672 0.5228460 0.5171484 0.4559266 0.4550779 0.4694099 0.4685627 0.5798499 0.5788590 0.6232866 0.5451712 0.5640762 0.5640762 0.5765463 0.5869227 0.5879082 0.5870376 0.5876866 0.5868148 0.6704285 0.6564595 0.6554651 0.6488673 0.6327430 0.6296454 0.6859564 0.6493633 0.7001881 0.6984671 0.7098334 0.7081000 
Populus_trichocarpa_XP_006373880.2    0.6094450 0.6199627 0.6390804 0.6074624 0.6695624 0.6608838 0.4112192 0.4297679 0.4443283 0.4514232 0.4642847 0.4781312 0.4772774 0.4663254 0.4654699 0.3045954 0.3063953 0.3066706 0.0416825 0.0000000 0.0000010 0.1576174 0.1454045 0.4396006 0.4904383 0.4997104 0.5084172 0.5084172 0.5128426 0.5123669 0.4410443 0.4401969 0.4524579 0.4516116 0.5609411 0.5684761 0.6150240 0.5335390 0.5557335 0.5557335 0.5662885 0.5689687 0.5699275 0.5690584 0.5696865 0.5688164 0.6757169 0.6591744 0.6581751 0.6510171 0.6370284 0.6327659 0.6727902 0.6439156 0.6921513 0.6904422 0.7005847 0.6988641 
Populus_trichocarpa_XP_024443905.1    0.6216699 0.6326212 0.6523878 0.6207478 0.6852060 0.6762422 0.4167647 0.4348956 0.4496014 0.4572586 0.4701706 0.4808183 0.4799432 0.4691353 0.4682579 0.3083716 0.3112270 0.3115146 0.0427332 0.0000010 0.0000000 0.1609885 0.1484187 0.4434958 0.4947170 0.4997364 0.5086675 0.5086675 0.5132076 0.5127212 0.4430342 0.4421655 0.4547495 0.4538820 0.5654713 0.5772932 0.6253011 0.5424432 0.5654179 0.5654179 0.5746491 0.5733974 0.5743871 0.5734957 0.5755367 0.5746442 0.6867648 0.6699432 0.6688894 0.6615066 0.6471015 0.6424733 0.6813731 0.6489750 0.7053266 0.7035581 0.7140750 0.7122943 
Populus_euphratica_XP_011048538.1     0.6301251 0.6465108 0.6526872 0.6296924 0.6820203 0.6671692 0.4347069 0.4408980 0.4594292 0.4669138 0.4575207 0.4771401 0.4762828 0.4649153 0.4640567 0.3315668 0.3390782 0.3393910 0.1616558 0.1576174 0.1609885 0.0000000 0.0368817 0.4522903 0.5184663 0.5103412 0.5127222 0.5127222 0.5237129 0.5208924 0.4739089 0.4730578 0.4791586 0.4783096 0.5678681 0.5649536 0.6019168 0.5461029 0.5681915 0.5681915 0.5810709 0.5766709 0.5776456 0.5767718 0.5781039 0.5772282 0.6731602 0.6636912 0.6629059 0.6558861 0.6403132 0.6398872 0.6740182 0.6459555 0.7073977 0.7056581 0.7166230 0.7148692 
Populus_trichocarpa_XP_024460092.1    0.6237764 0.6400390 0.6419699 0.6206948 0.6740168 0.6595561 0.4253528 0.4308416 0.4423772 0.4459146 0.4549427 0.4711824 0.4703262 0.4553866 0.4545309 0.3229851 0.3301956 0.3304985 0.1521323 0.1454045 0.1484187 0.0368817 0.0000000 0.4438614 0.5125253 0.5064552 0.5073527 0.5073527 0.5181435 0.5153180 0.4680987 0.4672498 0.4739318 0.4730859 0.5559722 0.5579688 0.5932534 0.5345147 0.5574953 0.5574953 0.5624517 0.5679542 0.5689150 0.5680428 0.5687845 0.5679109 0.6628154 0.6518111 0.6510565 0.6440913 0.6301219 0.6307634 0.6625216 0.6379615 0.6972998 0.6955733 0.7045777 0.7028388 
Citrus_sinensis_XP_024955793.1        0.6448168 0.6485837 0.6552213 0.6290574 0.6760641 0.6727712 0.4261350 0.4146538 0.4553475 0.4630576 0.4610305 0.4697354 0.4689181 0.4744806 0.4736629 0.4771569 0.4889005 0.4880837 0.4457127 0.4396006 0.4434958 0.4522903 0.4438614 0.0000000 0.5080517 0.4802495 0.4877610 0.4876775 0.5054851 0.5012492 0.4570001 0.4561931 0.4605398 0.4597345 0.5838724 0.5990068 0.6393694 0.5453101 0.5832203 0.5769878 0.5836398 0.5692925 0.5702423 0.5694277 0.5706777 0.5698608 0.6327691 0.6256943 0.6234986 0.6176342 0.6094664 0.5973819 0.7183065 0.6506790 0.6935438 0.6918404 0.6928063 0.6910971 
Fragaria_vesca_XP_004306246.1         0.6948101 0.6979110 0.7115050 0.6993409 0.7308668 0.7263535 0.5046405 0.4736239 0.5259803 0.5347385 0.5416311 0.5424817 0.5430726 0.5434513 0.5440437 0.5249430 0.5417798 0.5423771 0.4918033 0.4904383 0.4947170 0.5184663 0.5125253 0.5080517 0.0000000 0.2923340 0.2951115 0.2951115 0.3164782 0.3181228 0.2470346 0.2472539 0.2496424 0.2498634 0.5662805 0.5721853 0.6297931 0.5539672 0.5785656 0.5785656 0.5854619 0.5461726 0.5458344 0.5464323 0.5523456 0.5529557 0.7189078 0.6942488 0.6966993 0.7002678 0.6878810 0.6869708 0.7799468 0.7155010 0.7205406 0.7196540 0.7268826 0.7259957 
Malus_domestica_XP_008369681.2        0.6501645 0.6624020 0.6656050 0.6518078 0.6982369 0.6955977 0.4551589 0.4525831 0.5063454 0.5185844 0.5439339 0.5343168 0.5348868 0.5284737 0.5290367 0.5019077 0.5292318 0.5297979 0.5101257 0.4997104 0.4997364 0.5103412 0.5064552 0.4802495 0.2923340 0.0000000 0.0278554 0.0278554 0.1073061 0.1115698 0.1782850 0.1784318 0.1800086 0.1801567 0.5473852 0.5527677 0.6030208 0.4982601 0.5269252 0.5269252 0.5290690 0.5341952 0.5351043 0.5356832 0.5331348 0.5337118 0.6826002 0.6803325 0.6797877 0.6736526 0.6607868 0.6459388 0.7587962 0.6823000 0.6782765 0.6765838 0.6828465 0.6811486 
Pyrus_x_bretschneideri_XP_009373524.1 0.6618802 0.6741363 0.6796969 0.6624966 0.7108897 0.7073033 0.4622198 0.4575675 0.5046103 0.5181535 0.5461003 0.5345289 0.5350995 0.5259911 0.5265509 0.5035708 0.5377476 0.5383265 0.5171672 0.5084172 0.5086675 0.5127222 0.5073527 0.4877610 0.2951115 0.0278554 0.0000000 0.0000010 0.1098443 0.1149823 0.1772590 0.1774054 0.1789891 0.1791368 0.5552678 0.5647551 0.6130055 0.5025477 0.5286843 0.5286843 0.5340067 0.5373168 0.5382298 0.5388128 0.5362607 0.5368418 0.6800516 0.6779595 0.6774169 0.6713799 0.6580821 0.6462978 0.7566988 0.6809134 0.6767921 0.6750988 0.6819552 0.6802568 
Pyrus_x_bretschneideri_XP_018506745.1 0.6618802 0.6741363 0.6796969 0.6624966 0.7108897 0.7073033 0.4622198 0.4575675 0.5046103 0.5181535 0.5461003 0.5345289 0.5350995 0.5259911 0.5265509 0.5035708 0.5377476 0.5383265 0.5171672 0.5084172 0.5086675 0.5127222 0.5073527 0.4876775 0.2951115 0.0278554 0.0000010 0.0000000 0.1098443 0.1149823 0.1772590 0.1774054 0.1789891 0.1791368 0.5552678 0.5647551 0.6130055 0.5025477 0.5286843 0.5286843 0.5340067 0.5373168 0.5382298 0.5388128 0.5362607 0.5368418 0.6800516 0.6779595 0.6774169 0.6713799 0.6580821 0.6462978 0.7566988 0.6809134 0.6767921 0.6750988 0.6819552 0.6802568 
Malus_domestica_XP_008387588.2        0.6731393 0.6862869 0.6997056 0.6714084 0.7188787 0.7137174 0.4788793 0.4717582 0.5247517 0.5360533 0.5705989 0.5447706 0.5453570 0.5435632 0.5441493 0.5163651 0.5562637 0.5568674 0.5228460 0.5128426 0.5132076 0.5237129 0.5181435 0.5054851 0.3164782 0.1073061 0.1098443 0.1098443 0.0000000 0.0464331 0.2016646 0.2018330 0.2025037 0.2026726 0.5697718 0.5926266 0.6377450 0.5242476 0.5551969 0.5551969 0.5544568 0.5566430 0.5575847 0.5581961 0.5547227 0.5553315 0.7148240 0.7037921 0.7035899 0.6980838 0.6827501 0.6642054 0.7827127 0.7013927 0.6885760 0.6868559 0.6910268 0.6893046 
Pyrus_x_bretschneideri_XP_009342970.1 0.6628064 0.6788969 0.6914829 0.6668215 0.7107751 0.7039185 0.4678031 0.4645245 0.5194985 0.5307114 0.5602852 0.5372357 0.5378133 0.5387794 0.5393607 0.5117800 0.5459460 0.5465374 0.5171484 0.5123669 0.5127212 0.5208924 0.5153180 0.5012492 0.3181228 0.1115698 0.1149823 0.1149823 0.0464331 0.0000000 0.1974677 0.1976333 0.1994643 0.1996314 0.5635392 0.5773692 0.6255376 0.5134202 0.5424606 0.5424606 0.5443070 0.5568148 0.5577586 0.5583713 0.5535532 0.5541611 0.6980727 0.6908415 0.6906558 0.6844433 0.6700421 0.6536140 0.7638201 0.6888322 0.6990758 0.6973325 0.7008578 0.6991127 
Prunus_mume_XP_008243950.1            0.6475579 0.6603571 0.6680047 0.6450177 0.6906939 0.6835938 0.4252580 0.4221572 0.4672620 0.4777322 0.5061828 0.5031130 0.5036392 0.4967920 0.4973101 0.4662137 0.4874855 0.4879957 0.4559266 0.4410443 0.4430342 0.4739089 0.4680987 0.4570001 0.2470346 0.1782850 0.1772590 0.1772590 0.2016646 0.1974677 0.0000000 0.0000010 0.0333053 0.0333296 0.5290218 0.5370749 0.5864548 0.4825737 0.5123529 0.5092969 0.5325400 0.4954791 0.4952261 0.4957471 0.5023377 0.5028695 0.6410634 0.6329973 0.6340807 0.6270389 0.6121624 0.5984498 0.7216109 0.6507398 0.6696661 0.6679823 0.6734450 0.6717583 
Prunus_mume_XP_008243952.1            0.6460374 0.6588192 0.6664738 0.6435037 0.6891338 0.6820356 0.4243953 0.4213079 0.4677338 0.4777322 0.5067167 0.5036392 0.5036392 0.4973101 0.4973101 0.4651833 0.4866246 0.4871340 0.4550779 0.4401969 0.4421655 0.4730578 0.4672498 0.4561931 0.2472539 0.1784318 0.1774054 0.1774054 0.2018330 0.1976333 0.0000010 0.0000000 0.0333296 0.0333296 0.5295779 0.5376510 0.5871058 0.4830651 0.5128885 0.5098293 0.5331051 0.4960005 0.4957471 0.4957471 0.5028695 0.5028695 0.6417982 0.6337208 0.6348058 0.6277549 0.6128587 0.5991138 0.7225990 0.6515828 0.6704436 0.6687571 0.6742277 0.6725384 
Prunus_persica_XP_007208136.1         0.6550562 0.6707340 0.6750559 0.6533611 0.6974839 0.6894838 0.4356702 0.4239065 0.4678935 0.4768979 0.5046010 0.5040898 0.5046181 0.4961821 0.4966999 0.4714532 0.4953335 0.4958528 0.4694099 0.4524579 0.4547495 0.4791586 0.4739318 0.4605398 0.2496424 0.1800086 0.1789891 0.1789891 0.2025037 0.1994643 0.0333053 0.0333296 0.0000000 0.0000010 0.5252934 0.5320367 0.5853449 0.4827108 0.5147726 0.5117269 0.5322778 0.5004930 0.5002401 0.5007660 0.5061380 0.5066727 0.6487845 0.6402780 0.6413598 0.6347069 0.6204091 0.6080335 0.7269328 0.6541208 0.6676712 0.6659938 0.6698932 0.6682150 
Prunus_persica_XP_020422610.1         0.6535394 0.6691977 0.6735264 0.6518475 0.6959264 0.6879286 0.4348093 0.4230610 0.4683636 0.4768979 0.5051305 0.5046181 0.5046181 0.4966999 0.4966999 0.4704212 0.4944747 0.4949932 0.4685627 0.4516116 0.4538820 0.4783096 0.4730859 0.4597345 0.2498634 0.1801567 0.1791368 0.1791368 0.2026726 0.1996314 0.0333296 0.0333296 0.0000010 0.0000000 0.5258415 0.5326046 0.5859914 0.4832002 0.5153094 0.5122606 0.5328406 0.5010192 0.5007660 0.5007660 0.5066727 0.5066727 0.6495265 0.6410083 0.6420917 0.6354300 0.6211138 0.6087077 0.7279277 0.6549674 0.6684436 0.6667636 0.6706683 0.6689875 
Cicer_arietinum_XP_004493976.1        0.7462103 0.7494587 0.7520013 0.7319954 0.7793953 0.7778404 0.5552884 0.5372468 0.5914298 0.5937551 0.6135077 0.6160311 0.6167238 0.6110182 0.6117031 0.5720989 0.5905682 0.5893111 0.5798499 0.5609411 0.5654713 0.5678681 0.5559722 0.5838724 0.5662805 0.5473852 0.5552678 0.5552678 0.5697718 0.5635392 0.5290218 0.5295779 0.5252934 0.5258415 0.0000000 0.2490243 0.3007350 0.3046707 0.3389005 0.3247165 0.3392245 0.6089012 0.6086343 0.6093179 0.6155939 0.6162888 0.7496634 0.7463045 0.7458391 0.7424287 0.7399257 0.7285510 0.7774757 0.7388544 0.7955064 0.7936691 0.7973286 0.7954878 
Glycine_max_XP_006577023.1            0.7692813 0.7751269 0.7725603 0.7638059 0.8070630 0.8079449 0.5761317 0.5254304 0.5672681 0.5674552 0.5789935 0.6023113 0.6029931 0.5955947 0.5962643 0.5867366 0.6192713 0.6179641 0.5788590 0.5684761 0.5772932 0.5649536 0.5579688 0.5990068 0.5721853 0.5527677 0.5647551 0.5647551 0.5926266 0.5773692 0.5370749 0.5376510 0.5320367 0.5326046 0.2490243 0.0000000 0.1920268 0.3132966 0.3332260 0.3277652 0.3470200 0.6158362 0.6155661 0.6162671 0.6172663 0.6179717 0.7540525 0.7469240 0.7457624 0.7438270 0.7387255 0.7280809 0.7823532 0.7585106 0.8054120 0.8035297 0.8024957 0.8006149 
Phaseolus_vulgaris_XP_007162752.1     0.8080418 0.8133644 0.8179673 0.7937043 0.8464295 0.8426498 0.6063462 0.5891598 0.6308203 0.6365547 0.6418211 0.6658216 0.6666000 0.6709226 0.6717091 0.6418960 0.6672901 0.6659555 0.6232866 0.6150240 0.6253011 0.6019168 0.5932534 0.6393694 0.6297931 0.6030208 0.6130055 0.6130055 0.6377450 0.6255376 0.5864548 0.5871058 0.5853449 0.5859914 0.3007350 0.1920268 0.0000000 0.3821950 0.4015683 0.3964329 0.4176244 0.6627128 0.6624393 0.6632167 0.6642778 0.6650586 0.7894434 0.7901898 0.7870566 0.7855790 0.7811008 0.7668172 0.8240960 0.7852702 0.8310342 0.8291355 0.8283192 0.8264204 
Glycine_max_XP_003542536.1            0.7095794 0.7105261 0.7301272 0.7078768 0.7499382 0.7513337 0.5043571 0.5032162 0.5356775 0.5361075 0.5559692 0.5722206 0.5728414 0.5665370 0.5671499 0.5451782 0.5867781 0.5855363 0.5451712 0.5335390 0.5424432 0.5461029 0.5345147 0.5453101 0.5539672 0.4982601 0.5025477 0.5025477 0.5242476 0.5134202 0.4825737 0.4830651 0.4827108 0.4832002 0.3046707 0.3132966 0.3821950 0.0000000 0.0502082 0.0502082 0.1188114 0.5968525 0.5978429 0.5985074 0.6003479 0.6010151 0.7063481 0.7153719 0.7143066 0.7131644 0.7075285 0.6823730 0.7104342 0.6714318 0.7795281 0.7777208 0.7796288 0.7778192 
Glycine_max_XP_006588798.1            0.7206472 0.7244536 0.7426925 0.7232595 0.7552421 0.7566735 0.5276662 0.5202166 0.5649465 0.5661796 0.5760345 0.6020994 0.6027697 0.5932215 0.5938786 0.5692020 0.6108410 0.6095702 0.5640762 0.5557335 0.5654179 0.5681915 0.5574953 0.5832203 0.5785656 0.5269252 0.5286843 0.5286843 0.5551969 0.5424606 0.5123529 0.5128885 0.5147726 0.5153094 0.3389005 0.3332260 0.4015683 0.0502082 0.0000000 0.0000010 0.1333895 0.6100017 0.6110218 0.6117135 0.6113223 0.6120139 0.7179789 0.7282479 0.7271531 0.7249268 0.7160441 0.6947291 0.7132860 0.6799277 0.7956972 0.7938565 0.7979696 0.7961234 
Glycine_max_XP_006588799.1            0.7206472 0.7244536 0.7426925 0.7232595 0.7552421 0.7566735 0.5276662 0.5202166 0.5649465 0.5661796 0.5760345 0.6020994 0.6027697 0.5932215 0.5938786 0.5692020 0.6108410 0.6095702 0.5640762 0.5557335 0.5654179 0.5681915 0.5574953 0.5769878 0.5785656 0.5269252 0.5286843 0.5286843 0.5551969 0.5424606 0.5092969 0.5098293 0.5117269 0.5122606 0.3247165 0.3277652 0.3964329 0.0502082 0.0000010 0.0000000 0.1333895 0.6100017 0.6110218 0.6117135 0.6113223 0.6120139 0.7179789 0.7282479 0.7271531 0.7249268 0.7160441 0.6947291 0.7132860 0.6799277 0.7956972 0.7938565 0.7979696 0.7961234 
Phaseolus_vulgaris_XP_007144371.1     0.7301377 0.7376837 0.7534790 0.7348557 0.7762158 0.7775389 0.5505961 0.5393201 0.5664371 0.5674876 0.5775557 0.5986473 0.5993125 0.5971672 0.5978304 0.5788725 0.6118071 0.6105247 0.5765463 0.5662885 0.5746491 0.5810709 0.5624517 0.5836398 0.5854619 0.5290690 0.5340067 0.5340067 0.5544568 0.5443070 0.5325400 0.5331051 0.5322778 0.5328406 0.3392245 0.3470200 0.4176244 0.1188114 0.1333895 0.1333895 0.0000000 0.6105896 0.6099353 0.6106234 0.6169542 0.6176516 0.7233909 0.7223189 0.7212356 0.7201689 0.7164258 0.6989615 0.7379845 0.6980758 0.7952452 0.7934101 0.7967928 0.7949532 
Cucumis_melo_NP_001284437.1           0.7511377 0.7588019 0.7683061 0.7467440 0.7814244 0.7813146 0.5497933 0.5162757 0.5613875 0.5730538 0.5425930 0.5868092 0.5874656 0.5823207 0.5829693 0.5731269 0.5713477 0.5719899 0.5869227 0.5689687 0.5733974 0.5766709 0.5679542 0.5692925 0.5461726 0.5341952 0.5373168 0.5373168 0.5566430 0.5568148 0.4954791 0.4960005 0.5004930 0.5010192 0.6089012 0.6158362 0.6627128 0.5968525 0.6100017 0.6100017 0.6105896 0.0000000 0.0007677 0.0007682 0.0329588 0.0329831 0.7042590 0.7163043 0.7153266 0.7105485 0.7096531 0.6697700 0.7389340 0.7241413 0.7931581 0.7913179 0.7935768 0.7917335 
Cucumis_melo_XP_008449242.1           0.7523847 0.7600638 0.7695738 0.7479823 0.7811509 0.7810403 0.5507264 0.5171499 0.5623288 0.5740708 0.5435188 0.5877983 0.5884566 0.5833016 0.5839522 0.5740954 0.5723276 0.5729717 0.5879082 0.5699275 0.5743871 0.5776456 0.5689150 0.5702423 0.5458344 0.5351043 0.5382298 0.5382298 0.5575847 0.5577586 0.4952261 0.4957471 0.5002401 0.5007660 0.6086343 0.6155661 0.6624393 0.5978429 0.6110218 0.6110218 0.6099353 0.0007677 0.0000000 0.0000010 0.0337588 0.0337838 0.7035698 0.7156079 0.7146315 0.7098550 0.7096531 0.6690895 0.7381327 0.7237321 0.7923206 0.7904817 0.7927378 0.7908958 
Cucumis_melo_XP_008449243.1           0.7507473 0.7584139 0.7679248 0.7463524 0.7794937 0.7793790 0.5498407 0.5162755 0.5629422 0.5740708 0.5441128 0.5884566 0.5884566 0.5839522 0.5839522 0.5729947 0.5714424 0.5720856 0.5870376 0.5690584 0.5734957 0.5767718 0.5680428 0.5694277 0.5464323 0.5356832 0.5388128 0.5388128 0.5581961 0.5583713 0.4957471 0.4957471 0.5007660 0.5007660 0.6093179 0.6162671 0.6632167 0.5985074 0.6117135 0.6117135 0.6106234 0.0007682 0.0000010 0.0000000 0.0337838 0.0337838 0.7044119 0.7164748 0.7154955 0.7107107 0.7105153 0.6698772 0.7391653 0.7247254 0.7933091 0.7914671 0.7937284 0.7918833 
Cucumis_sativus_XP_004143254.1        0.7511415 0.7573910 0.7635246 0.7471371 0.7839602 0.7845513 0.5527413 0.5219533 0.5574377 0.5688317 0.5364530 0.5889435 0.5896054 0.5844749 0.5851303 0.5699455 0.5736397 0.5742851 0.5876866 0.5696865 0.5755367 0.5781039 0.5687845 0.5706777 0.5523456 0.5331348 0.5362607 0.5362607 0.5547227 0.5535532 0.5023377 0.5028695 0.5061380 0.5066727 0.6155939 0.6172663 0.6642778 0.6003479 0.6113223 0.6113223 0.6169542 0.0329588 0.0337588 0.0337838 0.0000000 0.0000010 0.7082265 0.7180613 0.7169199 0.7111883 0.7122748 0.6700444 0.7426042 0.7261039 0.7929971 0.7911465 0.7931117 0.7912585 
Cucumis_sativus_XP_011657650.1        0.7494983 0.7557372 0.7618747 0.7455017 0.7822968 0.7828828 0.5518540 0.5210766 0.5580443 0.5688317 0.5370358 0.5896054 0.5896054 0.5851303 0.5851303 0.5688478 0.5727553 0.5733998 0.5868148 0.5688164 0.5746442 0.5772282 0.5679109 0.5698608 0.5529557 0.5337118 0.5368418 0.5368418 0.5553315 0.5541611 0.5028695 0.5028695 0.5066727 0.5066727 0.6162888 0.6179717 0.6650586 0.6010151 0.6120139 0.6120139 0.6176516 0.0329831 0.0337838 0.0337838 0.0000010 0.0000000 0.7090772 0.7189339 0.7177891 0.7120481 0.7131436 0.6708356 0.7436466 0.7271023 0.7939928 0.7921390 0.7941089 0.7922525 
Capsicum_annuum_XP_016542746.1        0.8019692 0.8165366 0.8106213 0.7912916 0.8343531 0.8362692 0.6383892 0.5994831 0.6647842 0.6870519 0.6839618 0.6706772 0.6714609 0.6684905 0.6692728 0.6692865 0.6904946 0.6913148 0.6704285 0.6757169 0.6867648 0.6731602 0.6628154 0.6327691 0.7189078 0.6826002 0.6800516 0.6800516 0.7148240 0.6980727 0.6410634 0.6417982 0.6487845 0.6495265 0.7496634 0.7540525 0.7894434 0.7063481 0.7179789 0.7179789 0.7233909 0.7042590 0.7035698 0.7044119 0.7082265 0.7090772 0.0000000 0.1292240 0.1247393 0.1203668 0.1048452 0.1336603 0.6905072 0.6664997 0.8394337 0.8375443 0.8385374 0.8366486 
Solanum_lycopersicum_NP_001234518.1   0.8066229 0.8236639 0.8204022 0.7957222 0.8405516 0.8420894 0.6230043 0.5675908 0.6679292 0.6836345 0.6861308 0.6639307 0.6647095 0.6678578 0.6686436 0.6575915 0.6828705 0.6836817 0.6564595 0.6591744 0.6699432 0.6636912 0.6518111 0.6256943 0.6942488 0.6803325 0.6779595 0.6779595 0.7037921 0.6908415 0.6329973 0.6337208 0.6402780 0.6410083 0.7463045 0.7469240 0.7901898 0.7153719 0.7282479 0.7282479 0.7223189 0.7163043 0.7156079 0.7164748 0.7180613 0.7189339 0.1292240 0.0000000 0.0045150 0.0181810 0.0364082 0.1244925 0.6905670 0.6552495 0.8256494 0.8237675 0.8256329 0.8237510 
Solanum_lycopersicum_XP_010325710.1   0.8027734 0.8197406 0.8165087 0.7919096 0.8366161 0.8381329 0.6225118 0.5699613 0.6675132 0.6848052 0.6828935 0.6607505 0.6615231 0.6646595 0.6654389 0.6556588 0.6827805 0.6835900 0.6554651 0.6581751 0.6688894 0.6629059 0.6510565 0.6234986 0.6966993 0.6797877 0.6774169 0.6774169 0.7035899 0.6906558 0.6340807 0.6348058 0.6413598 0.6420917 0.7458391 0.7457624 0.7870566 0.7143066 0.7271531 0.7271531 0.7212356 0.7153266 0.7146315 0.7154955 0.7169199 0.7177891 0.1247393 0.0045150 0.0000000 0.0151034 0.0339901 0.1231430 0.6870104 0.6551454 0.8249105 0.8230324 0.8228498 0.8209735 
Solanum_pennellii_XP_015087704.1      0.7964235 0.8144639 0.8091088 0.7858679 0.8311321 0.8326233 0.6197793 0.5685290 0.6630706 0.6818186 0.6817927 0.6580341 0.6588022 0.6605476 0.6613202 0.6501785 0.6733074 0.6741044 0.6488673 0.6510171 0.6615066 0.6558861 0.6440913 0.6176342 0.7002678 0.6736526 0.6713799 0.6713799 0.6980838 0.6844433 0.6270389 0.6277549 0.6347069 0.6354300 0.7424287 0.7438270 0.7855790 0.7131644 0.7249268 0.7249268 0.7201689 0.7105485 0.7098550 0.7107107 0.7111883 0.7120481 0.1203668 0.0181810 0.0151034 0.0000000 0.0308908 0.1181511 0.6894449 0.6561566 0.8180980 0.8162268 0.8151145 0.8132456 
Solanum_tuberosum_XP_006354333.1      0.7837664 0.7985450 0.7959265 0.7699111 0.8166519 0.8183011 0.6139512 0.5617886 0.6552275 0.6742580 0.6736203 0.6463999 0.6471549 0.6516759 0.6524402 0.6439877 0.6655185 0.6663062 0.6327430 0.6370284 0.6471015 0.6403132 0.6301219 0.6094664 0.6878810 0.6607868 0.6580821 0.6580821 0.6827501 0.6700421 0.6121624 0.6128587 0.6204091 0.6211138 0.7399257 0.7387255 0.7811008 0.7075285 0.7160441 0.7160441 0.7164258 0.7096531 0.7096531 0.7105153 0.7122748 0.7131436 0.1048452 0.0364082 0.0339901 0.0308908 0.0000000 0.1069844 0.6791091 0.6435846 0.7995285 0.7976650 0.7965853 0.7947218 
Nicotiana_attenuata_XP_019257243.1    0.7741180 0.7871950 0.7884968 0.7598224 0.8095992 0.8072559 0.5971434 0.5504974 0.6309522 0.6490414 0.6502144 0.6339782 0.6347008 0.6378111 0.6385405 0.6362387 0.6495273 0.6502794 0.6296454 0.6327659 0.6424733 0.6398872 0.6307634 0.5973819 0.6869708 0.6459388 0.6462978 0.6462978 0.6642054 0.6536140 0.5984498 0.5991138 0.6080335 0.6087077 0.7285510 0.7280809 0.7668172 0.6823730 0.6947291 0.6947291 0.6989615 0.6697700 0.6690895 0.6698772 0.6700444 0.6708356 0.1336603 0.1244925 0.1231430 0.1181511 0.1069844 0.0000000 0.6662858 0.6452435 0.7809355 0.7791269 0.7778076 0.7759998 
Helianthus_annuus_XP_021973164.1      0.8174302 0.8245696 0.8313179 0.8106753 0.8238137 0.8157948 0.6722012 0.6679661 0.6748255 0.6835974 0.6680051 0.6877520 0.6886748 0.6810318 0.6819447 0.6900320 0.6986764 0.6996284 0.6859564 0.6727902 0.6813731 0.6740182 0.6625216 0.7183065 0.7799468 0.7587962 0.7566988 0.7566988 0.7827127 0.7638201 0.7216109 0.7225990 0.7269328 0.7279277 0.7774757 0.7823532 0.8240960 0.7104342 0.7132860 0.7132860 0.7379845 0.7389340 0.7381327 0.7391653 0.7426042 0.7436466 0.6905072 0.6905670 0.6870104 0.6894449 0.6791091 0.6662858 0.0000000 0.2220529 0.8503187 0.8481296 0.8525479 0.8503618 
Helianthus_annuus_XP_035839287.1      0.7602366 0.7630290 0.7656259 0.7572303 0.7973531 0.7835042 0.6202981 0.5871455 0.6576566 0.6691990 0.6439655 0.6533920 0.6542425 0.6464005 0.6472413 0.6539740 0.6590886 0.6599539 0.6493633 0.6439156 0.6489750 0.6459555 0.6379615 0.6506790 0.7155010 0.6823000 0.6809134 0.6809134 0.7013927 0.6888322 0.6507398 0.6515828 0.6541208 0.6549674 0.7388544 0.7585106 0.7852702 0.6714318 0.6799277 0.6799277 0.6980758 0.7241413 0.7237321 0.7247254 0.7261039 0.7271023 0.6664997 0.6552495 0.6551454 0.6561566 0.6435846 0.6452435 0.2220529 0.0000000 0.8255930 0.8234712 0.8258968 0.8237779 
Papaver_somniferum_XP_026403204.1     0.8359991 0.8277233 0.8482092 0.8283349 0.8644191 0.8521426 0.6712255 0.6421549 0.7021158 0.7250263 0.7322497 0.7117275 0.7125815 0.7193739 0.7202418 0.7303644 0.7455331 0.7464507 0.7001881 0.6921513 0.7053266 0.7073977 0.6972998 0.6935438 0.7205406 0.6782765 0.6767921 0.6767921 0.6885760 0.6990758 0.6696661 0.6704436 0.6676712 0.6684436 0.7955064 0.8054120 0.8310342 0.7795281 0.7956972 0.7956972 0.7952452 0.7931581 0.7923206 0.7933091 0.7929971 0.7939928 0.8394337 0.8256494 0.8249105 0.8180980 0.7995285 0.7809355 0.8503187 0.8255930 0.0000000 0.0000010 0.0200185 0.0200330 
Papaver_somniferum_XP_026403206.1     0.8345002 0.8262287 0.8467043 0.8268432 0.8629053 0.8506297 0.6698898 0.6405258 0.7004202 0.7250263 0.7304977 0.7099764 0.7108277 0.7176106 0.7184756 0.7285985 0.7437293 0.7446438 0.6984671 0.6904422 0.7035581 0.7056581 0.6955733 0.6918404 0.7196540 0.6765838 0.6750988 0.6750988 0.6868559 0.6973325 0.6679823 0.6687571 0.6659938 0.6667636 0.7936691 0.8035297 0.8291355 0.7777208 0.7938565 0.7938565 0.7934101 0.7913179 0.7904817 0.7914671 0.7911465 0.7921390 0.8375443 0.8237675 0.8230324 0.8162268 0.7976650 0.7791269 0.8481296 0.8234712 0.0000010 0.0000000 0.0200330 0.0200330 
Papaver_somniferum_XP_026414278.1     0.8382559 0.8299436 0.8492036 0.8322820 0.8715075 0.8599985 0.6745138 0.6426637 0.6995186 0.7207597 0.7311961 0.7102845 0.7111395 0.7191237 0.7199934 0.7235514 0.7443366 0.7452523 0.7098334 0.7005847 0.7140750 0.7166230 0.7045777 0.6928063 0.7268826 0.6828465 0.6819552 0.6819552 0.6910268 0.7008578 0.6734450 0.6742277 0.6698932 0.6706683 0.7973286 0.8024957 0.8283192 0.7796288 0.7979696 0.7979696 0.7967928 0.7935768 0.7927378 0.7937284 0.7931117 0.7941089 0.8385374 0.8256329 0.8228498 0.8151145 0.7965853 0.7778076 0.8525479 0.8258968 0.0200185 0.0200330 0.0000000 0.0000010 
Papaver_somniferum_XP_026414280.1     0.8367501 0.8284421 0.8476919 0.8307817 0.8699827 0.8584744 0.6731713 0.6410314 0.6978269 0.7207597 0.7294391 0.7085284 0.7093806 0.7173571 0.7182240 0.7217872 0.7425335 0.7434463 0.7081000 0.6988641 0.7122943 0.7148692 0.7028388 0.6910971 0.7259957 0.6811486 0.6802568 0.6802568 0.6893046 0.6991127 0.6717583 0.6725384 0.6682150 0.6689875 0.7954878 0.8006149 0.8264204 0.7778192 0.7961234 0.7961234 0.7949532 0.7917335 0.7908958 0.7918833 0.7912585 0.7922525 0.8366486 0.8237510 0.8209735 0.8132456 0.7947218 0.7759998 0.8503618 0.8237779 0.0200330 0.0200330 0.0000010 0.0000000 
