96
Arabidopsis_lyrata_XP_020880250.1     0.0000000 0.0000010 0.0202123 0.0204240 0.0327808 0.0331335 0.0699674 0.0955761 0.1001000 0.1211296 0.1148796 0.1961860 0.2033386 0.1345074 0.1896627 0.2007891 0.2430749 0.2569137 0.2959130 0.2777616 0.3100646 0.2834524 0.2856639 0.2871199 0.2893834 0.2963697 0.3039440 0.2881492 0.2925291 0.3242880 0.3200880 0.2714963 0.2796193 0.3140671 0.2970008 0.3087043 0.3425235 0.3378181 0.3647041 0.3203575 0.3766964 0.3768642 0.3975042 0.3993532 0.3865140 0.3861683 0.3834847 0.3722822 0.3821310 0.3890451 0.3849159 0.3880415 0.5384815 0.5112290 0.5095741 0.5157508 0.5334992 0.5068417 0.4923809 0.4596545 0.4596297 0.4516648 0.4509557 0.4632104 0.4436841 0.4900092 0.5340533 0.5198467 0.4920537 0.4949698 0.5021141 0.5743393 0.5069405 0.5832753 0.4715418 0.4708882 0.4704248 0.4697657 0.5893685 0.5644605 0.5713452 0.5666117 0.5645567 0.5444420 0.6485469 0.5526115 0.6347050 0.5383698 0.5897875 0.6696890 0.6780375 0.7013225 0.6806474 0.6745337 0.6712545 0.6742972 
Arabidopsis_lyrata_XP_020880252.1     0.0000010 0.0000000 0.0204240 0.0204240 0.0331335 0.0331335 0.0707291 0.0949803 0.0995385 0.1200830 0.1137581 0.1958343 0.2030662 0.1360409 0.1904982 0.2017459 0.2447550 0.2573818 0.2953653 0.2784070 0.3126561 0.2856639 0.2856639 0.2893834 0.2893834 0.2987530 0.3064314 0.2890549 0.2934605 0.3256128 0.3228446 0.2735760 0.2818036 0.3141396 0.2994166 0.3114727 0.3439701 0.3376701 0.3658952 0.3185581 0.3771283 0.3754890 0.3996707 0.3993532 0.3885597 0.3882079 0.3854688 0.3757848 0.3811937 0.3911933 0.3867480 0.3899106 0.5288500 0.5112290 0.5095741 0.5064572 0.5234797 0.4971712 0.4923809 0.4596545 0.4596297 0.4516648 0.4509557 0.4632104 0.4436841 0.4900092 0.5340533 0.5194028 0.4914864 0.4944127 0.5021141 0.5743393 0.5064374 0.5832753 0.4708882 0.4708882 0.4697657 0.4697657 0.5893685 0.5644605 0.5713452 0.5666117 0.5645567 0.5444420 0.6485469 0.5481136 0.6347050 0.5383698 0.5786694 0.6696890 0.6780375 0.7013225 0.6806474 0.6745337 0.6712545 0.6742972 
Arabidopsis_thaliana_NP_001030839.5   0.0202123 0.0204240 0.0000000 0.0000010 0.0317040 0.0320449 0.0673278 0.0989223 0.1023127 0.1222197 0.1138644 0.1954470 0.2021297 0.1323080 0.1835246 0.1972985 0.2433609 0.2549925 0.2963073 0.2786103 0.3061137 0.2801143 0.2822907 0.2837824 0.2860108 0.2921141 0.3000280 0.2833327 0.2876998 0.3220428 0.3163912 0.2686557 0.2767890 0.3104126 0.2967252 0.3100027 0.3394251 0.3315481 0.3599909 0.3195863 0.3774955 0.3721221 0.3962869 0.3981168 0.3858206 0.3854750 0.3834946 0.3683314 0.3844074 0.3922377 0.3850736 0.3882070 0.5342810 0.5056164 0.5039698 0.5112799 0.5277567 0.5001365 0.4902420 0.4589090 0.4569932 0.4492774 0.4485712 0.4591326 0.4394508 0.4850421 0.5305671 0.5160524 0.4874328 0.4907737 0.4977296 0.5716887 0.5025747 0.5804778 0.4676031 0.4669297 0.4664795 0.4658005 0.5856243 0.5612804 0.5640587 0.5593476 0.5571712 0.5352613 0.6405479 0.5419836 0.6253326 0.5281748 0.5895809 0.6672598 0.6768035 0.7018406 0.6803645 0.6719038 0.6710794 0.6716457 
Arabidopsis_thaliana_NP_190745.6      0.0204240 0.0204240 0.0000010 0.0000000 0.0320449 0.0320449 0.0680572 0.0983521 0.1017684 0.1211858 0.1127307 0.1950877 0.2018450 0.1338165 0.1842909 0.1982179 0.2450465 0.2554382 0.2957627 0.2792666 0.3086578 0.2822907 0.2822907 0.2860108 0.2860108 0.2944468 0.3024710 0.2841779 0.2885758 0.3233439 0.3191079 0.2707037 0.2789419 0.3104472 0.2991406 0.3127938 0.3408351 0.3313290 0.3611317 0.3177760 0.3779375 0.3706970 0.3984418 0.3981168 0.3878607 0.3875090 0.3854868 0.3717931 0.3834920 0.3944267 0.3869120 0.3900806 0.5246515 0.5056164 0.5039698 0.5019941 0.5177423 0.4904812 0.4902420 0.4589090 0.4569932 0.4492774 0.4485712 0.4591326 0.4394508 0.4850421 0.5305671 0.5155897 0.4868447 0.4901970 0.4977296 0.5716887 0.5020513 0.5804778 0.4669297 0.4669297 0.4658005 0.4658005 0.5856243 0.5612804 0.5640587 0.5593476 0.5571712 0.5352613 0.6405479 0.5374455 0.6253326 0.5281748 0.5784594 0.6672598 0.6768035 0.7018406 0.6803645 0.6719038 0.6710794 0.6716457 
Capsella_rubella_XP_023638176.1       0.0327808 0.0331335 0.0317040 0.0320449 0.0000000 0.0000010 0.0657977 0.1062943 0.1097233 0.1285402 0.1192124 0.2051497 0.2078263 0.1344123 0.1893837 0.2009067 0.2565973 0.2613368 0.3050652 0.2950507 0.3096622 0.2811631 0.2833489 0.2828325 0.2850425 0.2929634 0.3003842 0.2867770 0.2881854 0.3380540 0.3325416 0.2815437 0.2897821 0.3175796 0.3079332 0.3198687 0.3424638 0.3407257 0.3676946 0.3342206 0.3903767 0.3821847 0.3994039 0.4012907 0.3965108 0.3960819 0.3917057 0.3681749 0.3800655 0.3935734 0.3908397 0.3939800 0.5324528 0.5071438 0.5054943 0.5084957 0.5249871 0.5036194 0.4897144 0.4600426 0.4637622 0.4557417 0.4550228 0.4640373 0.4471275 0.4960105 0.5424066 0.5244597 0.4992731 0.5022479 0.5068357 0.5810010 0.5097077 0.5873233 0.4777808 0.4771503 0.4766600 0.4760238 0.5889414 0.5669733 0.5687092 0.5626768 0.5512450 0.5377879 0.6443443 0.5467080 0.6407656 0.5397100 0.5997363 0.6884478 0.6982195 0.7253789 0.7024374 0.6975373 0.6953530 0.6973584 
Capsella_rubella_XP_023638177.1       0.0331335 0.0331335 0.0320449 0.0320449 0.0000010 0.0000000 0.0665149 0.1057733 0.1092291 0.1275682 0.1181314 0.2048939 0.2076017 0.1359510 0.1902159 0.2018701 0.2584613 0.2618594 0.3046145 0.2959060 0.3122537 0.2833489 0.2833489 0.2850425 0.2850425 0.2953084 0.3028297 0.2876678 0.2890674 0.3395679 0.3354936 0.2837761 0.2921221 0.3176894 0.3105126 0.3228139 0.3439134 0.3406098 0.3689230 0.3325599 0.3909797 0.3808610 0.4015977 0.4012907 0.3986910 0.3982538 0.3937982 0.3716327 0.3791031 0.3957840 0.3927532 0.3959310 0.5228162 0.5071438 0.5054943 0.4992184 0.5149955 0.4939602 0.4897144 0.4600426 0.4637622 0.4557417 0.4550228 0.4640373 0.4471275 0.4960105 0.5424066 0.5240348 0.4987360 0.5017216 0.5068357 0.5810010 0.5092163 0.5873233 0.4771503 0.4771503 0.4760238 0.4760238 0.5889414 0.5669733 0.5687092 0.5626768 0.5512450 0.5377879 0.6443443 0.5421684 0.6407656 0.5397100 0.5886036 0.6884478 0.6982195 0.7253789 0.7024374 0.6975373 0.6953530 0.6973584 
Eutrema_salsugineum_XP_006403883.1    0.0699674 0.0707291 0.0673278 0.0680572 0.0657977 0.0665149 0.0000000 0.0762330 0.0762087 0.0983113 0.0902573 0.2131832 0.2134243 0.1392666 0.2019568 0.2106835 0.2672401 0.2805978 0.3094573 0.2988499 0.3314603 0.3005131 0.3029687 0.3039092 0.3064108 0.3163545 0.3239137 0.3037765 0.3055662 0.3406136 0.3350883 0.2932535 0.2987757 0.3362042 0.3175386 0.3291729 0.3571031 0.3510337 0.3861623 0.3462705 0.3982327 0.3984490 0.4139846 0.4161457 0.4078832 0.4074376 0.4054785 0.3906152 0.3990431 0.4021780 0.4049349 0.4100375 0.5487567 0.5256186 0.5245589 0.5277157 0.5404481 0.5199978 0.5141028 0.4839350 0.4815385 0.4733985 0.4726469 0.4839756 0.4561174 0.5051823 0.5524927 0.5328036 0.5076106 0.5106474 0.5182233 0.5997902 0.5223795 0.6078832 0.4873797 0.4867911 0.4862634 0.4856692 0.6111005 0.5869864 0.5795062 0.5720701 0.5738752 0.5606833 0.6698141 0.5690326 0.6593464 0.5573790 0.6030051 0.7067348 0.7161304 0.7343014 0.7260807 0.7207553 0.7170494 0.7233500 
Brassica_oleracea_XP_013603048.1      0.0955761 0.0949803 0.0989223 0.0983521 0.1062943 0.1057733 0.0762330 0.0000000 0.0106983 0.0956342 0.0997745 0.2410015 0.2436044 0.1670921 0.2242418 0.2349835 0.2802606 0.2932772 0.3126088 0.3233657 0.3507105 0.3197174 0.3198478 0.3256461 0.3258390 0.3342070 0.3436659 0.3156792 0.3149772 0.3500192 0.3425290 0.3099047 0.3122224 0.3572866 0.3355789 0.3474825 0.3660311 0.3518660 0.3849796 0.3586415 0.4147568 0.4085436 0.4190196 0.4200320 0.4052471 0.4036444 0.4047785 0.4033692 0.3986254 0.4108436 0.4162082 0.4192039 0.5347717 0.5262562 0.5251877 0.5323590 0.5511115 0.5251405 0.5033865 0.4658754 0.4747601 0.4665757 0.4658286 0.4820139 0.4519264 0.4916515 0.5407549 0.5318952 0.4959321 0.4998662 0.5063550 0.5898951 0.5138822 0.5994110 0.4889619 0.4849973 0.4874600 0.4834907 0.6077940 0.5866270 0.5712625 0.5726949 0.5743179 0.5430316 0.6487686 0.5519817 0.6357087 0.5392186 0.6080285 0.6877054 0.7031014 0.7255977 0.7199884 0.7126312 0.7116562 0.7168633 
Brassica_rapa_XP_009115879.2          0.1001000 0.0995385 0.1023127 0.1017684 0.1097233 0.1092291 0.0762087 0.0106983 0.0000000 0.0905929 0.0952490 0.2380304 0.2406547 0.1663855 0.2208730 0.2327741 0.2766917 0.2889142 0.3099155 0.3179964 0.3465085 0.3167832 0.3168832 0.3221796 0.3223361 0.3320850 0.3415302 0.3128942 0.3109433 0.3500454 0.3431329 0.3049752 0.3072947 0.3526002 0.3312718 0.3428164 0.3596055 0.3501847 0.3832793 0.3552775 0.4086043 0.4012748 0.4161303 0.4170918 0.4025899 0.4009955 0.4021450 0.3982211 0.3912929 0.4111583 0.4153878 0.4183821 0.5377006 0.5259578 0.5241649 0.5299740 0.5485025 0.5235530 0.5037866 0.4713047 0.4776280 0.4694208 0.4686681 0.4813525 0.4467791 0.4963873 0.5470768 0.5295646 0.4928967 0.4968005 0.5021143 0.5841636 0.5093300 0.5933321 0.4862534 0.4822845 0.4861714 0.4822016 0.6032059 0.5819491 0.5671504 0.5685857 0.5713476 0.5405556 0.6454296 0.5495038 0.6342477 0.5381361 0.6021320 0.6851915 0.7005549 0.7237867 0.7211700 0.7078559 0.7068899 0.7120318 
Brassica_oleracea_XP_013598609.1      0.1211296 0.1200830 0.1222197 0.1211858 0.1285402 0.1275682 0.0983113 0.0956342 0.0905929 0.0000000 0.0302026 0.2379937 0.2352328 0.1727589 0.2232553 0.2244718 0.2932276 0.3068318 0.3242414 0.3215530 0.3521523 0.3130045 0.3132664 0.3168113 0.3171152 0.3304107 0.3357850 0.3143864 0.3139493 0.3545603 0.3478193 0.3099524 0.3158727 0.3614210 0.3577681 0.3736625 0.3850671 0.3666202 0.3908632 0.3634572 0.4188149 0.4081460 0.4175851 0.4171218 0.4139020 0.4153720 0.4111097 0.4102066 0.4048411 0.4098904 0.4165031 0.4219876 0.5352898 0.5207886 0.5201659 0.5210336 0.5327945 0.5144593 0.5043999 0.4703590 0.4796456 0.4724069 0.4731191 0.4787304 0.4535041 0.4982132 0.5469659 0.5229700 0.4945765 0.5002431 0.5080019 0.5854256 0.5156385 0.5960791 0.4883771 0.4862079 0.4838159 0.4816273 0.5908450 0.5744110 0.5630420 0.5618647 0.5662802 0.5509934 0.6564086 0.5566400 0.6362718 0.5442630 0.5925350 0.6887022 0.6987028 0.7154727 0.7126630 0.6941815 0.6944617 0.6976235 
Brassica_rapa_XP_009136634.2          0.1148796 0.1137581 0.1138644 0.1127307 0.1192124 0.1181314 0.0902573 0.0997745 0.0952490 0.0302026 0.0000000 0.2348346 0.2303909 0.1662324 0.2161237 0.2174403 0.2859155 0.2969477 0.3194061 0.3172059 0.3359311 0.3036811 0.3038412 0.3076813 0.3078860 0.3209402 0.3275590 0.3121810 0.3090167 0.3454168 0.3412491 0.3083391 0.3117328 0.3505794 0.3423823 0.3591347 0.3712237 0.3571350 0.3807431 0.3487183 0.4089645 0.3900825 0.4086289 0.4080108 0.4081228 0.4081658 0.4040491 0.3992556 0.3924985 0.3963406 0.4128883 0.4184386 0.5314130 0.5197277 0.5192680 0.5219551 0.5384594 0.5163905 0.4887605 0.4639270 0.4762849 0.4687504 0.4694751 0.4748616 0.4395421 0.4852056 0.5348165 0.5169437 0.4791597 0.4892648 0.4980429 0.5781277 0.5034919 0.5858552 0.4815923 0.4793786 0.4782161 0.4759891 0.5808331 0.5611527 0.5543926 0.5545517 0.5536837 0.5432086 0.6508287 0.5504515 0.6368709 0.5411909 0.5993077 0.6801065 0.6918161 0.7053166 0.7033649 0.6872707 0.6875532 0.6896326 
Brassica_oleracea_XP_013626630.1      0.1961860 0.1958343 0.1954470 0.1950877 0.2051497 0.2048939 0.2131832 0.2410015 0.2380304 0.2379937 0.2348346 0.0000000 0.0350519 0.1225869 0.1675924 0.1788234 0.3074948 0.3113997 0.3305611 0.3329416 0.3407687 0.3362725 0.3361134 0.3405442 0.3404343 0.3436116 0.3518621 0.3297085 0.3357264 0.3752370 0.3681836 0.3497149 0.3517034 0.3686459 0.3499118 0.3515557 0.3812337 0.3795607 0.3999099 0.3951612 0.4498603 0.4209613 0.4428719 0.4405293 0.4250428 0.4232158 0.4198904 0.4213835 0.4166888 0.4355515 0.4181470 0.4226481 0.5635612 0.5439435 0.5406957 0.5480018 0.5706239 0.5404357 0.5020280 0.4937493 0.4707462 0.4658404 0.4673927 0.4771439 0.4671570 0.4963717 0.5406547 0.5306686 0.5111378 0.5167627 0.5267019 0.5879419 0.5365257 0.6032704 0.4915855 0.4895085 0.4873639 0.4852735 0.6295368 0.6036674 0.5971625 0.6002128 0.5841068 0.5579287 0.6379071 0.5602768 0.6337036 0.5519434 0.6099266 0.6965891 0.7070752 0.7156496 0.7077401 0.6916946 0.6967877 0.6890636 
Brassica_rapa_XP_009133242.1          0.2033386 0.2030662 0.2021297 0.2018450 0.2078263 0.2076017 0.2134243 0.2436044 0.2406547 0.2352328 0.2303909 0.0350519 0.0000000 0.1317569 0.1660103 0.1799352 0.3144640 0.3264359 0.3431921 0.3474599 0.3545194 0.3438302 0.3437588 0.3480969 0.3480746 0.3511353 0.3589371 0.3330598 0.3457482 0.3853286 0.3764666 0.3600416 0.3607823 0.3821513 0.3524940 0.3514183 0.3893979 0.3835507 0.4101150 0.4028590 0.4492117 0.4358504 0.4549567 0.4528343 0.4317053 0.4298768 0.4283835 0.4348871 0.4288804 0.4372385 0.4256122 0.4320122 0.5680528 0.5478693 0.5471674 0.5488010 0.5673687 0.5494098 0.5070893 0.4853281 0.4685958 0.4637200 0.4667401 0.4773868 0.4723766 0.4994696 0.5460904 0.5345006 0.5175084 0.5197392 0.5303336 0.5927191 0.5415727 0.6098429 0.4983013 0.4962500 0.4927524 0.4906834 0.6351403 0.6133205 0.5967153 0.5987770 0.5872461 0.5705565 0.6525231 0.5748252 0.6410906 0.5588000 0.6109534 0.7003048 0.7107955 0.7170980 0.7161499 0.6953633 0.6988175 0.6927598 
Eutrema_salsugineum_XP_006411032.1    0.1345074 0.1360409 0.1323080 0.1338165 0.1344123 0.1359510 0.1392666 0.1670921 0.1663855 0.1727589 0.1662324 0.1225869 0.1317569 0.0000000 0.1238703 0.1274952 0.2439053 0.2434312 0.3008345 0.2882560 0.3039819 0.2649918 0.2669749 0.2653273 0.2673148 0.2734349 0.2797986 0.2727242 0.2748224 0.3256224 0.3132914 0.2778658 0.2826061 0.3068197 0.3036147 0.3073091 0.3217126 0.3205113 0.3405469 0.3444435 0.3997101 0.3856888 0.3852795 0.3868917 0.3835650 0.3831581 0.3792399 0.3662518 0.3656555 0.3718239 0.3772434 0.3834782 0.5321670 0.5096137 0.5057374 0.5140491 0.5327674 0.5057027 0.4701955 0.4549892 0.4529782 0.4450503 0.4444166 0.4576387 0.4351027 0.4646186 0.5185025 0.5206787 0.4872989 0.4968843 0.5082388 0.5873975 0.5137868 0.5975289 0.4780283 0.4774009 0.4737517 0.4731046 0.6133313 0.5913773 0.5733787 0.5693796 0.5642438 0.5550003 0.6536730 0.5609054 0.6456419 0.5524163 0.5704653 0.6684315 0.6783887 0.6943047 0.6851872 0.6731378 0.6720214 0.6747522 
Brassica_oleracea_XP_013636954.1      0.1896627 0.1904982 0.1835246 0.1842909 0.1893837 0.1902159 0.2019568 0.2242418 0.2208730 0.2232553 0.2161237 0.1675924 0.1660103 0.1238703 0.0000000 0.0485523 0.2936152 0.2899363 0.3309111 0.3217055 0.3359626 0.3102575 0.3111793 0.3126650 0.3136155 0.3185778 0.3300431 0.3179242 0.3188580 0.3484305 0.3423781 0.3126757 0.3147648 0.3499381 0.3326922 0.3383441 0.3504557 0.3536460 0.3753974 0.3674915 0.4150752 0.3967504 0.4183373 0.4186475 0.4137196 0.4135797 0.4104572 0.3969576 0.3979422 0.4125646 0.4034813 0.4078955 0.5467609 0.5371398 0.5362940 0.5314627 0.5581886 0.5252591 0.5021349 0.4891116 0.4739304 0.4715482 0.4738706 0.4764470 0.4455740 0.5125602 0.5700372 0.5477240 0.5114634 0.5266608 0.5264120 0.6045382 0.5331938 0.6158903 0.5023462 0.5018960 0.5012294 0.5007752 0.6364417 0.6250595 0.6001196 0.6061946 0.5952778 0.5771838 0.6676307 0.5820753 0.6565226 0.5716976 0.6051821 0.6818595 0.6926129 0.6971488 0.6978886 0.6822784 0.6812154 0.6825996 
Brassica_rapa_XP_018514248.2          0.2007891 0.2017459 0.1972985 0.1982179 0.2009067 0.2018701 0.2106835 0.2349835 0.2327741 0.2244718 0.2174403 0.1788234 0.1799352 0.1274952 0.0485523 0.0000000 0.2991598 0.2914959 0.3304510 0.3199146 0.3378548 0.3079128 0.3088076 0.3146467 0.3156211 0.3148433 0.3262778 0.3089564 0.3130778 0.3642849 0.3549891 0.3261250 0.3279464 0.3460942 0.3351682 0.3440911 0.3468554 0.3545608 0.3781008 0.3664600 0.4151633 0.3989412 0.4288198 0.4293092 0.4239906 0.4245109 0.4200438 0.4125100 0.4098092 0.4165405 0.4068251 0.4112820 0.5565506 0.5449368 0.5440885 0.5411481 0.5647822 0.5365666 0.5003733 0.4861582 0.4844055 0.4819998 0.4795089 0.4771176 0.4473405 0.5102244 0.5731798 0.5430659 0.5041812 0.5185789 0.5234942 0.6006748 0.5316658 0.6138734 0.5043802 0.5039366 0.5000332 0.4995754 0.6345628 0.6227968 0.5989732 0.6040146 0.5900905 0.5786357 0.6740792 0.5805979 0.6650924 0.5749822 0.6121211 0.6869861 0.6929471 0.7039811 0.7076315 0.6875493 0.6823071 0.6876404 
Carica_papaya_XP_021891016.1          0.2430749 0.2447550 0.2433609 0.2450465 0.2565973 0.2584613 0.2672401 0.2802606 0.2766917 0.2932276 0.2859155 0.3074948 0.3144640 0.2439053 0.2936152 0.2991598 0.0000000 0.2235786 0.2560759 0.2412502 0.2713266 0.2249803 0.2278731 0.2324715 0.2354724 0.2372381 0.2404862 0.2407639 0.2447920 0.2992932 0.2876483 0.2593728 0.2614890 0.2744383 0.2437470 0.2703981 0.2997423 0.3015516 0.3326806 0.3097540 0.3572493 0.3555714 0.3559341 0.3587216 0.3344819 0.3328568 0.3389417 0.3404961 0.3490460 0.3359475 0.3591630 0.3638550 0.5150620 0.4932151 0.4868492 0.4897694 0.5028927 0.4929634 0.4286855 0.4191436 0.4164500 0.4086840 0.4085123 0.4131000 0.4060918 0.4405024 0.4917354 0.4753386 0.4650437 0.4676508 0.4754799 0.5449124 0.4863863 0.5586963 0.4300068 0.4291779 0.4269509 0.4261090 0.5803444 0.5570144 0.5507231 0.5551386 0.5588997 0.5296367 0.6179559 0.5424496 0.6106800 0.5295816 0.5488070 0.6632577 0.6627420 0.6986000 0.6827674 0.6768222 0.6747267 0.6837315 
Citrus_sinensis_XP_006481087.1        0.2569137 0.2573818 0.2549925 0.2554382 0.2613368 0.2618594 0.2805978 0.2932772 0.2889142 0.3068318 0.2969477 0.3113997 0.3264359 0.2434312 0.2899363 0.2914959 0.2235786 0.0000000 0.2273794 0.2175555 0.2408052 0.2139925 0.2139020 0.2130515 0.2129508 0.2304664 0.2329337 0.2115263 0.2118327 0.2789378 0.2651899 0.2308666 0.2290738 0.2512917 0.2448115 0.2648166 0.2840989 0.2829404 0.3149174 0.3030704 0.3473250 0.3267589 0.3348418 0.3339213 0.3320533 0.3304348 0.3312474 0.3184637 0.3288921 0.3378291 0.3508208 0.3425993 0.4989082 0.4776303 0.4728364 0.4898077 0.5080586 0.4834815 0.4235665 0.4139672 0.4304354 0.4222884 0.4239690 0.4255900 0.4015434 0.4588233 0.5018538 0.4596764 0.4621484 0.4630575 0.4741620 0.5430153 0.4843653 0.5620900 0.4251166 0.4254919 0.4270024 0.4273863 0.5727770 0.5692330 0.5605236 0.5528187 0.5507734 0.5397016 0.6301421 0.5537047 0.6162537 0.5322667 0.5332640 0.6482359 0.6540793 0.6757375 0.6637004 0.6602887 0.6571010 0.6613166 
Jatropha_curcas_XP_020540551.1        0.2959130 0.2953653 0.2963073 0.2957627 0.3050652 0.3046145 0.3094573 0.3126088 0.3099155 0.3242414 0.3194061 0.3305611 0.3431921 0.3008345 0.3309111 0.3304510 0.2560759 0.2273794 0.0000000 0.1522661 0.2995994 0.2469320 0.2473849 0.2471021 0.2475571 0.2552066 0.2602272 0.2489521 0.2538279 0.2674574 0.2546966 0.2294115 0.2240349 0.2976398 0.2672151 0.2818889 0.3167969 0.3193261 0.3546122 0.2918522 0.3368327 0.3343334 0.3597641 0.3595129 0.3459604 0.3443211 0.3535152 0.3384142 0.3533746 0.3460483 0.3745741 0.3760932 0.5251107 0.5295684 0.5251242 0.5254541 0.5406055 0.5038730 0.4358550 0.4100284 0.4255309 0.4192204 0.4153173 0.4222277 0.4306213 0.4778926 0.5280676 0.4870384 0.4683471 0.4634892 0.4774459 0.5482025 0.4848167 0.5649122 0.4437012 0.4443981 0.4445891 0.4452916 0.5864294 0.5741694 0.5608591 0.5534784 0.5335921 0.5064421 0.5911392 0.5189370 0.5932342 0.5066335 0.5420826 0.6607646 0.6663753 0.6829877 0.6728501 0.6682126 0.6672428 0.6733653 
Manihot_esculenta_XP_021622933.1      0.2777616 0.2784070 0.2786103 0.2792666 0.2950507 0.2959060 0.2988499 0.3233657 0.3179964 0.3215530 0.3172059 0.3329416 0.3474599 0.2882560 0.3217055 0.3199146 0.2412502 0.2175555 0.1522661 0.0000000 0.2865751 0.2570210 0.2589369 0.2488530 0.2506608 0.2645364 0.2636416 0.2535597 0.2586288 0.2540608 0.2420416 0.2151002 0.2098280 0.2814229 0.2572057 0.2770665 0.2980587 0.3055315 0.3441649 0.2892943 0.3363575 0.3464749 0.3599335 0.3611733 0.3417861 0.3425287 0.3460089 0.3435357 0.3434784 0.3359017 0.3666093 0.3682246 0.5301836 0.5275005 0.5237910 0.5221912 0.5253719 0.5143165 0.4624298 0.4188699 0.4367316 0.4324029 0.4284594 0.4306180 0.4192035 0.4711659 0.5176302 0.4847979 0.4752831 0.4692908 0.4810587 0.5373194 0.4830844 0.5450741 0.4454206 0.4446526 0.4442418 0.4434680 0.5634658 0.5644999 0.5455915 0.5389318 0.5371928 0.5161994 0.5947634 0.5260932 0.5741370 0.5033541 0.5533396 0.6803314 0.6800184 0.7044356 0.6886716 0.6910200 0.6900667 0.6905052 
Fragaria_vesca_XP_004302535.1         0.3100646 0.3126561 0.3061137 0.3086578 0.3096622 0.3122537 0.3314603 0.3507105 0.3465085 0.3521523 0.3359311 0.3407687 0.3545194 0.3039819 0.3359626 0.3378548 0.2713266 0.2408052 0.2995994 0.2865751 0.0000000 0.1588234 0.1607857 0.1637573 0.1657844 0.1810376 0.1887062 0.1613857 0.1614053 0.3196247 0.3118605 0.2845792 0.2869633 0.2940560 0.2856243 0.3117890 0.3038014 0.3176777 0.3382950 0.3331395 0.3755373 0.3504830 0.3634558 0.3663949 0.3544730 0.3528271 0.3537796 0.3570082 0.3515794 0.3478095 0.3428383 0.3428295 0.4995402 0.4828156 0.4788439 0.4775387 0.4904413 0.4836667 0.4381514 0.4215790 0.4279182 0.4223558 0.4217682 0.4361331 0.3949841 0.4558290 0.5009211 0.4769801 0.4608340 0.4662520 0.4706411 0.5286568 0.4781454 0.5413799 0.4351447 0.4343438 0.4342130 0.4334077 0.5769673 0.5745070 0.5557392 0.5485387 0.5340483 0.5308794 0.6084199 0.5455834 0.6046741 0.5301896 0.5610536 0.6746820 0.6819437 0.7119114 0.6917549 0.6769470 0.6782098 0.6765114 
Malus_domestica_XP_008370167.3        0.2834524 0.2856639 0.2801143 0.2822907 0.2811631 0.2833489 0.3005131 0.3197174 0.3167832 0.3130045 0.3036811 0.3362725 0.3438302 0.2649918 0.3102575 0.3079128 0.2249803 0.2139925 0.2469320 0.2570210 0.1588234 0.0000000 0.0000010 0.0126132 0.0127543 0.0476161 0.0537907 0.0865309 0.0845665 0.2942412 0.2826368 0.2578868 0.2642904 0.2695837 0.2587992 0.2855004 0.2865528 0.2879353 0.3182592 0.3020244 0.3497578 0.3228683 0.3411519 0.3436402 0.3367353 0.3351201 0.3372239 0.3163073 0.3230640 0.3199850 0.3426608 0.3434438 0.4993220 0.4746546 0.4746607 0.4727148 0.4919354 0.4757076 0.4244353 0.4105801 0.4241909 0.4186375 0.4180559 0.4271073 0.4028915 0.4607714 0.5110004 0.4771895 0.4712519 0.4776116 0.4801016 0.5537764 0.4902859 0.5656445 0.4388998 0.4381147 0.4377346 0.4369439 0.5782337 0.5689603 0.5555919 0.5507110 0.5341908 0.5429949 0.6420958 0.5532690 0.6358390 0.5413185 0.5620252 0.6430010 0.6528702 0.6819114 0.6622834 0.6602231 0.6635683 0.6623143 
Malus_domestica_XP_008370168.3        0.2856639 0.2856639 0.2822907 0.2822907 0.2833489 0.2833489 0.3029687 0.3198478 0.3168832 0.3132664 0.3038412 0.3361134 0.3437588 0.2669749 0.3111793 0.3088076 0.2278731 0.2139020 0.2473849 0.2589369 0.1607857 0.0000010 0.0000000 0.0127543 0.0127543 0.0481612 0.0544060 0.0863945 0.0844125 0.2967869 0.2864430 0.2613140 0.2677991 0.2698235 0.2622021 0.2895861 0.2888895 0.2888382 0.3205821 0.3017144 0.3516253 0.3226628 0.3442542 0.3436402 0.3397916 0.3381527 0.3402707 0.3206753 0.3231554 0.3229262 0.3425200 0.3433121 0.4882387 0.4746546 0.4746607 0.4620051 0.4803407 0.4646614 0.4244353 0.4105801 0.4241909 0.4186375 0.4180559 0.4271073 0.4028915 0.4607714 0.5110004 0.4765629 0.4706001 0.4769840 0.4801016 0.5537764 0.4897129 0.5656445 0.4381147 0.4381147 0.4369439 0.4369439 0.5782337 0.5689603 0.5555919 0.5507110 0.5341908 0.5429949 0.6420958 0.5487965 0.6358390 0.5413185 0.5508326 0.6430010 0.6528702 0.6819114 0.6622834 0.6602231 0.6635683 0.6623143 
Pyrus_x_bretschneideri_XP_009376410.1 0.2871199 0.2893834 0.2837824 0.2860108 0.2828325 0.2850425 0.3039092 0.3256461 0.3221796 0.3168113 0.3076813 0.3405442 0.3480969 0.2653273 0.3126650 0.3146467 0.2324715 0.2130515 0.2471021 0.2488530 0.1637573 0.0126132 0.0127543 0.0000000 0.0000010 0.0476349 0.0556606 0.0900871 0.0868705 0.2942490 0.2841265 0.2582647 0.2646775 0.2722148 0.2592342 0.2831300 0.2917929 0.2926578 0.3240318 0.3064971 0.3498926 0.3248632 0.3379233 0.3403429 0.3347165 0.3332619 0.3340141 0.3152198 0.3215713 0.3239763 0.3457656 0.3465479 0.4978036 0.4724029 0.4720596 0.4708216 0.4917347 0.4739421 0.4313867 0.4120692 0.4261960 0.4206375 0.4200526 0.4285188 0.4125504 0.4655676 0.5157096 0.4770107 0.4711375 0.4759118 0.4783889 0.5493251 0.4911672 0.5651124 0.4349382 0.4341361 0.4337709 0.4329632 0.5773011 0.5692972 0.5583486 0.5534542 0.5335617 0.5492326 0.6484313 0.5587217 0.6362245 0.5443630 0.5602998 0.6447258 0.6551677 0.6828679 0.6656097 0.6623703 0.6657283 0.6664959 
Pyrus_x_bretschneideri_XP_009376412.1 0.2893834 0.2893834 0.2860108 0.2860108 0.2850425 0.2850425 0.3064108 0.3258390 0.3223361 0.3171152 0.3078860 0.3404343 0.3480746 0.2673148 0.3136155 0.3156211 0.2354724 0.2129508 0.2475571 0.2506608 0.1657844 0.0127543 0.0127543 0.0000010 0.0000000 0.0481815 0.0563013 0.0899928 0.0867428 0.2967982 0.2879613 0.2617021 0.2681966 0.2724833 0.2626435 0.2871807 0.2942023 0.2936196 0.3264256 0.3062409 0.3517604 0.3246810 0.3409731 0.3403429 0.3377368 0.3362605 0.3370088 0.3195682 0.3216441 0.3269755 0.3456605 0.3464520 0.4867166 0.4724029 0.4720596 0.4600980 0.4801255 0.4628954 0.4313867 0.4120692 0.4261960 0.4206375 0.4200526 0.4285188 0.4125504 0.4655676 0.5157096 0.4763821 0.4704845 0.4752769 0.4783889 0.5493251 0.4905977 0.5651124 0.4341361 0.4341361 0.4329632 0.4329632 0.5773011 0.5692972 0.5583486 0.5534542 0.5335617 0.5492326 0.6484313 0.5542619 0.6362245 0.5443630 0.5491038 0.6447258 0.6551677 0.6828679 0.6656097 0.6623703 0.6657283 0.6664959 
Malus_domestica_XP_008388281.2        0.2963697 0.2987530 0.2921141 0.2944468 0.2929634 0.2953084 0.3163545 0.3342070 0.3320850 0.3304107 0.3209402 0.3436116 0.3511353 0.2734349 0.3185778 0.3148433 0.2372381 0.2304664 0.2552066 0.2645364 0.1810376 0.0476161 0.0481612 0.0476349 0.0481815 0.0000000 0.0222326 0.1029696 0.1028397 0.3034478 0.2973442 0.2743530 0.2807708 0.2821727 0.2618303 0.2861178 0.2894728 0.3008789 0.3288563 0.3124398 0.3526458 0.3290209 0.3490926 0.3517418 0.3462331 0.3445998 0.3487183 0.3351617 0.3399138 0.3333857 0.3542879 0.3525951 0.5004519 0.4850802 0.4815194 0.4787932 0.4977631 0.4845532 0.4414034 0.4262192 0.4382659 0.4326290 0.4320195 0.4417499 0.4181175 0.4794258 0.5308883 0.4946229 0.4825168 0.4854223 0.4888911 0.5536348 0.5025685 0.5721712 0.4488747 0.4481294 0.4477096 0.4469587 0.6044739 0.5899894 0.5813987 0.5752555 0.5494423 0.5623803 0.6531789 0.5681145 0.6445869 0.5595244 0.5669071 0.6596802 0.6666718 0.6911299 0.6727700 0.6676780 0.6694562 0.6696451 
Pyrus_x_bretschneideri_XP_009337745.1 0.3039440 0.3064314 0.3000280 0.3024710 0.3003842 0.3028297 0.3239137 0.3436659 0.3415302 0.3357850 0.3275590 0.3518621 0.3589371 0.2797986 0.3300431 0.3262778 0.2404862 0.2329337 0.2602272 0.2636416 0.1887062 0.0537907 0.0544060 0.0556606 0.0563013 0.0222326 0.0000000 0.1091487 0.1092690 0.3107913 0.3027879 0.2812872 0.2877201 0.2897168 0.2708632 0.2977249 0.2974727 0.3079348 0.3254924 0.3171691 0.3598446 0.3353358 0.3532395 0.3559651 0.3472401 0.3483681 0.3530469 0.3445188 0.3469530 0.3369476 0.3685377 0.3667949 0.4910880 0.4787598 0.4752122 0.4703998 0.4876027 0.4786301 0.4394068 0.4264963 0.4356644 0.4300531 0.4294498 0.4425207 0.4178580 0.4791964 0.5305331 0.4980828 0.4892254 0.4921848 0.4963443 0.5637563 0.5100585 0.5802479 0.4506145 0.4498770 0.4494507 0.4487076 0.6016093 0.5908325 0.5800811 0.5749860 0.5539973 0.5686215 0.6612842 0.5743460 0.6503223 0.5636053 0.5770347 0.6596002 0.6675569 0.6902123 0.6694953 0.6642740 0.6658170 0.6662094 
Prunus_mume_XP_016647622.1            0.2881492 0.2890549 0.2833327 0.2841779 0.2867770 0.2876678 0.3037765 0.3156792 0.3128942 0.3143864 0.3121810 0.3297085 0.3330598 0.2727242 0.3179242 0.3089564 0.2407639 0.2115263 0.2489521 0.2535597 0.1613857 0.0865309 0.0863945 0.0900871 0.0899928 0.1029696 0.1091487 0.0000000 0.0128009 0.3006851 0.2829369 0.2529173 0.2581510 0.2672689 0.2483972 0.2700809 0.2830836 0.2793940 0.3080685 0.2928091 0.3314438 0.3203277 0.3263450 0.3271151 0.3263938 0.3247557 0.3269324 0.3200786 0.3107828 0.3484073 0.3278967 0.3256768 0.4721479 0.4672512 0.4636697 0.4623566 0.4800332 0.4448810 0.4189237 0.3955742 0.4029708 0.3974206 0.3968681 0.4092055 0.3911944 0.4456686 0.4897397 0.4611059 0.4412645 0.4480105 0.4490363 0.5134413 0.4573429 0.5272883 0.4200127 0.4205908 0.4188267 0.4193994 0.5661736 0.5550130 0.5341692 0.5290721 0.5156069 0.5092439 0.5971853 0.5171878 0.5802051 0.5000956 0.5421795 0.6294249 0.6386522 0.6664603 0.6490690 0.6394811 0.6413796 0.6422626 
Prunus_persica_XP_007208376.1         0.2925291 0.2934605 0.2876998 0.2885758 0.2881854 0.2890674 0.3055662 0.3149772 0.3109433 0.3139493 0.3090167 0.3357264 0.3457482 0.2748224 0.3188580 0.3130778 0.2447920 0.2118327 0.2538279 0.2586288 0.1614053 0.0845665 0.0844125 0.0868705 0.0867428 0.1028397 0.1092690 0.0128009 0.0000000 0.3069549 0.2914917 0.2613561 0.2664844 0.2704517 0.2543115 0.2759887 0.2957836 0.2972584 0.3233887 0.2987106 0.3329211 0.3278577 0.3327378 0.3336022 0.3367949 0.3351915 0.3348446 0.3238583 0.3170402 0.3481940 0.3461866 0.3439460 0.4899093 0.4779482 0.4743876 0.4705099 0.4887316 0.4631861 0.4276031 0.4037520 0.4123824 0.4069092 0.4063516 0.4219970 0.4013377 0.4528438 0.4976716 0.4773850 0.4520966 0.4564974 0.4636123 0.5305292 0.4717699 0.5441574 0.4302964 0.4309129 0.4291377 0.4297491 0.5881514 0.5751403 0.5593438 0.5536961 0.5357328 0.5377951 0.6315207 0.5483771 0.6189512 0.5320036 0.5555363 0.6448277 0.6559196 0.6833975 0.6621399 0.6538527 0.6579842 0.6567084 
Populus_euphratica_XP_011019074.1     0.3242880 0.3256128 0.3220428 0.3233439 0.3380540 0.3395679 0.3406136 0.3500192 0.3500454 0.3545603 0.3454168 0.3752370 0.3853286 0.3256224 0.3484305 0.3642849 0.2992932 0.2789378 0.2674574 0.2540608 0.3196247 0.2942412 0.2967869 0.2942490 0.2967982 0.3034478 0.3107913 0.3006851 0.3069549 0.0000000 0.0365362 0.1195644 0.1146915 0.3497311 0.3207289 0.3369729 0.3388405 0.3488745 0.3835862 0.3588141 0.4036533 0.4010989 0.4058557 0.4080865 0.3837415 0.3820400 0.3911242 0.4090595 0.3934113 0.3874392 0.4032882 0.4027023 0.5502034 0.5338343 0.5323054 0.5405566 0.5592689 0.5414499 0.5049157 0.4765260 0.4752598 0.4685739 0.4676068 0.4839518 0.4701876 0.5239313 0.5904958 0.5282545 0.5271472 0.5323822 0.5334891 0.6230045 0.5441685 0.6360850 0.5075373 0.5070312 0.5080252 0.5075210 0.6296467 0.6104735 0.6036763 0.5940581 0.5861033 0.5734724 0.6776398 0.5846295 0.6633671 0.5660050 0.5960920 0.6905495 0.6989818 0.7201309 0.7010782 0.7151863 0.7087344 0.7157229 
Populus_trichocarpa_XP_024460544.1    0.3200880 0.3228446 0.3163912 0.3191079 0.3325416 0.3354936 0.3350883 0.3425290 0.3431329 0.3478193 0.3412491 0.3681836 0.3764666 0.3132914 0.3423781 0.3549891 0.2876483 0.2651899 0.2546966 0.2420416 0.3118605 0.2826368 0.2864430 0.2841265 0.2879613 0.2973442 0.3027879 0.2829369 0.2914917 0.0365362 0.0000000 0.1077595 0.1039000 0.3438524 0.3056794 0.3201763 0.3271866 0.3403646 0.3757498 0.3505193 0.3963337 0.3934253 0.4001566 0.4022733 0.3794899 0.3777955 0.3824432 0.3986078 0.3890640 0.3806802 0.3939917 0.3933939 0.5514751 0.5358253 0.5342896 0.5406865 0.5564998 0.5442456 0.5016006 0.4746230 0.4720500 0.4653778 0.4644186 0.4821705 0.4670629 0.5228688 0.5815468 0.5261681 0.5208992 0.5268987 0.5282290 0.6128011 0.5387381 0.6258259 0.5000476 0.4995063 0.5035185 0.5029930 0.6269186 0.6069622 0.6012628 0.5930688 0.5809805 0.5780778 0.6722965 0.5896627 0.6629139 0.5733507 0.5980206 0.6941924 0.7005595 0.7249337 0.7039946 0.7199454 0.7124654 0.7187144 
Populus_euphratica_XP_011046824.1     0.2714963 0.2735760 0.2686557 0.2707037 0.2815437 0.2837761 0.2932535 0.3099047 0.3049752 0.3099524 0.3083391 0.3497149 0.3600416 0.2778658 0.3126757 0.3261250 0.2593728 0.2308666 0.2294115 0.2151002 0.2845792 0.2578868 0.2613140 0.2582647 0.2617021 0.2743530 0.2812872 0.2529173 0.2613561 0.1195644 0.1077595 0.0000000 0.0170137 0.3173708 0.2860289 0.3017538 0.3091538 0.3141941 0.3439377 0.3261316 0.3684218 0.3758764 0.3695455 0.3725989 0.3474796 0.3472331 0.3533608 0.3680906 0.3590666 0.3630766 0.3721465 0.3716148 0.5296017 0.5320751 0.5268599 0.5262654 0.5453602 0.5236817 0.4868514 0.4580936 0.4576140 0.4510700 0.4501556 0.4663628 0.4504782 0.5052197 0.5547535 0.5017959 0.4929957 0.4961857 0.4948080 0.5713456 0.5032420 0.5847709 0.4721379 0.4714779 0.4739473 0.4732955 0.6024526 0.5872012 0.5855415 0.5780095 0.5652393 0.5457015 0.6416198 0.5606394 0.6313086 0.5425116 0.5978954 0.6711211 0.6791267 0.7028611 0.6759185 0.6895140 0.6839473 0.6926550 
Populus_trichocarpa_XP_006374016.1    0.2796193 0.2818036 0.2767890 0.2789419 0.2897821 0.2921221 0.2987757 0.3122224 0.3072947 0.3158727 0.3117328 0.3517034 0.3607823 0.2826061 0.3147648 0.3279464 0.2614890 0.2290738 0.2240349 0.2098280 0.2869633 0.2642904 0.2677991 0.2646775 0.2681966 0.2807708 0.2877201 0.2581510 0.2664844 0.1146915 0.1039000 0.0170137 0.0000000 0.3181313 0.2856142 0.3009643 0.3058673 0.3051717 0.3370050 0.3246278 0.3641866 0.3670360 0.3720545 0.3751576 0.3478525 0.3476055 0.3547216 0.3702965 0.3622348 0.3613919 0.3722966 0.3703377 0.5260790 0.5296779 0.5244751 0.5250622 0.5437212 0.5221394 0.4830205 0.4482721 0.4518720 0.4453724 0.4427047 0.4580725 0.4468780 0.5035739 0.5550104 0.5021032 0.4893353 0.4900353 0.4925117 0.5705781 0.5009300 0.5841373 0.4727966 0.4721394 0.4746070 0.4739579 0.6065704 0.5901762 0.5843240 0.5765937 0.5625455 0.5452772 0.6435033 0.5601924 0.6337054 0.5423695 0.5921832 0.6751707 0.6831537 0.7069219 0.6841350 0.6990159 0.6922170 0.7022441 
Gossypium_hirsutum_XP_016727716.1     0.3140671 0.3141396 0.3104126 0.3104472 0.3175796 0.3176894 0.3362042 0.3572866 0.3526002 0.3614210 0.3505794 0.3686459 0.3821513 0.3068197 0.3499381 0.3460942 0.2744383 0.2512917 0.2976398 0.2814229 0.2940560 0.2695837 0.2698235 0.2722148 0.2724833 0.2821727 0.2897168 0.2672689 0.2704517 0.3497311 0.3438524 0.3173708 0.3181313 0.0000000 0.3032601 0.3261239 0.3405028 0.3510901 0.3842652 0.3566285 0.3921483 0.3673996 0.3965480 0.3962162 0.3952520 0.3946659 0.3915284 0.3894908 0.3875893 0.3754654 0.4120081 0.4167183 0.5615422 0.5389528 0.5328954 0.5317064 0.5530302 0.5309434 0.4686462 0.4517107 0.4661666 0.4632472 0.4623906 0.4687701 0.4491342 0.5059413 0.5620049 0.4905245 0.4960495 0.4888600 0.5080705 0.5857457 0.5163257 0.5994227 0.4593529 0.4600605 0.4621038 0.4628259 0.5837631 0.5790934 0.5882347 0.5809915 0.5791068 0.5620429 0.6562327 0.5647852 0.6386863 0.5536010 0.5861825 0.6839024 0.6890207 0.7089197 0.6970060 0.7020261 0.6990727 0.6995705 
Vitis_vinifera_XP_002269998.1         0.2970008 0.2994166 0.2967252 0.2991406 0.3079332 0.3105126 0.3175386 0.3355789 0.3312718 0.3577681 0.3423823 0.3499118 0.3524940 0.3036147 0.3326922 0.3351682 0.2437470 0.2448115 0.2672151 0.2572057 0.2856243 0.2587992 0.2622021 0.2592342 0.2626435 0.2618303 0.2708632 0.2483972 0.2543115 0.3207289 0.3056794 0.2860289 0.2856142 0.3032601 0.0000000 0.0155721 0.3078067 0.3160094 0.3513179 0.3108331 0.3576431 0.3533509 0.3247466 0.3269049 0.3085559 0.3069831 0.3156581 0.3118392 0.3133621 0.3324024 0.3562914 0.3616667 0.5250586 0.5052281 0.5009790 0.4997933 0.5191313 0.4908726 0.4369088 0.4275352 0.4348669 0.4297813 0.4281736 0.4327062 0.4102997 0.4600696 0.5011164 0.4819529 0.4810649 0.4771247 0.4829983 0.5451413 0.4916875 0.5589703 0.4356514 0.4348483 0.4344786 0.4336698 0.5872484 0.5724585 0.5555556 0.5442745 0.5608655 0.5246762 0.6086389 0.5386723 0.5867246 0.5075558 0.5654656 0.6627873 0.6679079 0.6852884 0.6783909 0.6983412 0.6952288 0.6980763 
Vitis_vinifera_XP_010653410.1         0.3087043 0.3114727 0.3100027 0.3127938 0.3198687 0.3228139 0.3291729 0.3474825 0.3428164 0.3736625 0.3591347 0.3515557 0.3514183 0.3073091 0.3383441 0.3440911 0.2703981 0.2648166 0.2818889 0.2770665 0.3117890 0.2855004 0.2895861 0.2831300 0.2871807 0.2861178 0.2977249 0.2700809 0.2759887 0.3369729 0.3201763 0.3017538 0.3009643 0.3261239 0.0155721 0.0000000 0.3302971 0.3372860 0.3699733 0.3369554 0.3712993 0.3959162 0.3411570 0.3438183 0.3242113 0.3224962 0.3303101 0.3326721 0.3344754 0.3543232 0.3774063 0.3832996 0.5377748 0.5219255 0.5178192 0.5181482 0.5043412 0.5018591 0.4549714 0.4406712 0.4481703 0.4405901 0.4388384 0.4505382 0.4367061 0.4815403 0.5011164 0.5010051 0.4996877 0.4955605 0.5002579 0.5444189 0.5096258 0.5515181 0.4502094 0.4494064 0.4505746 0.4497727 0.6114528 0.6004235 0.5721580 0.5619977 0.5770373 0.5414290 0.6091941 0.5548365 0.5850459 0.5212733 0.5875088 0.6952401 0.7010090 0.7177555 0.7079385 0.7307589 0.7270092 0.7276207 
Cicer_arietinum_XP_004506795.1        0.3425235 0.3439701 0.3394251 0.3408351 0.3424638 0.3439134 0.3571031 0.3660311 0.3596055 0.3850671 0.3712237 0.3812337 0.3893979 0.3217126 0.3504557 0.3468554 0.2997423 0.2840989 0.3167969 0.2980587 0.3038014 0.2865528 0.2888895 0.2917929 0.2942023 0.2894728 0.2974727 0.2830836 0.2957836 0.3388405 0.3271866 0.3091538 0.3058673 0.3405028 0.3078067 0.3302971 0.0000000 0.2065478 0.2187668 0.2751262 0.3161235 0.2764327 0.3766283 0.3798789 0.3774826 0.3745219 0.3792116 0.3717801 0.3652298 0.3852756 0.3866091 0.3896919 0.5463815 0.5396677 0.5342355 0.5284034 0.5470185 0.5216321 0.4751157 0.4619833 0.4769689 0.4685305 0.4686625 0.4691233 0.4485793 0.5002767 0.5561406 0.5242196 0.5069923 0.5066340 0.5097141 0.5781449 0.5177890 0.5939538 0.4863613 0.4857652 0.4889265 0.4883414 0.6116794 0.6101305 0.5998828 0.5902249 0.5847665 0.5722919 0.6705854 0.5796508 0.6602309 0.5671117 0.5855660 0.7101654 0.7146654 0.7287177 0.7152059 0.7024864 0.7063650 0.6967191 
Glycine_max_XP_003516976.1            0.3378181 0.3376701 0.3315481 0.3313290 0.3407257 0.3406098 0.3510337 0.3518660 0.3501847 0.3666202 0.3571350 0.3795607 0.3835507 0.3205113 0.3536460 0.3545608 0.3015516 0.2829404 0.3193261 0.3055315 0.3176777 0.2879353 0.2888382 0.2926578 0.2936196 0.3008789 0.3079348 0.2793940 0.2972584 0.3488745 0.3403646 0.3141941 0.3051717 0.3510901 0.3160094 0.3372860 0.2065478 0.0000000 0.1366663 0.3040380 0.3334697 0.3034913 0.4074304 0.4111890 0.3951591 0.3934149 0.3972840 0.3955741 0.3854992 0.4083329 0.4122745 0.4146736 0.5467027 0.5354348 0.5299861 0.5259982 0.5473617 0.5299934 0.4945020 0.4788204 0.4814522 0.4719525 0.4664141 0.4771551 0.4590766 0.5054586 0.5735448 0.5264490 0.5132713 0.5133066 0.5149170 0.6019011 0.5242227 0.6154789 0.4936448 0.4930784 0.4961784 0.4956230 0.6414860 0.6247137 0.6096309 0.6011402 0.5908972 0.5812607 0.6936101 0.5975887 0.6800357 0.5760781 0.6029576 0.6816954 0.6841921 0.6918035 0.6952102 0.6933981 0.6988513 0.6890320 
Phaseolus_vulgaris_XP_007134814.1     0.3647041 0.3658952 0.3599909 0.3611317 0.3676946 0.3689230 0.3861623 0.3849796 0.3832793 0.3908632 0.3807431 0.3999099 0.4101150 0.3405469 0.3753974 0.3781008 0.3326806 0.3149174 0.3546122 0.3441649 0.3382950 0.3182592 0.3205821 0.3240318 0.3264256 0.3288563 0.3254924 0.3080685 0.3233887 0.3835862 0.3757498 0.3439377 0.3370050 0.3842652 0.3513179 0.3699733 0.2187668 0.1366663 0.0000000 0.3267960 0.3622312 0.3310139 0.4321115 0.4358581 0.4139686 0.4151104 0.4161981 0.4091470 0.4089325 0.4335369 0.4346204 0.4386877 0.5787009 0.5568772 0.5500955 0.5431088 0.5643787 0.5550246 0.5036765 0.4967633 0.4974886 0.4879260 0.4866864 0.4998809 0.4633021 0.5357769 0.5976624 0.5485077 0.5256168 0.5281653 0.5295230 0.6153206 0.5376248 0.6273685 0.5154568 0.5149917 0.5176168 0.5171617 0.6318550 0.6323733 0.6070357 0.6062642 0.5932134 0.5705758 0.6829680 0.5859666 0.6751724 0.5686862 0.6403998 0.7114396 0.7188263 0.7343758 0.7166743 0.7163491 0.7159261 0.7102366 
Cicer_arietinum_XP_004492482.1        0.3203575 0.3185581 0.3195863 0.3177760 0.3342206 0.3325599 0.3462705 0.3586415 0.3552775 0.3634572 0.3487183 0.3951612 0.4028590 0.3444435 0.3674915 0.3664600 0.3097540 0.3030704 0.2918522 0.2892943 0.3331395 0.3020244 0.3017144 0.3064971 0.3062409 0.3124398 0.3171691 0.2928091 0.2987106 0.3588141 0.3505193 0.3261316 0.3246278 0.3566285 0.3108331 0.3369554 0.2751262 0.3040380 0.3267960 0.0000000 0.1346238 0.2293621 0.4124537 0.4122991 0.3991837 0.3979938 0.4004926 0.4102781 0.4039948 0.4226510 0.4088708 0.4143749 0.5440405 0.5311213 0.5262036 0.5286066 0.5417916 0.5385845 0.4977179 0.4672567 0.4795674 0.4738145 0.4730338 0.4755788 0.4530860 0.4745420 0.5179768 0.5197066 0.4970788 0.4971861 0.4991789 0.5645382 0.5096621 0.5815378 0.4782245 0.4775837 0.4788506 0.4782120 0.5891388 0.5818794 0.5610424 0.5473166 0.5570463 0.5313206 0.6172943 0.5505452 0.6054456 0.5208728 0.5996230 0.6973186 0.6953803 0.7169542 0.6991733 0.6946031 0.6949636 0.6906582 
