35
Arabidopsis_lyrata_XP_020886454.1     0.0000000 0.0150811 0.0277853 0.0329046 0.0412294 0.0437421 0.0408214 0.2838252 0.2929250 0.2501992 0.2177356 0.2563452 0.2604780 0.2414241 0.2368987 0.2363455 0.2426720 0.2348281 0.2379237 0.2164825 0.2034885 0.2114122 0.2114122 0.2189443 0.2189443 0.2308405 0.2529624 0.2283536 0.2592298 0.2912352 0.2940115 0.2965964 0.2818291 0.2925802 0.2923532 
Capsella_rubella_XP_006297787.1       0.0150811 0.0000000 0.0277306 0.0328401 0.0411484 0.0472565 0.0407472 0.2726059 0.2814416 0.2388308 0.2075542 0.2480841 0.2520983 0.2285002 0.2273338 0.2267917 0.2330301 0.2220693 0.2251416 0.2078198 0.1949470 0.2080898 0.2080898 0.2155891 0.2155891 0.2220401 0.2506244 0.2255478 0.2568853 0.2868306 0.2896106 0.2922024 0.2774274 0.2882115 0.2910235 
Brassica_oleracea_XP_013595296.1      0.0277853 0.0277306 0.0000000 0.0049899 0.0359223 0.0539635 0.0509855 0.2718032 0.2806273 0.2451789 0.2163469 0.2583208 0.2624977 0.2234446 0.2157759 0.2152483 0.2213880 0.2170975 0.2201684 0.2118662 0.1933734 0.1957673 0.1957673 0.2032492 0.2032492 0.2315879 0.2361044 0.2097744 0.2423155 0.2834487 0.2862223 0.2888114 0.2740781 0.2848534 0.2889912 
Brassica_rapa_XP_009124320.1          0.0329046 0.0328401 0.0049899 0.0000000 0.0359413 0.0608733 0.0561995 0.2782115 0.2871964 0.2514685 0.2225745 0.2653748 0.2696435 0.2296388 0.2219729 0.2214374 0.2276314 0.2232497 0.2263289 0.2180153 0.1994200 0.2018303 0.2018303 0.2093466 0.2093466 0.2379131 0.2423023 0.2172081 0.2485305 0.2875562 0.2903423 0.2929389 0.2781305 0.2889342 0.2961055 
Eutrema_salsugineum_XP_006409036.1    0.0412294 0.0411484 0.0359223 0.0359413 0.0000000 0.0679636 0.0730296 0.2880604 0.2980399 0.2412920 0.2221809 0.2649777 0.2692472 0.2482267 0.2401683 0.2396125 0.2459527 0.2312296 0.2336417 0.2212634 0.2108321 0.2146289 0.2146289 0.2221982 0.2221982 0.2452368 0.2581685 0.2275280 0.2644314 0.2795564 0.2823103 0.2848848 0.2702651 0.2788397 0.3080481 
Arabidopsis_thaliana_NP_001324728.1   0.0437421 0.0472565 0.0539635 0.0608733 0.0679636 0.0000000 0.0066065 0.2271642 0.2460296 0.2333015 0.2011691 0.2561492 0.2609280 0.2119488 0.2129625 0.2124768 0.2268482 0.2116612 0.2116612 0.2041148 0.1940187 0.2194891 0.2194891 0.2252984 0.2252984 0.1997824 0.2593311 0.2487816 0.2595004 0.2597092 0.2670752 0.2615328 0.2534976 0.2674238 0.3111309 
Arabidopsis_thaliana_NP_179546.2      0.0408214 0.0407472 0.0509855 0.0561995 0.0730296 0.0066065 0.0000000 0.3095547 0.3148224 0.2792064 0.2397007 0.2855677 0.2894025 0.2639853 0.2527930 0.2522197 0.2586981 0.2579444 0.2610948 0.2427349 0.2290646 0.2421564 0.2421564 0.2499210 0.2499210 0.2472901 0.2800620 0.2607543 0.2864560 0.3200536 0.3213036 0.3239260 0.3103241 0.3212183 0.3332105 
Cicer_arietinum_XP_004493497.1        0.2838252 0.2726059 0.2718032 0.2782115 0.2880604 0.2271642 0.3095547 0.0000000 0.0667900 0.1539876 0.1852762 0.2257052 0.2287645 0.2421893 0.2241671 0.2143661 0.2239005 0.2185866 0.2216551 0.2012121 0.1986812 0.1923528 0.1923528 0.2031265 0.2031265 0.1973079 0.2286873 0.1949886 0.2351025 0.2832045 0.2796672 0.2779298 0.2680600 0.2790322 0.3113655 
Medicago_truncatula_XP_013449617.1    0.2929250 0.2814416 0.2806273 0.2871964 0.2980399 0.2460296 0.3148224 0.0667900 0.0000000 0.1863724 0.2225359 0.2689264 0.2725159 0.2663658 0.2473923 0.2463475 0.2510388 0.2544232 0.2575897 0.2374975 0.2352228 0.2156522 0.2156522 0.2267434 0.2267434 0.2132447 0.2680755 0.2402059 0.2747736 0.3072072 0.3048444 0.3085781 0.2963875 0.3047679 0.3289835 
Phaseolus_vulgaris_XP_007154663.1     0.2501992 0.2388308 0.2451789 0.2514685 0.2412920 0.2333015 0.2792064 0.1539876 0.1863724 0.0000000 0.1595178 0.1917998 0.1976747 0.2201411 0.1880088 0.1865199 0.1869285 0.1800389 0.1830483 0.1891562 0.1840736 0.1834310 0.1834310 0.1929085 0.1929085 0.1759202 0.2267332 0.2320439 0.2331345 0.2527599 0.2487791 0.2538670 0.2394335 0.2410084 0.2509485 
Citrus_sinensis_XP_006475431.1        0.2177356 0.2075542 0.2163469 0.2225745 0.2221809 0.2011691 0.2397007 0.1852762 0.2225359 0.1595178 0.0000000 0.0209826 0.0209841 0.1846194 0.1463760 0.1438041 0.1474044 0.1368652 0.1397479 0.1217747 0.1211810 0.1195925 0.1195925 0.1314520 0.1314520 0.1492505 0.1844911 0.1766391 0.1937121 0.2265438 0.2297224 0.2322347 0.2215997 0.2272632 0.2492555 
Citrus_sinensis_XP_006475433.1        0.2563452 0.2480841 0.2583208 0.2653748 0.2649777 0.2561492 0.2855677 0.2257052 0.2689264 0.1917998 0.0209826 0.0000000 0.0000010 0.2286938 0.1884042 0.1851606 0.1860822 0.1770108 0.1803186 0.1527127 0.1555259 0.1535080 0.1535080 0.1672843 0.1672843 0.1812482 0.2108084 0.2083501 0.2212381 0.2575569 0.2529341 0.2585617 0.2572521 0.2636570 0.3007751 
Citrus_sinensis_XP_024953563.1        0.2604780 0.2520983 0.2624977 0.2696435 0.2692472 0.2609280 0.2894025 0.2287645 0.2725159 0.1976747 0.0209841 0.0000010 0.0000000 0.2317860 0.1910268 0.1877266 0.1886699 0.1794628 0.1828122 0.1572116 0.1568301 0.1553576 0.1553576 0.1692943 0.1692943 0.1836776 0.2166003 0.2155698 0.2271768 0.2579704 0.2624084 0.2645108 0.2581461 0.2680191 0.3049126 
Fragaria_vesca_XP_004287545.1         0.2414241 0.2285002 0.2234446 0.2296388 0.2482267 0.2119488 0.2639853 0.2421893 0.2663658 0.2201411 0.1846194 0.2286938 0.2317860 0.0000000 0.1429915 0.1387787 0.1473726 0.1185828 0.1231581 0.1839333 0.1628889 0.1828017 0.1828017 0.1885092 0.1885092 0.1967660 0.2268462 0.2109433 0.2335799 0.3006232 0.3031314 0.3057140 0.2906832 0.2931446 0.3100062 
Malus_domestica_XP_008352367.2        0.2368987 0.2273338 0.2157759 0.2219729 0.2401683 0.2129625 0.2527930 0.2241671 0.2473923 0.1880088 0.1463760 0.1884042 0.1910268 0.1429915 0.0000000 0.0176591 0.0330605 0.0580851 0.0634577 0.1602365 0.1441989 0.1364245 0.1364245 0.1428298 0.1428298 0.1558827 0.1856693 0.1771319 0.1949454 0.2762294 0.2729993 0.2768173 0.2597113 0.2656945 0.2651336 
Pyrus_x_bretschneideri_XP_009352646.1 0.2363455 0.2267917 0.2152483 0.2214374 0.2396125 0.2124768 0.2522197 0.2143661 0.2463475 0.1865199 0.1438041 0.1851606 0.1877266 0.1387787 0.0176591 0.0000000 0.0278818 0.0566501 0.0619575 0.1587084 0.1428136 0.1419922 0.1419922 0.1498176 0.1498176 0.1543709 0.1843056 0.1718302 0.1935851 0.2692314 0.2680015 0.2682307 0.2513110 0.2637655 0.2568620 
Malus_domestica_XP_008354431.2        0.2426720 0.2330301 0.2213880 0.2276314 0.2459527 0.2268482 0.2586981 0.2239005 0.2510388 0.1869285 0.1474044 0.1860822 0.1886699 0.1473726 0.0330605 0.0278818 0.0000000 0.0569642 0.0623004 0.1565845 0.1406578 0.1414352 0.1414352 0.1492526 0.1492526 0.1581123 0.1876040 0.1804742 0.1968540 0.2724885 0.2760486 0.2786237 0.2615175 0.2638122 0.2679739 
Prunus_mume_XP_008242405.1            0.2348281 0.2220693 0.2170975 0.2232497 0.2312296 0.2116612 0.2579444 0.2185866 0.2544232 0.1800389 0.1368652 0.1770108 0.1794628 0.1185828 0.0580851 0.0566501 0.0569642 0.0000000 0.0049849 0.1416245 0.1179850 0.1311679 0.1311679 0.1387707 0.1387707 0.1632992 0.1898824 0.1728682 0.1990842 0.2629801 0.2642097 0.2667347 0.2468270 0.2585062 0.2410975 
Prunus_persica_XP_007202164.1         0.2379237 0.2251416 0.2201684 0.2263289 0.2336417 0.2116612 0.2610948 0.2216551 0.2575897 0.1830483 0.1397479 0.1803186 0.1828122 0.1231581 0.0634577 0.0619575 0.0623004 0.0049849 0.0000000 0.1445177 0.1208061 0.1334254 0.1334254 0.1410494 0.1410494 0.1693807 0.1928902 0.1728682 0.2021159 0.2662342 0.2674542 0.2699823 0.2500257 0.2617304 0.2430973 
Jatropha_curcas_XP_012076913.1        0.2164825 0.2078198 0.2118662 0.2180153 0.2212634 0.2041148 0.2427349 0.2012121 0.2374975 0.1891562 0.1217747 0.1527127 0.1572116 0.1839333 0.1602365 0.1587084 0.1565845 0.1416245 0.1445177 0.0000000 0.0695969 0.0964711 0.0964711 0.1080429 0.1080429 0.1487889 0.1894964 0.1757626 0.1987976 0.2374754 0.2398073 0.2422900 0.2257430 0.2308615 0.2461724 
Manihot_esculenta_XP_021596800.1      0.2034885 0.1949470 0.1933734 0.1994200 0.2108321 0.1940187 0.2290646 0.1986812 0.2352228 0.1840736 0.1211810 0.1555259 0.1568301 0.1628889 0.1441989 0.1428136 0.1406578 0.1179850 0.1208061 0.0695969 0.0000000 0.0874165 0.0874165 0.0959502 0.0959502 0.1368185 0.1848244 0.1743338 0.1915644 0.2399636 0.2413235 0.2438387 0.2270605 0.2361444 0.2223505 
Populus_euphratica_XP_011019360.1     0.2114122 0.2080898 0.1957673 0.2018303 0.2146289 0.2194891 0.2421564 0.1923528 0.2156522 0.1834310 0.1195925 0.1535080 0.1553576 0.1828017 0.1364245 0.1419922 0.1414352 0.1311679 0.1334254 0.0964711 0.0874165 0.0000000 0.0000010 0.0126038 0.0125467 0.1327924 0.1716854 0.1762252 0.1778187 0.2443548 0.2416341 0.2465075 0.2333252 0.2407988 0.2145979 
Populus_euphratica_XP_011019361.1     0.2114122 0.2080898 0.1957673 0.2018303 0.2146289 0.2194891 0.2421564 0.1923528 0.2156522 0.1834310 0.1195925 0.1535080 0.1553576 0.1828017 0.1364245 0.1419922 0.1414352 0.1311679 0.1334254 0.0964711 0.0874165 0.0000010 0.0000000 0.0126038 0.0126038 0.1327924 0.1716854 0.1762252 0.1778187 0.2443548 0.2416341 0.2465075 0.2333252 0.2407988 0.2145979 
Populus_trichocarpa_XP_002308527.1    0.2189443 0.2155891 0.2032492 0.2093466 0.2221982 0.2252984 0.2499210 0.2031265 0.2267434 0.1929085 0.1314520 0.1672843 0.1692943 0.1885092 0.1428298 0.1498176 0.1492526 0.1387707 0.1410494 0.1080429 0.0959502 0.0126038 0.0126038 0.0000000 0.0000010 0.1420695 0.1758623 0.1776146 0.1820541 0.2518730 0.2490937 0.2540285 0.2407223 0.2454768 0.2238365 
Populus_trichocarpa_XP_024458504.1    0.2189443 0.2155891 0.2032492 0.2093466 0.2221982 0.2252984 0.2499210 0.2031265 0.2267434 0.1929085 0.1314520 0.1672843 0.1692943 0.1885092 0.1428298 0.1498176 0.1492526 0.1387707 0.1410494 0.1080429 0.0959502 0.0125467 0.0126038 0.0000010 0.0000000 0.1420695 0.1758623 0.1776146 0.1820541 0.2518730 0.2490937 0.2540285 0.2407223 0.2454768 0.2238365 
Vitis_vinifera_XP_002282302.1         0.2308405 0.2220401 0.2315879 0.2379131 0.2452368 0.1997824 0.2472901 0.1973079 0.2132447 0.1759202 0.1492505 0.1812482 0.1836776 0.1967660 0.1558827 0.1543709 0.1581123 0.1632992 0.1693807 0.1487889 0.1368185 0.1327924 0.1327924 0.1420695 0.1420695 0.0000000 0.1978240 0.1726303 0.2010475 0.2326698 0.2269840 0.2328411 0.2195205 0.2351169 0.2310857 
Cucumis_melo_XP_016901090.1           0.2529624 0.2506244 0.2361044 0.2423023 0.2581685 0.2593311 0.2800620 0.2286873 0.2680755 0.2267332 0.1844911 0.2108084 0.2166003 0.2268462 0.1856693 0.1843056 0.1876040 0.1898824 0.1928902 0.1894964 0.1848244 0.1716854 0.1716854 0.1758623 0.1758623 0.1978240 0.0000000 0.0000010 0.0125339 0.2609209 0.2632621 0.2638020 0.2459122 0.2545299 0.2768475 
Cucumis_melo_XP_016901092.1           0.2283536 0.2255478 0.2097744 0.2172081 0.2275280 0.2487816 0.2607543 0.1949886 0.2402059 0.2320439 0.1766391 0.2083501 0.2155698 0.2109433 0.1771319 0.1718302 0.1804742 0.1728682 0.1728682 0.1757626 0.1743338 0.1762252 0.1762252 0.1776146 0.1776146 0.1726303 0.0000010 0.0000000 0.0122216 0.2074016 0.2179794 0.2096915 0.2011816 0.2117002 0.2871920 
Cucumis_sativus_XP_004141053.1        0.2592298 0.2568853 0.2423155 0.2485305 0.2644314 0.2595004 0.2864560 0.2351025 0.2747736 0.2331345 0.1937121 0.2212381 0.2271768 0.2335799 0.1949454 0.1935851 0.1968540 0.1990842 0.2021159 0.1987976 0.1915644 0.1778187 0.1778187 0.1820541 0.1820541 0.2010475 0.0125339 0.0122216 0.0000000 0.2632761 0.2627380 0.2632759 0.2454191 0.2540229 0.2698357 
Capsicum_annuum_XP_016580243.1        0.2912352 0.2868306 0.2834487 0.2875562 0.2795564 0.2597092 0.3200536 0.2832045 0.3072072 0.2527599 0.2265438 0.2575569 0.2579704 0.3006232 0.2762294 0.2692314 0.2724885 0.2629801 0.2662342 0.2374754 0.2399636 0.2443548 0.2443548 0.2518730 0.2518730 0.2326698 0.2609209 0.2074016 0.2632761 0.0000000 0.0453846 0.0477650 0.0399368 0.0537192 0.3171733 
Solanum_lycopersicum_XP_004243760.1   0.2940115 0.2896106 0.2862223 0.2903423 0.2823103 0.2670752 0.3213036 0.2796672 0.3048444 0.2487791 0.2297224 0.2529341 0.2624084 0.3031314 0.2729993 0.2680015 0.2760486 0.2642097 0.2674542 0.2398073 0.2413235 0.2416341 0.2416341 0.2490937 0.2490937 0.2269840 0.2632621 0.2179794 0.2627380 0.0453846 0.0000000 0.0198153 0.0323258 0.0588742 0.3061967 
Solanum_pennellii_XP_015083011.1      0.2965964 0.2922024 0.2888114 0.2929389 0.2848848 0.2615328 0.3239260 0.2779298 0.3085781 0.2538670 0.2322347 0.2585617 0.2645108 0.3057140 0.2768173 0.2682307 0.2786237 0.2667347 0.2699823 0.2422900 0.2438387 0.2465075 0.2465075 0.2540285 0.2540285 0.2328411 0.2638020 0.2096915 0.2632759 0.0477650 0.0198153 0.0000000 0.0323610 0.0616129 0.3104272 
Solanum_tuberosum_XP_006346560.1      0.2818291 0.2774274 0.2740781 0.2781305 0.2702651 0.2534976 0.3103241 0.2680600 0.2963875 0.2394335 0.2215997 0.2572521 0.2581461 0.2906832 0.2597113 0.2513110 0.2615175 0.2468270 0.2500257 0.2257430 0.2270605 0.2333252 0.2333252 0.2407223 0.2407223 0.2195205 0.2459122 0.2011816 0.2454191 0.0399368 0.0323258 0.0323610 0.0000000 0.0431449 0.2942753 
Nicotiana_attenuata_XP_019249149.1    0.2925802 0.2882115 0.2848534 0.2889342 0.2788397 0.2674238 0.3212183 0.2790322 0.3047679 0.2410084 0.2272632 0.2636570 0.2680191 0.2931446 0.2656945 0.2637655 0.2638122 0.2585062 0.2617304 0.2308615 0.2361444 0.2407988 0.2407988 0.2454768 0.2454768 0.2351169 0.2545299 0.2117002 0.2540229 0.0537192 0.0588742 0.0616129 0.0431449 0.0000000 0.3009799 
Carica_papaya_XP_021912362.1          0.2923532 0.2910235 0.2889912 0.2961055 0.3080481 0.3111309 0.3332105 0.3113655 0.3289835 0.2509485 0.2492555 0.3007751 0.3049126 0.3100062 0.2651336 0.2568620 0.2679739 0.2410975 0.2430973 0.2461724 0.2223505 0.2145979 0.2145979 0.2238365 0.2238365 0.2310857 0.2768475 0.2871920 0.2698357 0.3171733 0.3061967 0.3104272 0.2942753 0.3009799 0.0000000 
