110
Arabidopsis_lyrata_XP_002872570.1     0.0000000 0.0205853 0.0514645 0.0719388 0.1004237 0.0984966 0.7083210 0.7080912 0.7621006 0.6982753 0.6890545 0.7711911 0.6206689 0.6227544 0.6093907 0.6148040 0.6403683 0.8152983 0.7930067 0.6975357 0.8184231 0.7845598 0.7409716 0.5800300 0.5995764 0.5677865 0.5744457 0.5789600 0.5951653 0.5612757 0.5534902 0.5483803 0.5775477 0.5487554 0.5817289 0.6135697 0.6253509 0.6179029 0.6510418 0.7823525 0.7896105 0.7250603 0.5905363 0.5512232 0.5417052 0.5409094 0.5416012 0.5668540 0.5522902 0.5886584 0.6110567 0.5302961 0.5537067 0.5104681 0.5130425 0.5094644 0.5197993 0.4924259 0.4820008 0.5381653 0.5483214 0.5451137 0.5461696 0.5286701 0.5460556 0.5710514 0.5936368 0.5648318 0.5636412 0.5778495 0.5643122 0.5672331 0.6641410 0.6479509 0.6608886 0.6285571 0.7228148 0.7193655 0.6882148 0.6805473 0.6610992 0.6574212 0.6101835 0.6404715 0.6293070 0.6312240 0.6373996 0.6278089 0.5332827 0.4885927 0.4879716 0.4918667 0.6378349 0.6434246 0.5936873 0.6541087 0.6403485 0.6361867 0.5694522 0.5765167 0.6122266 0.6614052 0.6781881 0.7099940 0.7448922 0.7340121 0.7406839 0.7312977 0.7346450 0.7589691 
Arabidopsis_thaliana_NP_192867.1      0.0205853 0.0000000 0.0540343 0.0607613 0.0885722 0.0866138 0.6946261 0.6976509 0.7479231 0.6855694 0.6781673 0.7571751 0.6146372 0.6131429 0.5999121 0.6052686 0.6308079 0.7990002 0.7809965 0.6862157 0.8023842 0.7741775 0.7265894 0.5564656 0.5747279 0.5431893 0.5502881 0.5539180 0.5706033 0.5375252 0.5299089 0.5249960 0.5489458 0.5254620 0.5641555 0.5949173 0.6064698 0.5997753 0.6301430 0.7704476 0.7776484 0.7136986 0.5668619 0.5334449 0.5316430 0.5298122 0.5262824 0.5511818 0.5400599 0.5625838 0.5973911 0.5071895 0.5272265 0.4831511 0.4933385 0.4898821 0.4955534 0.4721964 0.4620331 0.5098822 0.5299651 0.5241825 0.5279533 0.5141255 0.5293771 0.5482087 0.5868263 0.5463847 0.5453748 0.5498743 0.5476852 0.5515694 0.6490511 0.6315059 0.6312662 0.5992683 0.7058028 0.7076852 0.6812337 0.6596034 0.6368322 0.6268006 0.5917301 0.6303528 0.6107783 0.6124887 0.6244944 0.6049362 0.5170818 0.4723563 0.4845215 0.4884079 0.6161201 0.6215543 0.5803547 0.6342288 0.6342410 0.6301334 0.5588935 0.5570433 0.5923642 0.6422080 0.6588991 0.6942799 0.7353556 0.7337827 0.7297395 0.7214143 0.7299970 0.7523721 
Capsella_rubella_XP_006287590.1       0.0514645 0.0540343 0.0000000 0.0787033 0.1137821 0.1118655 0.6992449 0.7012336 0.7599460 0.6998128 0.6872346 0.7539555 0.6365341 0.6314004 0.6213488 0.6268474 0.6504383 0.7945717 0.7791442 0.7100701 0.8105685 0.7871020 0.7386937 0.5609526 0.5777569 0.5536032 0.5601836 0.5722619 0.5831613 0.5472010 0.5394833 0.5367446 0.5672833 0.5407911 0.5827781 0.6029304 0.6069883 0.6033289 0.6254347 0.7812514 0.7884837 0.7186437 0.5922822 0.5394000 0.5363330 0.5341794 0.5311131 0.5561904 0.5447097 0.5767044 0.6026783 0.5177890 0.5274736 0.4925249 0.5028696 0.4870516 0.4927167 0.4755550 0.4639255 0.5374650 0.5679605 0.5646343 0.5394263 0.5234379 0.5239971 0.5746408 0.5890886 0.5677188 0.5641511 0.5701934 0.5780142 0.5793126 0.6764494 0.6426142 0.6513470 0.6240850 0.7345992 0.7217721 0.6922472 0.6830862 0.6544393 0.6472554 0.6269316 0.6684809 0.6511469 0.6535572 0.6616499 0.6461376 0.5304926 0.4824617 0.4776625 0.4842662 0.6302235 0.6358220 0.5939988 0.6688889 0.6280112 0.6215237 0.5686048 0.5827555 0.5870672 0.6459778 0.6628658 0.7147530 0.7374930 0.6930439 0.7270297 0.7185398 0.7229526 0.7520802 
Eutrema_salsugineum_XP_006396926.1    0.0719388 0.0607613 0.0787033 0.0000000 0.0887822 0.0820034 0.7262572 0.6827995 0.7646488 0.6808673 0.6776294 0.7504204 0.6393830 0.6377476 0.6315620 0.6370902 0.6609903 0.7926487 0.7807747 0.6905326 0.8178068 0.8025394 0.7436011 0.5760111 0.5900668 0.5577944 0.5673441 0.5793309 0.5867730 0.5585614 0.5508530 0.5406909 0.5763552 0.5532556 0.5743413 0.5920149 0.6034756 0.5892748 0.6366780 0.7993388 0.7985284 0.7292424 0.5654052 0.5335547 0.5329104 0.5271210 0.5261848 0.5569761 0.5477735 0.5742102 0.6150984 0.5218004 0.5446902 0.5105611 0.5173999 0.5116281 0.5173525 0.4879154 0.4682625 0.5279610 0.5575717 0.5543439 0.5612066 0.5478530 0.5468305 0.5530575 0.5853778 0.5699379 0.5748673 0.5602098 0.5698697 0.5851554 0.6606478 0.6380136 0.6248867 0.6010721 0.7280453 0.7176623 0.6815128 0.6720284 0.6438431 0.6399416 0.5718014 0.6109151 0.5976448 0.5915549 0.6245827 0.6052289 0.5240748 0.4847473 0.4807310 0.4845853 0.6133821 0.6187791 0.5851552 0.6504108 0.6194407 0.6224394 0.5772935 0.5798772 0.5885668 0.6512761 0.6678953 0.6712160 0.7152779 0.7197039 0.6980721 0.6855181 0.6979196 0.7269610 
Brassica_oleracea_XP_013613087.1      0.1004237 0.0885722 0.1137821 0.0887822 0.0000000 0.0276616 0.7481426 0.7034553 0.7790696 0.7117805 0.7049537 0.7779735 0.6706237 0.6518132 0.6443660 0.6510862 0.6718595 0.8240041 0.8071270 0.7148234 0.8258947 0.8207784 0.7481508 0.5841364 0.6053885 0.5889518 0.5966997 0.5957575 0.6146186 0.5780765 0.5794333 0.5688101 0.5912784 0.5655767 0.6115326 0.6217468 0.6336536 0.6233060 0.6729924 0.7957237 0.8030702 0.7349503 0.6209751 0.5790642 0.5749597 0.5706102 0.5379164 0.5657002 0.5688901 0.6266363 0.6534406 0.5548085 0.5647164 0.5244125 0.5237420 0.5187075 0.5244815 0.5085004 0.4887193 0.5658824 0.5656405 0.5623602 0.5831389 0.5678140 0.5750766 0.5950612 0.6076961 0.5801467 0.5885779 0.5964821 0.6161245 0.6249106 0.6795917 0.6571575 0.6620850 0.6295556 0.7629190 0.7331740 0.7078400 0.6938136 0.6567836 0.6366073 0.5946652 0.6373463 0.6163853 0.6222684 0.6518796 0.6281742 0.5462583 0.4991916 0.5044299 0.5111406 0.6477507 0.6589151 0.6340752 0.6831042 0.6625117 0.6654248 0.6121164 0.6269695 0.6393962 0.6710926 0.6896171 0.6546711 0.7146974 0.7075627 0.6983817 0.7009829 0.7074085 0.7295814 
Brassica_rapa_XP_009108182.1          0.0984966 0.0866138 0.1118655 0.0820034 0.0276616 0.0000000 0.7451044 0.6952625 0.7733099 0.6979385 0.6911460 0.7562260 0.6653592 0.6598206 0.6522681 0.6590596 0.6847048 0.8197427 0.7982236 0.7235704 0.8257612 0.8206560 0.7586582 0.5989681 0.6204379 0.6010356 0.6080519 0.6071827 0.6261487 0.5986901 0.5905202 0.5797565 0.5987160 0.5729205 0.6176697 0.6242811 0.6362914 0.6283489 0.6746155 0.8040746 0.8115339 0.7428857 0.6252836 0.5707824 0.5658544 0.5631746 0.5304607 0.5581157 0.5617364 0.6193271 0.6451480 0.5554136 0.5602167 0.5200237 0.5283906 0.5143804 0.5201402 0.5017387 0.4820540 0.5670968 0.5707308 0.5690871 0.5735438 0.5562759 0.5808638 0.5939192 0.5979556 0.5723939 0.5770852 0.6139170 0.5966306 0.6050639 0.6708206 0.6573310 0.6690516 0.6363215 0.7726663 0.7362519 0.7085116 0.6989860 0.6549472 0.6332771 0.5968163 0.6396307 0.6218588 0.6162755 0.6568044 0.6329481 0.5395486 0.4908907 0.5024285 0.5091439 0.6555599 0.6668506 0.6350731 0.6708263 0.6439833 0.6509888 0.6085581 0.6126425 0.6257401 0.6834506 0.6962064 0.6612859 0.7215887 0.7231811 0.7053469 0.7035348 0.7036090 0.7299684 
Arabidopsis_lyrata_XP_002878386.1     0.7083210 0.6946261 0.6992449 0.7262572 0.7481426 0.7451044 0.0000000 0.0777875 0.1367684 0.1539829 0.1502064 0.1427675 0.5383864 0.5574303 0.5477460 0.5499801 0.5531335 0.7076158 0.7109398 0.6878885 0.7273308 0.6876895 0.6459674 0.5861975 0.6134873 0.5721982 0.5645982 0.5732363 0.5737738 0.5785836 0.5662478 0.5675330 0.5674046 0.5379619 0.6062250 0.6457735 0.6394227 0.6116906 0.6028453 0.7254397 0.7213807 0.6685136 0.4714501 0.5965484 0.6232216 0.6279045 0.5822319 0.5733127 0.6058237 0.6203897 0.7336810 0.5735179 0.5689990 0.5700637 0.5602895 0.5381373 0.5370786 0.5693012 0.5733557 0.5303241 0.6126065 0.5993862 0.5895664 0.5621750 0.5570369 0.4541028 0.4899685 0.4486739 0.4754785 0.4814603 0.5236255 0.5189726 0.5547223 0.5478336 0.5567828 0.5219435 0.6426080 0.5663739 0.5526814 0.5696933 0.5624335 0.5651781 0.4869184 0.5189583 0.5338216 0.5288198 0.5708927 0.5477686 0.6685437 0.6448808 0.6720857 0.6585941 0.5996154 0.6071940 0.5230927 0.5068206 0.6250157 0.5993537 0.6848322 0.6820712 0.6939972 0.4985549 0.5229590 0.5338327 0.5610273 0.5944878 0.5495029 0.5574095 0.5311721 0.5713111 
Arabidopsis_thaliana_NP_191710.1      0.7080912 0.6976509 0.7012336 0.6827995 0.7034553 0.6952625 0.0777875 0.0000000 0.1488701 0.1512275 0.1380013 0.1463318 0.5440135 0.5564891 0.5466439 0.5489161 0.5694444 0.7114517 0.7342624 0.6713318 0.7214522 0.6909655 0.6498046 0.5985879 0.6192635 0.5832121 0.5785112 0.5827135 0.5854269 0.5872020 0.5772734 0.5763272 0.5949309 0.5685815 0.6262362 0.6393080 0.6424908 0.6313842 0.6110476 0.7620669 0.7578925 0.6958032 0.4412240 0.5542399 0.6211251 0.6065466 0.5687894 0.5629199 0.5621369 0.6262940 0.6980750 0.5989380 0.5967567 0.5817159 0.5768487 0.5550734 0.5538973 0.5828476 0.5823472 0.5679302 0.6374187 0.6236476 0.6324364 0.5934313 0.5706082 0.4407254 0.4593821 0.4336807 0.4653005 0.4693108 0.5068157 0.4972429 0.5398180 0.5304075 0.5447079 0.5101978 0.6631387 0.5407499 0.5246613 0.5671733 0.5649504 0.5534898 0.4622530 0.4935416 0.5037129 0.4964445 0.5538579 0.5333103 0.6387409 0.6048495 0.6287957 0.6157990 0.5696506 0.5768351 0.5385380 0.5194359 0.6196088 0.5959329 0.6487511 0.6415887 0.6766243 0.4954245 0.5130597 0.5395355 0.5658159 0.5625807 0.5585865 0.5729610 0.5381226 0.5771222 
Capsella_rubella_XP_006292599.2       0.7621006 0.7479231 0.7599460 0.7646488 0.7790696 0.7733099 0.1367684 0.1488701 0.0000000 0.1814610 0.1745598 0.1699309 0.6103539 0.6157782 0.6120797 0.6112281 0.6014227 0.7801983 0.7692391 0.7135612 0.7920225 0.7498832 0.7022887 0.7092749 0.7333881 0.6957219 0.6898487 0.6880134 0.6887590 0.7028995 0.6910194 0.6767976 0.7019126 0.6709535 0.7313828 0.7394028 0.7530349 0.7516895 0.7028322 0.8264561 0.8219855 0.7710409 0.5209174 0.6436105 0.6793474 0.6633581 0.6391919 0.6232600 0.6481267 0.6647940 0.7597088 0.6551499 0.6931771 0.6614830 0.6733927 0.6513655 0.6450799 0.6852330 0.6878351 0.6130767 0.6617703 0.6571390 0.6497562 0.6191946 0.6566996 0.4960768 0.5389441 0.5189699 0.5481723 0.5445527 0.5678046 0.5673180 0.6086054 0.6146906 0.6210527 0.5921732 0.7290237 0.6088624 0.6157426 0.6055904 0.6460681 0.6214333 0.5717263 0.6072621 0.6256307 0.6199780 0.6368522 0.6196113 0.6814655 0.6777786 0.7029778 0.6884814 0.6528039 0.6675160 0.5921905 0.6044357 0.6881736 0.6850600 0.7443216 0.7293389 0.8181835 0.5671882 0.5879215 0.5693653 0.6047042 0.6093354 0.5986445 0.6064778 0.5700464 0.6088619 
Brassica_oleracea_XP_013603603.1      0.6982753 0.6855694 0.6998128 0.6808673 0.7117805 0.6979385 0.1539829 0.1512275 0.1814610 0.0000000 0.0370024 0.1129734 0.5417990 0.5601582 0.5503481 0.5566250 0.5501437 0.7474479 0.7189008 0.6931553 0.7645058 0.7328969 0.6792211 0.5938742 0.6180845 0.6002973 0.5948157 0.6096570 0.6085257 0.5889773 0.5788261 0.5794486 0.6035918 0.5792981 0.6112364 0.6283429 0.6405652 0.6179450 0.6372417 0.7251130 0.7193180 0.6854777 0.4514164 0.6190099 0.6282793 0.6230729 0.5901597 0.5830361 0.6102265 0.6102800 0.7006553 0.6131640 0.6086774 0.5873963 0.5666382 0.5483148 0.5490077 0.5711178 0.5761011 0.5509339 0.6271856 0.6176658 0.6287230 0.6060271 0.6090056 0.4551540 0.4801740 0.4695470 0.4775307 0.5032315 0.5067214 0.5031876 0.5628487 0.5353572 0.5502170 0.5159411 0.6545382 0.5902865 0.5518594 0.5775982 0.5784325 0.5734731 0.5409277 0.5627859 0.5735350 0.5675752 0.5775153 0.5593448 0.6584809 0.6354876 0.6471355 0.6381380 0.6042924 0.6056177 0.5447965 0.5154646 0.6090070 0.5930256 0.6424963 0.6018403 0.6727380 0.5136955 0.5347814 0.5465069 0.5718551 0.5867617 0.5578209 0.5564458 0.5388935 0.5808504 
Brassica_rapa_XP_009116817.2          0.6890545 0.6781673 0.6872346 0.6776294 0.7049537 0.6911460 0.1502064 0.1380013 0.1745598 0.0370024 0.0000000 0.1145666 0.5542435 0.5610697 0.5511330 0.5574911 0.5512060 0.7118032 0.7055034 0.6779586 0.7496569 0.7218887 0.6724275 0.6016865 0.6203872 0.5895785 0.5875043 0.6031629 0.6011827 0.5833264 0.5732688 0.5815658 0.6064721 0.5711996 0.6129867 0.6320467 0.6443560 0.6236667 0.6156239 0.7140742 0.7083233 0.6664949 0.4555714 0.5959499 0.6233962 0.6160280 0.5790390 0.5719607 0.5883507 0.6090254 0.6857930 0.5939443 0.6041510 0.5725195 0.5536931 0.5339735 0.5366863 0.5590816 0.5640121 0.5396500 0.6071843 0.5979046 0.5993646 0.5770609 0.5830179 0.4456591 0.4672564 0.4597600 0.4615212 0.4856095 0.5023239 0.4954891 0.5596510 0.5438815 0.5535292 0.5217834 0.6611054 0.5794810 0.5530086 0.5667693 0.5709550 0.5498455 0.5182705 0.5396484 0.5632972 0.5543998 0.5747798 0.5567361 0.6343642 0.6123651 0.6182965 0.6120134 0.5838282 0.5891448 0.5299721 0.5190565 0.5940369 0.5824305 0.6298083 0.6008789 0.6690854 0.4939209 0.5145276 0.5355731 0.5538346 0.5574277 0.5469701 0.5443331 0.5231907 0.5631499 
Eutrema_salsugineum_XP_006402473.1    0.7711911 0.7571751 0.7539555 0.7504204 0.7779735 0.7562260 0.1427675 0.1463318 0.1699309 0.1129734 0.1145666 0.0000000 0.5937570 0.5958003 0.5882155 0.5939636 0.5848484 0.7498112 0.7360809 0.7434945 0.7850203 0.7587899 0.6994967 0.6234896 0.6444731 0.6219507 0.6166476 0.6201760 0.6092863 0.6197070 0.6093744 0.5907490 0.6359822 0.6058840 0.6626012 0.6881991 0.6915117 0.6797262 0.6514255 0.7713548 0.7666306 0.7271621 0.5019528 0.6491841 0.6506866 0.6554520 0.5973798 0.6048735 0.6283813 0.6390247 0.7131526 0.6052569 0.6486947 0.6219906 0.5999755 0.5782444 0.5727181 0.6058705 0.6153299 0.5945133 0.6705148 0.6601038 0.6498013 0.6243196 0.6161426 0.5011697 0.4973138 0.4829584 0.5019487 0.5263732 0.5576075 0.5509675 0.6174312 0.5841406 0.5871923 0.5589318 0.6738429 0.6321790 0.6237342 0.6092547 0.6257482 0.6029996 0.5559370 0.5901958 0.6016877 0.5887244 0.6132185 0.5939521 0.7047317 0.6744654 0.7096083 0.6928424 0.6044694 0.6117059 0.5695593 0.5498251 0.6446276 0.6276389 0.6617905 0.6580046 0.7324219 0.5434502 0.5578846 0.5517575 0.5768917 0.5769753 0.5563707 0.5624615 0.5469833 0.5850938 
Capsicum_annuum_XP_016538134.1        0.6206689 0.6146372 0.6365341 0.6393830 0.6706237 0.6653592 0.5383864 0.5440135 0.6103539 0.5417990 0.5542435 0.5937570 0.0000000 0.0984415 0.0903682 0.0903790 0.1215301 0.4391341 0.4572015 0.3556393 0.4844702 0.4410171 0.3820239 0.5631070 0.5904800 0.5591182 0.5589114 0.5626575 0.5654594 0.5643595 0.5503625 0.5483265 0.5747417 0.5501645 0.5741490 0.5563691 0.5610603 0.5637164 0.6115793 0.6811700 0.6729960 0.6515569 0.4553990 0.5847010 0.6015251 0.5805511 0.5278858 0.5422297 0.5640726 0.5685643 0.6247629 0.5536538 0.5343975 0.5348747 0.5123216 0.5140219 0.5104974 0.5186514 0.5110002 0.4792942 0.5562632 0.5487646 0.5625883 0.5446505 0.5434828 0.4602691 0.4772340 0.4538185 0.4581322 0.4370111 0.4772615 0.4813501 0.4536841 0.4404081 0.4352732 0.4063175 0.5384454 0.5005089 0.4695348 0.4649617 0.4739976 0.5127717 0.4488584 0.4775071 0.4603338 0.4632819 0.4926781 0.4694686 0.5980804 0.5963134 0.5801959 0.5644334 0.6018659 0.5938512 0.5275163 0.5403754 0.5108498 0.4977698 0.6479774 0.6307483 0.6386956 0.4767547 0.4696181 0.5669742 0.5777170 0.5801307 0.5491925 0.5732602 0.5845214 0.5943773 
Solanum_lycopersicum_NP_001234178.2   0.6227544 0.6131429 0.6314004 0.6377476 0.6518132 0.6598206 0.5574303 0.5564891 0.6157782 0.5601582 0.5610697 0.5958003 0.0984415 0.0000000 0.0169089 0.0365017 0.1300212 0.4309609 0.4368230 0.3383518 0.4484989 0.4097039 0.3529698 0.5618488 0.5856093 0.5685998 0.5752856 0.5688370 0.5710635 0.5658248 0.5511100 0.5535739 0.5738444 0.5567048 0.5567736 0.5539540 0.5554390 0.5563879 0.5993217 0.6596288 0.6503058 0.6277590 0.4534271 0.6040350 0.5832505 0.5700747 0.5127929 0.5216263 0.5410815 0.5441484 0.6265462 0.5277301 0.5316747 0.5255694 0.5167245 0.5170147 0.5160015 0.5209888 0.5147612 0.4728282 0.5265852 0.5188052 0.5286693 0.5130707 0.5219261 0.4325273 0.4746689 0.4538622 0.4591387 0.4312775 0.4724401 0.4782497 0.4450882 0.4238976 0.4520397 0.4154965 0.5248092 0.4903439 0.4779502 0.4711123 0.4750874 0.5268307 0.4485333 0.4774340 0.4535679 0.4702329 0.4835541 0.4655026 0.6112368 0.5874486 0.5965676 0.5784788 0.5902701 0.5845476 0.4984379 0.5289621 0.5075660 0.4934302 0.6283545 0.6063943 0.6351287 0.5035735 0.4964761 0.5569456 0.5654085 0.5651951 0.5515550 0.5671954 0.5584303 0.5558914 
Solanum_pennellii_XP_015061774.1      0.6093907 0.5999121 0.6213488 0.6315620 0.6443660 0.6522681 0.5477460 0.5466439 0.6120797 0.5503481 0.5511330 0.5882155 0.0903682 0.0169089 0.0000000 0.0232800 0.1214017 0.4229687 0.4458208 0.3292549 0.4450493 0.4068072 0.3527741 0.5673763 0.5929604 0.5734155 0.5801060 0.5736529 0.5766050 0.5731911 0.5584693 0.5591303 0.5771858 0.5600986 0.5605437 0.5622897 0.5638154 0.5658223 0.5939300 0.6627011 0.6534076 0.6308956 0.4446217 0.5983840 0.5964367 0.5832250 0.5219534 0.5308633 0.5545568 0.5573251 0.6385913 0.5342712 0.5279397 0.5247965 0.5160305 0.5165391 0.5155350 0.5218388 0.5140851 0.4730196 0.5287551 0.5210269 0.5324989 0.5134166 0.5158440 0.4272936 0.4695330 0.4517177 0.4585805 0.4313625 0.4685663 0.4742791 0.4498958 0.4301960 0.4515133 0.4151766 0.5252957 0.4888921 0.4692539 0.4676223 0.4715428 0.5299585 0.4405968 0.4689944 0.4481293 0.4620459 0.4762827 0.4585451 0.6161062 0.5924500 0.6018603 0.5838602 0.5999387 0.5925139 0.4914690 0.5212882 0.4927453 0.4789731 0.6265031 0.6086937 0.6281298 0.4999008 0.4928870 0.5652406 0.5747301 0.5683945 0.5599244 0.5759068 0.5657205 0.5659672 
Solanum_tuberosum_XP_006339629.1      0.6148040 0.6052686 0.6268474 0.6370902 0.6510862 0.6590596 0.5499801 0.5489161 0.6112281 0.5566250 0.5574911 0.5939636 0.0903790 0.0365017 0.0232800 0.0000000 0.1269658 0.4191300 0.4383266 0.3199085 0.4485579 0.4101465 0.3484234 0.5641000 0.5896498 0.5700470 0.5766719 0.5702822 0.5732226 0.5698339 0.5552431 0.5559246 0.5740330 0.5569104 0.5558446 0.5714769 0.5730440 0.5748206 0.6033429 0.6681390 0.6588823 0.6364012 0.4556680 0.5970615 0.5966258 0.5746605 0.5229710 0.5296623 0.5530362 0.5553035 0.6379715 0.5297654 0.5166450 0.5153801 0.5133061 0.5138202 0.5128178 0.5190825 0.5113659 0.4691677 0.5421703 0.5322260 0.5404422 0.5265106 0.5054793 0.4256653 0.4753363 0.4543872 0.4612369 0.4276076 0.4709737 0.4767202 0.4583248 0.4365639 0.4559981 0.4195761 0.5395694 0.4971559 0.4774676 0.4690867 0.4791558 0.5392576 0.4445396 0.4732017 0.4555182 0.4695632 0.4811980 0.4632282 0.6054891 0.5783448 0.5918262 0.5725967 0.5929944 0.5881993 0.5040293 0.5324800 0.5011651 0.4852603 0.6065844 0.5954375 0.6294410 0.5055601 0.4985056 0.5779089 0.5876828 0.5869104 0.5728421 0.5834433 0.5762701 0.5765139 
Nicotiana_attenuata_XP_019223955.1    0.6403683 0.6308079 0.6504383 0.6609903 0.6718595 0.6847048 0.5531335 0.5694444 0.6014227 0.5501437 0.5512060 0.5848484 0.1215301 0.1300212 0.1214017 0.1269658 0.0000000 0.4072508 0.4507350 0.3161693 0.4490810 0.4174619 0.3563088 0.5449404 0.5784310 0.5479176 0.5530223 0.5542298 0.5569516 0.5504987 0.5388983 0.5402273 0.5439757 0.5257691 0.5456774 0.5688366 0.5602959 0.5569963 0.5769132 0.6634959 0.6543241 0.6398790 0.4559414 0.5697627 0.6025141 0.5787442 0.5252347 0.5236965 0.5418765 0.5565007 0.6418437 0.5628264 0.5387735 0.5274704 0.5009844 0.5118665 0.5083331 0.5297106 0.5217570 0.4867068 0.5429615 0.5352891 0.5503527 0.5208065 0.5375919 0.4393280 0.4644489 0.4562485 0.4628980 0.4481612 0.4599026 0.4663055 0.4672859 0.4535440 0.4609721 0.4195633 0.5583053 0.5005573 0.4696287 0.4616393 0.4790266 0.5207093 0.4603661 0.4854197 0.4704626 0.4658017 0.5027723 0.4725075 0.6122527 0.6149433 0.5984929 0.5820504 0.6190003 0.6202784 0.4958384 0.5256828 0.5203634 0.5124271 0.6456968 0.6336931 0.6526722 0.5280018 0.5262059 0.5561457 0.5703478 0.5743014 0.5416154 0.5774894 0.5778908 0.5840260 
Capsicum_annuum_XP_016544406.1        0.8152983 0.7990002 0.7945717 0.7926487 0.8240041 0.8197427 0.7076158 0.7114517 0.7801983 0.7474479 0.7118032 0.7498112 0.4391341 0.4309609 0.4229687 0.4191300 0.4072508 0.0000000 0.2504745 0.2512942 0.2558392 0.2705856 0.2379012 0.6075376 0.5931147 0.5812658 0.5877438 0.5861587 0.5984114 0.6155543 0.5994763 0.5887853 0.6321477 0.5949081 0.6698227 0.6571659 0.6537134 0.6614540 0.6921240 0.7349096 0.7241959 0.7153161 0.6039796 0.7329989 0.6881876 0.7261880 0.6445577 0.6501062 0.6460485 0.6752934 0.7497067 0.6578550 0.6549015 0.6183267 0.6060805 0.6206354 0.6194723 0.6269546 0.6115945 0.6131086 0.6562125 0.6705611 0.6640119 0.6493720 0.5687723 0.6166333 0.6256874 0.6133059 0.6504097 0.5640607 0.6181780 0.5960451 0.6243286 0.5980135 0.6353330 0.6271892 0.7414168 0.6000316 0.5490002 0.5913178 0.6216653 0.6689448 0.5761446 0.6026688 0.5856806 0.6066195 0.6526882 0.6348510 0.6970686 0.7319018 0.7248800 0.7069796 0.7383696 0.7258909 0.6428076 0.6868703 0.6223171 0.6165376 0.7101393 0.6849222 0.7490018 0.6588908 0.6549517 0.6993914 0.6935229 0.6730215 0.6957162 0.7027045 0.7219747 0.7321652 
Solanum_tuberosum_XP_006345624.1      0.7930067 0.7809965 0.7791442 0.7807747 0.8071270 0.7982236 0.7109398 0.7342624 0.7692391 0.7189008 0.7055034 0.7360809 0.4572015 0.4368230 0.4458208 0.4383266 0.4507350 0.2504745 0.0000000 0.2625101 0.2737504 0.2869112 0.2412823 0.6146415 0.6106608 0.6128324 0.6185668 0.6046972 0.6150281 0.6280522 0.6111371 0.6078506 0.6278086 0.5885105 0.6784866 0.6470004 0.6458439 0.6607249 0.7170042 0.7220019 0.7115114 0.6817838 0.6109119 0.7525074 0.6555821 0.6450692 0.5980997 0.6185273 0.6185775 0.6246379 0.6854367 0.6299939 0.6863593 0.6021198 0.5927499 0.5856258 0.5914410 0.6182330 0.6041303 0.6008953 0.6871936 0.6916346 0.6757507 0.6737095 0.5802120 0.5545940 0.5744487 0.5805994 0.6081003 0.5667454 0.5603704 0.5450967 0.5818729 0.5659207 0.6197183 0.6019047 0.6650568 0.5777498 0.5728559 0.5972137 0.6159525 0.6429909 0.5513797 0.5750641 0.5631590 0.5800832 0.6057231 0.5877425 0.6890323 0.6958930 0.7235285 0.7033964 0.7489966 0.7468574 0.6553028 0.6781492 0.6157598 0.6048757 0.7051262 0.6700121 0.7376921 0.6448748 0.6391327 0.7623511 0.7716011 0.7697683 0.7262510 0.7315914 0.7812980 0.7617254 
Capsicum_annuum_XP_016544795.1        0.6975357 0.6862157 0.7100701 0.6905326 0.7148234 0.7235704 0.6878885 0.6713318 0.7135612 0.6931553 0.6779586 0.7434945 0.3556393 0.3383518 0.3292549 0.3199085 0.3161693 0.2512942 0.2625101 0.0000000 0.2523119 0.2295001 0.1695798 0.6078715 0.6282974 0.6171035 0.6293876 0.6232879 0.6387535 0.6106872 0.5996547 0.6092144 0.6322584 0.5939721 0.6790273 0.6889223 0.6945150 0.6683513 0.6741438 0.7453802 0.7368091 0.7288580 0.5457812 0.5591775 0.6290233 0.6365329 0.5673334 0.5705104 0.5899573 0.6263378 0.7100070 0.6084968 0.5497565 0.5497008 0.5447733 0.5355377 0.5344266 0.5661448 0.5604224 0.5552944 0.6404671 0.6420069 0.6561453 0.6362297 0.5507365 0.5233866 0.5141866 0.5110606 0.5614722 0.5272828 0.5762908 0.5752595 0.5422341 0.5229900 0.5659144 0.5302693 0.6320040 0.5437742 0.5326487 0.5394933 0.5659795 0.5886451 0.4822161 0.4961189 0.5133966 0.5431527 0.5416293 0.5189660 0.6485982 0.6458214 0.6817321 0.6638058 0.6861584 0.6738188 0.5636400 0.6090298 0.5421718 0.5342623 0.7009410 0.6679614 0.6913456 0.5757637 0.5750958 0.6863048 0.7186636 0.7042740 0.6992371 0.7009256 0.6998275 0.7168180 
Solanum_lycopersicum_NP_001234280.1   0.8184231 0.8023842 0.8105685 0.8178068 0.8258947 0.8257612 0.7273308 0.7214522 0.7920225 0.7645058 0.7496569 0.7850203 0.4844702 0.4484989 0.4450493 0.4485579 0.4490810 0.2558392 0.2737504 0.2523119 0.0000000 0.0503360 0.1221071 0.6276724 0.6285910 0.6121687 0.6185741 0.5975329 0.6168894 0.6155239 0.6001712 0.5958800 0.6190986 0.6051322 0.6567171 0.6325778 0.6349111 0.6578150 0.6957961 0.6627227 0.6573842 0.6409153 0.6415156 0.7126307 0.6611757 0.6692433 0.6387953 0.6476319 0.6262008 0.6456369 0.7004890 0.6424005 0.6660925 0.5960409 0.6031696 0.5922129 0.5911142 0.6199330 0.6051125 0.6127126 0.6745278 0.6797525 0.6742969 0.6657540 0.5884235 0.6295389 0.6072556 0.6288533 0.6476148 0.6083602 0.6424541 0.6321373 0.6155155 0.5923042 0.6465581 0.6135607 0.7210931 0.5822654 0.5602467 0.6172673 0.6480015 0.6863253 0.5828815 0.6086031 0.5894973 0.6241609 0.6677039 0.6538859 0.6859831 0.6917315 0.6968148 0.6834072 0.6992807 0.6875689 0.6832997 0.7036080 0.6288153 0.6248138 0.7209477 0.7472689 0.7585984 0.6594744 0.6493397 0.7583814 0.7886590 0.8179075 0.7464116 0.7866663 0.8081177 0.8067932 
Solanum_pennellii_XP_015074443.2      0.7845598 0.7741775 0.7871020 0.8025394 0.8207784 0.8206560 0.6876895 0.6909655 0.7498832 0.7328969 0.7218887 0.7587899 0.4410171 0.4097039 0.4068072 0.4101465 0.4174619 0.2705856 0.2869112 0.2295001 0.0503360 0.0000000 0.1000875 0.6298562 0.6371209 0.6249214 0.6312751 0.6106229 0.6296145 0.6224544 0.6074231 0.6031925 0.6308335 0.6204901 0.6708710 0.6423275 0.6446754 0.6669384 0.7003496 0.6769632 0.6695956 0.6886265 0.6176207 0.7004264 0.6554765 0.6666542 0.6349912 0.6445955 0.6205283 0.6292525 0.6993391 0.6535509 0.6573137 0.6026659 0.6105845 0.5971750 0.5961206 0.6335887 0.6188366 0.5901046 0.6497943 0.6546356 0.6502492 0.6371294 0.5810495 0.5998894 0.5843854 0.5956992 0.6183561 0.5862511 0.6254227 0.6206853 0.5840562 0.5614767 0.6185971 0.5738472 0.6840162 0.5661931 0.5500469 0.5870343 0.6233337 0.6648876 0.5672526 0.5911916 0.5849976 0.6044481 0.6222895 0.6066892 0.6762221 0.6925855 0.6950081 0.6821606 0.7114861 0.7042839 0.6735119 0.6946158 0.6166330 0.6137697 0.7200416 0.7283486 0.7512355 0.6610811 0.6515599 0.7414977 0.7769150 0.8011543 0.7265480 0.7660090 0.7879425 0.7865353 
Solanum_tuberosum_XP_006345579.1      0.7409716 0.7265894 0.7386937 0.7436011 0.7481508 0.7586582 0.6459674 0.6498046 0.7022887 0.6792211 0.6724275 0.6994967 0.3820239 0.3529698 0.3527741 0.3484234 0.3563088 0.2379012 0.2412823 0.1695798 0.1221071 0.1000875 0.0000000 0.5999905 0.6097316 0.6040189 0.6101781 0.5972678 0.6160300 0.6090352 0.5942236 0.5901064 0.6125025 0.5971534 0.6464778 0.6091637 0.6208715 0.6371574 0.6880400 0.7031706 0.6956633 0.6673131 0.5553429 0.6404154 0.6196562 0.6228346 0.5786670 0.5861686 0.5654720 0.5943210 0.6791924 0.5844095 0.5891483 0.5402525 0.5426406 0.5368362 0.5358234 0.5680835 0.5633328 0.5316241 0.6069760 0.6004367 0.5882136 0.5784112 0.5126072 0.5294082 0.5166807 0.5148831 0.5407757 0.5079457 0.5541776 0.5515945 0.5421219 0.5050576 0.5543582 0.5194318 0.6218790 0.5287251 0.5085934 0.5491399 0.6031700 0.6397001 0.5279759 0.5606978 0.5484639 0.5687106 0.5901010 0.5751157 0.6279167 0.6473597 0.6448526 0.6327345 0.6639719 0.6541687 0.5712272 0.6026821 0.5381188 0.5320231 0.6625530 0.6556511 0.6895189 0.5900895 0.5834149 0.6713482 0.6890119 0.6912082 0.6594865 0.6832876 0.7145150 0.7032866 
Capsicum_annuum_XP_016566390.1        0.5800300 0.5564656 0.5609526 0.5760111 0.5841364 0.5989681 0.5861975 0.5985879 0.7092749 0.5938742 0.6016865 0.6234896 0.5631070 0.5618488 0.5673763 0.5641000 0.5449404 0.6075376 0.6146415 0.6078715 0.6276724 0.6298562 0.5999905 0.0000000 0.0408181 0.0821370 0.0778678 0.0881531 0.0763598 0.0684855 0.0633964 0.0592652 0.1019855 0.0971351 0.1996148 0.2404671 0.2372382 0.2521811 0.2471462 0.4039841 0.4008232 0.3512006 0.5568208 0.4705351 0.4507972 0.4633051 0.4632017 0.4816271 0.4695960 0.4365837 0.5153997 0.4190356 0.4250508 0.3794092 0.3718634 0.3681073 0.3763841 0.3875711 0.3961036 0.4000092 0.4659860 0.4617580 0.4640179 0.4421156 0.3722584 0.4894881 0.4751410 0.5180485 0.5271208 0.5194880 0.5368097 0.5391223 0.5330115 0.5110121 0.5285653 0.4995373 0.6181866 0.5536534 0.5344586 0.5456019 0.5269219 0.5910610 0.4874224 0.5101490 0.5094097 0.5116959 0.5451695 0.5205145 0.4340012 0.4670313 0.4477653 0.4484467 0.5093096 0.5032618 0.5046475 0.5326587 0.4915829 0.4856670 0.4269208 0.4899232 0.4828789 0.5968448 0.6032174 0.6176087 0.6710904 0.6845557 0.6269128 0.6402469 0.6299057 0.6590509 
Capsicum_annuum_XP_016566403.1        0.5995764 0.5747279 0.5777569 0.5900668 0.6053885 0.6204379 0.6134873 0.6192635 0.7333881 0.6180845 0.6203872 0.6444731 0.5904800 0.5856093 0.5929604 0.5896498 0.5784310 0.5931147 0.6106608 0.6282974 0.6285910 0.6371209 0.6097316 0.0408181 0.0000000 0.1029822 0.0986260 0.1080427 0.1009511 0.0901014 0.0846935 0.0821049 0.1145472 0.1145048 0.2197720 0.2597681 0.2563294 0.2657644 0.2721688 0.4396206 0.4349888 0.3838332 0.5835977 0.4892928 0.4829271 0.4899427 0.4925438 0.5095233 0.4984230 0.4646902 0.5261861 0.4466530 0.4387545 0.4050664 0.4007381 0.3939467 0.4024433 0.4096057 0.4254060 0.4163366 0.4769387 0.4726670 0.4677068 0.4458378 0.3778707 0.5064002 0.5093195 0.5533915 0.5534916 0.5396217 0.5606846 0.5577790 0.5500584 0.5212990 0.5562158 0.5263269 0.6358917 0.5704678 0.5567174 0.5702405 0.5696745 0.6077539 0.5115645 0.5348597 0.5290242 0.5343026 0.5684097 0.5430075 0.4577086 0.4947329 0.4772686 0.4760492 0.5076056 0.5058350 0.5527349 0.5844031 0.5344000 0.5266826 0.4284607 0.4983270 0.4938347 0.6241421 0.6307095 0.6316453 0.6891283 0.6854031 0.6425991 0.6554164 0.6495504 0.6775479 
Solanum_lycopersicum_NP_001233922.2   0.5677865 0.5431893 0.5536032 0.5577944 0.5889518 0.6010356 0.5721982 0.5832121 0.6957219 0.6002973 0.5895785 0.6219507 0.5591182 0.5685998 0.5734155 0.5700470 0.5479176 0.5812658 0.6128324 0.6171035 0.6121687 0.6249214 0.6040189 0.0821370 0.1029822 0.0000000 0.0104203 0.0318619 0.0361409 0.0411288 0.0411544 0.0477782 0.1351230 0.1151437 0.2441825 0.2690879 0.2591220 0.2703834 0.2829997 0.4247012 0.4208189 0.3906184 0.5755117 0.4707731 0.4604232 0.4600331 0.4773064 0.4948635 0.4873310 0.4789510 0.5372051 0.4350605 0.4461285 0.4055182 0.4100355 0.3915772 0.4021418 0.4010862 0.4170496 0.4045011 0.4754277 0.4711459 0.4829728 0.4562376 0.4078910 0.4844124 0.4749575 0.5339771 0.5176557 0.5285225 0.5302711 0.5275674 0.5209014 0.5007500 0.5096924 0.4808516 0.6086930 0.5481704 0.5309768 0.5525917 0.5430067 0.5938728 0.4752741 0.4983418 0.4985696 0.5001849 0.5299389 0.5053348 0.4607234 0.4694645 0.4730151 0.4736913 0.5155473 0.5097267 0.4975072 0.5379745 0.5156776 0.5103916 0.4464746 0.5146856 0.4925250 0.5780768 0.5922103 0.6407417 0.6831438 0.6973766 0.6556095 0.6624869 0.6268538 0.6567945 
Solanum_pennellii_XP_015083783.1      0.5744457 0.5502881 0.5601836 0.5673441 0.5966997 0.6080519 0.5645982 0.5785112 0.6898487 0.5948157 0.5875043 0.6166476 0.5589114 0.5752856 0.5801060 0.5766719 0.5530223 0.5877438 0.6185668 0.6293876 0.6185741 0.6312751 0.6101781 0.0778678 0.0986260 0.0104203 0.0000000 0.0295964 0.0295880 0.0435010 0.0344498 0.0410170 0.1322840 0.1145472 0.2382844 0.2614776 0.2516361 0.2648997 0.2859063 0.4212550 0.4186837 0.3873331 0.5690607 0.4727196 0.4655094 0.4644994 0.4780452 0.4943355 0.4880781 0.4789745 0.5372144 0.4306209 0.4499374 0.4056767 0.4101867 0.3917579 0.4023057 0.4007950 0.4167136 0.4039174 0.4686207 0.4643864 0.4760899 0.4466135 0.4109755 0.4825917 0.4641306 0.5197373 0.5037297 0.5157922 0.5235019 0.5203332 0.5168203 0.4942001 0.5082884 0.4796123 0.6066292 0.5361963 0.5288370 0.5535321 0.5389654 0.5962449 0.4706751 0.4935155 0.4937101 0.4953053 0.5252300 0.5008744 0.4600369 0.4664706 0.4736907 0.4743632 0.5156487 0.5098587 0.4986402 0.5274638 0.5208187 0.5154358 0.4487214 0.5113898 0.4919070 0.5801652 0.5931910 0.6419830 0.6860514 0.7061348 0.6553732 0.6653016 0.6285328 0.6586059 
Solanum_tuberosum_XP_006343930.1      0.5789600 0.5539180 0.5722619 0.5793309 0.5957575 0.6071827 0.5732363 0.5827135 0.6880134 0.6096570 0.6031629 0.6201760 0.5626575 0.5688370 0.5736529 0.5702822 0.5542298 0.5861587 0.6046972 0.6232879 0.5975329 0.6106229 0.5972678 0.0881531 0.1080427 0.0318619 0.0295964 0.0000000 0.0167431 0.0618804 0.0525041 0.0457770 0.1330056 0.1100997 0.2334514 0.2645129 0.2546260 0.2690667 0.2892978 0.4009432 0.3971297 0.3704174 0.5729310 0.4735130 0.4583757 0.4688513 0.4778452 0.4959402 0.4922153 0.4695584 0.5373336 0.4191815 0.4460879 0.4006121 0.4033491 0.3866998 0.3972433 0.4037363 0.4197362 0.3850084 0.4588550 0.4546923 0.4641094 0.4349764 0.3897839 0.4745430 0.4630879 0.5096436 0.4885705 0.5214271 0.5182488 0.5150629 0.4963949 0.4829406 0.4973203 0.4689969 0.5745932 0.5372782 0.5302188 0.5401025 0.5323373 0.5754901 0.4688115 0.4914998 0.4874071 0.4898910 0.5263791 0.5021641 0.4664964 0.4714304 0.4765740 0.4772514 0.5048210 0.4991278 0.5068797 0.5360630 0.5069133 0.4933328 0.4463551 0.5137954 0.5037342 0.5934778 0.6066812 0.6465922 0.7056569 0.7260919 0.6686773 0.6778048 0.6523750 0.6734082 
Solanum_tuberosum_XP_015162628.1      0.5951653 0.5706033 0.5831613 0.5867730 0.6146186 0.6261487 0.5737738 0.5854269 0.6887590 0.6085257 0.6011827 0.6092863 0.5654594 0.5710635 0.5766050 0.5732226 0.5569516 0.5984114 0.6150281 0.6387535 0.6168894 0.6296145 0.6160300 0.0763598 0.1009511 0.0361409 0.0295880 0.0167431 0.0000000 0.0550063 0.0457386 0.0279566 0.1301563 0.1091135 0.2231114 0.2492147 0.2407910 0.2555951 0.2790392 0.3992975 0.3955111 0.3666435 0.5660538 0.4728772 0.4503105 0.4676894 0.4655182 0.4858507 0.4794094 0.4570933 0.5205212 0.4191136 0.4433658 0.3870120 0.3911081 0.3748561 0.3853503 0.4001152 0.4088979 0.3813947 0.4615335 0.4573719 0.4553468 0.4263579 0.3889962 0.4700150 0.4597256 0.5048587 0.4893001 0.5217611 0.5132005 0.5100072 0.4972968 0.4823671 0.4903332 0.4620738 0.5681890 0.5389629 0.5331412 0.5300907 0.5340183 0.5717953 0.4735542 0.4963742 0.4922785 0.4936027 0.5258198 0.5015915 0.4618995 0.4680169 0.4714828 0.4721606 0.5132578 0.5069042 0.5067067 0.5356861 0.5102364 0.5050157 0.4359876 0.5052155 0.5029598 0.5904622 0.6035837 0.6519963 0.7043129 0.7248049 0.6640161 0.6694550 0.6482641 0.6701927 
Solanum_lycopersicum_NP_001266271.2   0.5612757 0.5375252 0.5472010 0.5585614 0.5780765 0.5986901 0.5785836 0.5872020 0.7028995 0.5889773 0.5833264 0.6197070 0.5643595 0.5658248 0.5731911 0.5698339 0.5504987 0.6155543 0.6280522 0.6106872 0.6155239 0.6224544 0.6090352 0.0684855 0.0901014 0.0411288 0.0435010 0.0618804 0.0550063 0.0000000 0.0125894 0.0340367 0.1168916 0.1096378 0.2315031 0.2550543 0.2451904 0.2628393 0.2738522 0.4257215 0.4218598 0.3898222 0.5593045 0.4671801 0.4541983 0.4540787 0.4695403 0.4845164 0.4793496 0.4607177 0.5293519 0.4437929 0.4476096 0.3956554 0.3933683 0.3852074 0.3957424 0.3998254 0.4157257 0.3781730 0.4583476 0.4541967 0.4736264 0.4471568 0.3720315 0.4789094 0.4530083 0.5144463 0.4996745 0.5064192 0.5059747 0.5138093 0.4979254 0.4784541 0.4925578 0.4653446 0.5863143 0.5176899 0.5020014 0.5373754 0.5267525 0.5805884 0.4523398 0.4748101 0.4755703 0.4778472 0.5041558 0.4804073 0.4488049 0.4553459 0.4527000 0.4561919 0.5051069 0.4990685 0.4976884 0.5256386 0.5015925 0.4955051 0.4250541 0.4737701 0.4722795 0.5874462 0.5974840 0.6112270 0.6643364 0.6663349 0.6160200 0.6294264 0.6032579 0.6307955 
Solanum_pennellii_XP_015083908.1      0.5534902 0.5299089 0.5394833 0.5508530 0.5794333 0.5905202 0.5662478 0.5772734 0.6910194 0.5788261 0.5732688 0.6093744 0.5503625 0.5511100 0.5584693 0.5552431 0.5388983 0.5994763 0.6111371 0.5996547 0.6001712 0.6074231 0.5942236 0.0633964 0.0846935 0.0411544 0.0344498 0.0525041 0.0457386 0.0125894 0.0000000 0.0252724 0.1110208 0.0992991 0.2209529 0.2481902 0.2384608 0.2580513 0.2665222 0.4130291 0.4092054 0.3776959 0.5501735 0.4681875 0.4472752 0.4464008 0.4581966 0.4729279 0.4676533 0.4535005 0.5249896 0.4395333 0.4392922 0.3843756 0.3855540 0.3774555 0.3878545 0.3884928 0.4041417 0.3759437 0.4531624 0.4490499 0.4683361 0.4391142 0.3753745 0.4767721 0.4441835 0.4981785 0.4852376 0.5052192 0.5043486 0.5061894 0.4932217 0.4728458 0.4879756 0.4610493 0.5804870 0.5241046 0.5028549 0.5351386 0.5205880 0.5733915 0.4522222 0.4746063 0.4741759 0.4776309 0.5038238 0.4801753 0.4473400 0.4516826 0.4489900 0.4524565 0.5057975 0.4998037 0.4893799 0.5156783 0.4972743 0.4912479 0.4199666 0.4682021 0.4808974 0.5779558 0.5867585 0.6094212 0.6627117 0.6754481 0.6174524 0.6316454 0.6061914 0.6318779 
Solanum_tuberosum_XP_006343931.1      0.5483803 0.5249960 0.5367446 0.5406909 0.5688101 0.5797565 0.5675330 0.5763272 0.6767976 0.5794486 0.5815658 0.5907490 0.5483265 0.5535739 0.5591303 0.5559246 0.5402273 0.5887853 0.6078506 0.6092144 0.5958800 0.6031925 0.5901064 0.0592652 0.0821049 0.0477782 0.0410170 0.0457770 0.0279566 0.0340367 0.0252724 0.0000000 0.1127432 0.0987276 0.2104911 0.2367807 0.2285071 0.2505153 0.2654389 0.4021933 0.3984107 0.3700359 0.5400567 0.4609104 0.4324780 0.4449567 0.4442046 0.4615477 0.4550736 0.4395400 0.5053579 0.4234529 0.4157014 0.3621479 0.3630368 0.3598884 0.3681876 0.3795854 0.3880775 0.3649237 0.4513970 0.4473070 0.4484460 0.4196114 0.3624812 0.4764283 0.4489299 0.4932358 0.4870705 0.5006464 0.5028239 0.5046470 0.4871189 0.4683089 0.4728653 0.4462644 0.5556016 0.5380632 0.5169171 0.5290224 0.5326843 0.5760871 0.4602833 0.4827524 0.4786631 0.4797479 0.5103302 0.4866484 0.4403712 0.4462591 0.4429958 0.4436740 0.4992754 0.4930266 0.4974075 0.5231114 0.4877189 0.4818355 0.4152969 0.4732807 0.4749089 0.5798843 0.5846119 0.6219814 0.6759037 0.6878252 0.6301094 0.6336861 0.6207484 0.6397472 
Nicotiana_attenuata_XP_019263338.1    0.5775477 0.5489458 0.5672833 0.5763552 0.5912784 0.5987160 0.5674046 0.5949309 0.7019126 0.6035918 0.6064721 0.6359822 0.5747417 0.5738444 0.5771858 0.5740330 0.5439757 0.6321477 0.6278086 0.6322584 0.6190986 0.6308335 0.6125025 0.1019855 0.1145472 0.1351230 0.1322840 0.1330056 0.1301563 0.1168916 0.1110208 0.1127432 0.0000000 0.0896182 0.1750625 0.2444061 0.2441957 0.2586355 0.2313139 0.3951978 0.3914135 0.3477877 0.5461251 0.4633916 0.4529030 0.4607696 0.4561685 0.4689538 0.4731316 0.4469025 0.5213170 0.3919570 0.4132837 0.3715704 0.3593106 0.3551636 0.3652038 0.3785353 0.3888836 0.3591652 0.4307846 0.4269270 0.4350372 0.4202735 0.3398931 0.4728347 0.4685829 0.5275867 0.5169587 0.5174245 0.5296963 0.5360698 0.5188889 0.5034172 0.5204681 0.4892616 0.6024616 0.5292769 0.5160448 0.5540909 0.5466056 0.5893418 0.5045249 0.5297646 0.5280159 0.5337202 0.5406345 0.5162457 0.4252566 0.4575183 0.4550046 0.4573681 0.4606989 0.4647561 0.5280044 0.5657176 0.5138981 0.5009634 0.3998550 0.4598719 0.4429435 0.5592361 0.5654776 0.6052158 0.6660064 0.6886986 0.6193958 0.6291789 0.6183705 0.6394500 
Nicotiana_attenuata_XP_019263339.1    0.5487554 0.5254620 0.5407911 0.5532556 0.5655767 0.5729205 0.5379619 0.5685815 0.6709535 0.5792981 0.5711996 0.6058840 0.5501645 0.5567048 0.5600986 0.5569104 0.5257691 0.5949081 0.5885105 0.5939721 0.6051322 0.6204901 0.5971534 0.0971351 0.1145048 0.1151437 0.1145472 0.1100997 0.1091135 0.1096378 0.0992991 0.0987276 0.0896182 0.0000000 0.1845647 0.2448060 0.2402111 0.2507852 0.2324381 0.3719275 0.3670506 0.3335093 0.5342285 0.4609321 0.4466957 0.4617603 0.4644143 0.4794761 0.4776915 0.4554392 0.5491150 0.3859199 0.4298939 0.3628396 0.3603866 0.3575487 0.3672135 0.3839501 0.3944062 0.3563398 0.4435599 0.4395739 0.4391798 0.4112097 0.3632236 0.4553062 0.4533538 0.4952717 0.5021022 0.5161735 0.5242951 0.5207148 0.5025733 0.4904067 0.5181761 0.4874947 0.5856525 0.5199784 0.5084304 0.5304844 0.5260098 0.5460012 0.4879066 0.5118666 0.5084520 0.5193650 0.5348768 0.5115137 0.4117628 0.4362393 0.4407453 0.4396509 0.4931698 0.4944290 0.5118018 0.5180210 0.4864968 0.4751977 0.4230252 0.4773825 0.4862695 0.5557750 0.5701965 0.6149518 0.6753624 0.6892958 0.6207502 0.6358809 0.6141154 0.6332536 
Nicotiana_attenuata_XP_019240223.1    0.5817289 0.5641555 0.5827781 0.5743413 0.6115326 0.6176697 0.6062250 0.6262362 0.7313828 0.6112364 0.6129867 0.6626012 0.5741490 0.5567736 0.5605437 0.5558446 0.5456774 0.6698227 0.6784866 0.6790273 0.6567171 0.6708710 0.6464778 0.1996148 0.2197720 0.2441825 0.2382844 0.2334514 0.2231114 0.2315031 0.2209529 0.2104911 0.1750625 0.1845647 0.0000000 0.1636361 0.1576044 0.1506267 0.2167496 0.4260794 0.4160717 0.3812584 0.5370754 0.4804945 0.4616490 0.4544089 0.4715817 0.4723067 0.4740087 0.4630212 0.5175809 0.3966510 0.4317381 0.3709851 0.3683018 0.3757530 0.3734565 0.3768996 0.3853634 0.3819607 0.4242929 0.4191313 0.4349306 0.4145872 0.3686646 0.4962567 0.5190646 0.5492203 0.5246011 0.5302689 0.5267344 0.5293644 0.5336552 0.5374111 0.5307998 0.4913436 0.6048889 0.5740957 0.5439058 0.5695802 0.5541861 0.5968650 0.5635294 0.5824654 0.5733491 0.5799276 0.5565715 0.5393389 0.4628876 0.4661390 0.4373546 0.4397376 0.4280300 0.4284402 0.5215866 0.5901292 0.5175767 0.5106511 0.4303213 0.4967723 0.4872753 0.6175432 0.6282927 0.6343120 0.6973330 0.7170497 0.6417941 0.6510924 0.6382376 0.6648851 
