109
Arabidopsis_lyrata_XP_002883407.1     0.0000000 0.0656804 0.0457822 0.0610809 0.1454933 0.1469077 0.1274164 0.1295356 0.9436801 0.9364392 0.9378257 0.9312989 0.9242315 0.9230604 0.9285234 0.9284176 0.8873898 0.9024857 0.8723463 0.9043403 0.9808957 0.9363180 0.9295494 0.9389576 0.9325987 0.8121548 0.7770560 0.7673085 0.8315889 0.7827412 0.7627990 0.8707812 0.8971729 0.8960216 0.8213100 0.8217924 0.8217924 0.7840272 0.7905344 0.8587386 0.8622974 0.8735823 0.9063517 0.9164512 0.8320345 0.8304515 0.7803277 0.7863095 0.8455735 0.9568664 0.9543857 0.9784531 0.9503280 0.9274723 0.9166786 0.9509557 1.0108060 0.9214997 0.9869572 0.9717387 0.7429488 0.7267255 0.7515526 0.7470819 0.7473749 0.7614614 0.7309892 0.9716718 0.5770301 0.5953869 0.5953341 0.5941989 0.6029441 0.5840478 0.6241206 0.6213038 0.6311825 0.6357598 0.6156561 0.6243014 0.6021739 0.6071099 0.5833290 0.5507767 0.5642811 0.5709779 0.5814089 0.5825660 0.6761230 0.5852362 0.5868024 0.6730156 0.6342710 0.6511240 0.6509261 0.7375584 0.5518197 0.6281268 0.7351752 0.7404035 0.7489854 0.7697559 0.7619570 0.7726355 0.7955948 0.9076267 0.8106381 0.8193604 0.8665399 
Arabidopsis_thaliana_NP_001326955.1   0.0656804 0.0000000 0.0152414 0.0786794 0.1737469 0.1733773 0.1513863 0.1559586 1.0083343 0.9940928 0.9936209 0.9887403 0.9837297 0.9821350 0.9577093 0.9608437 0.9079717 0.9238270 0.8905581 0.9290260 0.9968892 0.9428623 0.9467972 0.9521096 0.9522811 0.7964413 0.7362915 0.7799724 0.8964613 0.7761102 0.7604930 0.8608798 0.8846177 0.8846177 0.8080889 0.8129231 0.8129231 0.7713775 0.7952061 0.8572270 0.8639377 0.8759457 0.8434471 0.8554411 0.8544493 0.8344266 0.7861348 0.7908808 0.8268660 0.9566810 0.9768443 1.0115156 0.9059382 0.9239552 0.9213513 0.9268054 1.0200868 0.9196023 0.9362081 0.9690917 0.7048091 0.7015119 0.7105233 0.7084261 0.7006508 0.7423419 0.7101522 0.9429309 0.5742910 0.6013620 0.5835983 0.5891032 0.6307644 0.5891599 0.6164911 0.6164911 0.6150337 0.6208819 0.6097551 0.6120378 0.5971590 0.5994800 0.5953254 0.5966087 0.5860442 0.5894007 0.6258296 0.6234625 0.6115847 0.6314973 0.6290054 0.7554317 0.7283855 0.6496570 0.6531654 0.6700632 0.5695589 0.6472207 0.7366554 0.7225098 0.7864579 0.7952434 0.7570923 0.8296485 0.8027219 0.9232083 0.8024946 0.8099033 0.8700596 
Arabidopsis_thaliana_NP_188956.1      0.0457822 0.0152414 0.0000000 0.0557915 0.1416694 0.1430611 0.1231254 0.1250255 0.9340654 0.9247782 0.9282759 0.9192120 0.9161827 0.9150180 0.9341140 0.9340354 0.8871098 0.9021598 0.8728151 0.9076315 0.9806084 0.9370548 0.9376588 0.9383171 0.9357413 0.7766761 0.7618707 0.7470702 0.8183262 0.7513706 0.7424735 0.8316462 0.8595071 0.8592612 0.7963788 0.7884943 0.7884943 0.7680358 0.7826116 0.8474847 0.8480603 0.8622618 0.8950479 0.9089923 0.8195252 0.8154096 0.7694437 0.7768939 0.8175315 0.9329444 0.9446018 0.9656206 0.9175849 0.9232761 0.9064251 0.9225128 0.9881124 0.8943916 0.9626440 0.9434771 0.7332253 0.7129666 0.7336297 0.7317991 0.7226720 0.7362750 0.7062650 0.9571185 0.5821063 0.6053348 0.6006521 0.5962292 0.6042194 0.5661174 0.6116354 0.6088381 0.6151666 0.6196494 0.5981969 0.6066324 0.5898516 0.5947230 0.5839008 0.5577272 0.5692816 0.5720723 0.5868818 0.5880392 0.6823454 0.5805596 0.5821161 0.6637554 0.6393152 0.6402554 0.6400674 0.7277084 0.5511116 0.6386848 0.7503553 0.7695652 0.7417826 0.7624131 0.7552240 0.7755908 0.7978604 0.9177707 0.7860776 0.7951788 0.8400052 
Capsella_rubella_XP_006297036.1       0.0610809 0.0786794 0.0557915 0.0000000 0.1332930 0.1346067 0.1158474 0.1156822 0.8984887 0.8895266 0.8929457 0.8876614 0.8871617 0.8883149 0.8979215 0.8976683 0.8622153 0.8770507 0.8488510 0.8772137 0.9425540 0.9022779 0.8975680 0.9027317 0.8946217 0.7825658 0.7527743 0.7251054 0.8092461 0.7400545 0.7303818 0.8191071 0.8459662 0.8457029 0.7886072 0.7800548 0.7800548 0.7569150 0.7472888 0.8268153 0.8274637 0.8366073 0.8524354 0.8597982 0.7965668 0.8020442 0.7470189 0.7539318 0.8128077 0.9320055 0.9341539 0.9556883 0.9261448 0.9105207 0.9005936 0.9140563 0.9816850 0.8845632 0.9468549 0.9330202 0.7229198 0.7119085 0.7271561 0.7253447 0.7231264 0.7386865 0.6935411 0.9479926 0.5832085 0.6004252 0.5892926 0.5875360 0.5942708 0.5557579 0.5995968 0.5968212 0.6147295 0.6192351 0.5899645 0.5994098 0.5726699 0.5766508 0.5628815 0.5490635 0.5590068 0.5644678 0.5767418 0.5738500 0.6527179 0.5757118 0.5790412 0.6608829 0.6406909 0.6365540 0.6363695 0.7216528 0.5289998 0.6538881 0.7515954 0.7697776 0.7329985 0.7534878 0.7629210 0.7869894 0.8039207 0.8752424 0.7833026 0.7888111 0.8349688 
Brassica_oleracea_XP_013609348.1      0.1454933 0.1737469 0.1416694 0.1332930 0.0000000 0.0154914 0.0979032 0.1000117 0.8602567 0.8517355 0.8550357 0.8458419 0.8461668 0.8472964 0.8234632 0.8228654 0.7756209 0.7895111 0.7615252 0.8048295 0.9311106 0.8869445 0.8823390 0.8799152 0.8869212 0.7558695 0.7260813 0.6999595 0.7712087 0.7077005 0.6951598 0.7963809 0.8112554 0.8109529 0.7474711 0.7418022 0.7418022 0.7223424 0.7169926 0.7824487 0.7998042 0.7935638 0.8328067 0.8205506 0.7716680 0.7662386 0.7331766 0.7399028 0.7793105 0.9174942 0.9204128 0.9459229 0.9069406 0.8928439 0.8820361 0.9150257 0.9775568 0.8868152 0.9698121 0.9347222 0.6790803 0.6696084 0.6827597 0.6794985 0.6849671 0.6894427 0.6572228 0.9044000 0.5321182 0.5585449 0.5440693 0.5312261 0.5366828 0.5170498 0.5526172 0.5499980 0.5653686 0.5694971 0.5411498 0.5497799 0.5254912 0.5310699 0.5341399 0.5285763 0.5321763 0.5354600 0.5514481 0.5459521 0.6276945 0.5480660 0.5540567 0.6369047 0.6195899 0.6198722 0.6189824 0.7040543 0.4919906 0.6066263 0.7027431 0.6954784 0.6986209 0.7183230 0.7159731 0.7343731 0.7410681 0.8270167 0.7630015 0.7745914 0.8130203 
Brassica_rapa_XP_009108178.1          0.1469077 0.1733773 0.1430611 0.1346067 0.0154914 0.0000000 0.1028899 0.1052752 0.8623826 0.8538388 0.8571449 0.8479303 0.8482595 0.8493902 0.8260518 0.8219373 0.7872275 0.8012372 0.7729558 0.8107326 0.9320810 0.8874956 0.8828981 0.8804799 0.8875874 0.7611427 0.7358005 0.7097844 0.7844485 0.7159450 0.7036444 0.8087527 0.8256402 0.8253539 0.7592452 0.7535302 0.7535302 0.7223902 0.7262861 0.7899793 0.8065088 0.7971279 0.8411312 0.8247000 0.7786190 0.7731106 0.7434446 0.7502841 0.7922977 0.9245994 0.9275221 0.9538890 0.9139825 0.8926547 0.8818704 0.9152038 0.9807201 0.8870934 0.9697861 0.9289076 0.6822000 0.6693664 0.6818244 0.6785732 0.6840281 0.6876798 0.6563254 0.9058515 0.5394320 0.5659800 0.5497812 0.5397630 0.5349036 0.5193451 0.5559476 0.5533220 0.5687623 0.5729089 0.5444463 0.5521944 0.5262280 0.5318277 0.5394743 0.5318913 0.5312073 0.5387954 0.5526607 0.5471514 0.6226983 0.5519868 0.5580025 0.6418122 0.6246743 0.6196378 0.6243759 0.7144317 0.4919964 0.6180910 0.7106981 0.7030151 0.7062668 0.7261101 0.7007856 0.7277235 0.7380523 0.8333600 0.7702004 0.7818339 0.8207667 
Eutrema_salsugineum_XP_006406074.1    0.1274164 0.1513863 0.1231254 0.1158474 0.0979032 0.1028899 0.0000000 0.0000010 0.8592677 0.8507248 0.8540347 0.8470499 0.8525649 0.8537029 0.8471428 0.8466532 0.8046272 0.8188195 0.7901656 0.8275496 0.8925774 0.8738437 0.8680254 0.8691839 0.8496094 0.7557781 0.7328432 0.7042973 0.7612896 0.6985244 0.7085818 0.7844343 0.8023210 0.8020069 0.7353285 0.7248035 0.7248035 0.7132109 0.7269055 0.7673597 0.7887294 0.7874297 0.8273987 0.8215344 0.7613282 0.7590278 0.7258252 0.7325111 0.7700690 0.8945256 0.8901318 0.9052302 0.8854084 0.8750376 0.8607073 0.8897599 0.9383003 0.8676757 0.9293405 0.9161175 0.6586809 0.6354751 0.6545672 0.6529234 0.6553356 0.6738722 0.6446399 0.8934485 0.5525547 0.5651756 0.5658516 0.5604302 0.5261249 0.5268514 0.5641673 0.5614930 0.5702151 0.5744141 0.5552686 0.5641614 0.5507048 0.5565110 0.5363064 0.5302289 0.5202737 0.5194355 0.5409515 0.5418586 0.6235456 0.5336180 0.5391056 0.6146094 0.5817093 0.6086448 0.6084908 0.6993668 0.5019152 0.6200377 0.7218725 0.7079188 0.7133538 0.7266283 0.7087781 0.7200086 0.7140088 0.8480715 0.7327042 0.7457100 0.7794651 
Eutrema_salsugineum_XP_024014823.1    0.1295356 0.1559586 0.1250255 0.1156822 0.1000117 0.1052752 0.0000010 0.0000000 0.8769277 0.8677543 0.8712820 0.8638036 0.8697538 0.8709599 0.8858670 0.8855415 0.8482747 0.8636868 0.8324604 0.8616238 0.9130216 0.9035764 0.8977607 0.9013078 0.8733233 0.7844999 0.7484242 0.7282681 0.7974128 0.7201414 0.7243055 0.8075471 0.8267492 0.8264477 0.7542476 0.7417786 0.7417786 0.7261557 0.7501968 0.7900732 0.8142231 0.8128862 0.8633567 0.8570574 0.7803210 0.7805297 0.7471293 0.7543793 0.7871905 0.8900450 0.8848067 0.9002240 0.8838118 0.8899841 0.8773732 0.9039888 0.9607168 0.8792270 0.9391959 0.9391553 0.6985109 0.6661339 0.6869960 0.6851823 0.6876723 0.6954591 0.6706222 0.9397753 0.5653649 0.5830884 0.5816937 0.5756461 0.5352092 0.5412110 0.5749865 0.5721445 0.5833692 0.5878804 0.5625975 0.5720734 0.5682739 0.5745827 0.5517752 0.5342803 0.5334028 0.5323308 0.5516446 0.5496479 0.6438012 0.5438225 0.5496672 0.6325068 0.5981073 0.6181987 0.6180247 0.7157602 0.5144487 0.6215317 0.7250163 0.7257680 0.7249515 0.7390616 0.7225262 0.7464756 0.7268025 0.8614274 0.7438739 0.7540954 0.7904424 
Arabidopsis_lyrata_XP_020886591.1     0.9436801 1.0083343 0.9340654 0.8984887 0.8602567 0.8623826 0.8592677 0.8769277 0.0000000 0.0065353 0.0091677 0.0265323 0.0542173 0.0500974 0.6432624 0.6477896 0.6553361 0.6534439 0.6262306 0.6537188 0.7482228 0.7047320 0.6956126 0.6877392 0.6960751 0.4798519 0.5054563 0.4673237 0.5323033 0.4447383 0.4631427 0.5424522 0.5415916 0.5411364 0.5066905 0.4926171 0.4926171 0.5291884 0.5535961 0.5609574 0.5551447 0.5490356 0.6278919 0.6204274 0.5643899 0.5381109 0.5272935 0.5232156 0.5337640 0.6956946 0.6815841 0.7165480 0.7251433 0.6596823 0.6479668 0.6583379 0.7083481 0.6511179 0.7009318 0.6555564 0.8706591 0.8247708 0.8222955 0.8326716 0.8204413 0.8671653 0.8667440 1.1298205 0.8077847 0.8031153 0.8040594 0.8021965 0.7214806 0.7486824 0.7698221 0.7667102 0.7810152 0.7864542 0.7455932 0.7530279 0.7258659 0.7298445 0.6751182 0.7121587 0.7669047 0.7549502 0.7424169 0.7446175 0.8759796 0.7198489 0.7270680 0.8163236 0.8078063 0.7667185 0.7575244 0.8923137 0.7222901 0.8921781 0.9651279 0.9701335 0.8160711 0.8222376 0.9182893 0.8713594 0.9089728 0.6819139 0.7820944 0.7775230 0.8016601 
Arabidopsis_thaliana_NP_187108.1      0.9364392 0.9940928 0.9247782 0.8895266 0.8517355 0.8538388 0.8507248 0.8677543 0.0065353 0.0000000 0.0104554 0.0277989 0.0568440 0.0527279 0.6384061 0.6428777 0.6504172 0.6485327 0.6215361 0.6485399 0.7424927 0.6994011 0.6903482 0.6825431 0.6918269 0.4757374 0.5012170 0.4674673 0.5321312 0.4431674 0.4614841 0.5418931 0.5396312 0.5405819 0.5034135 0.4908030 0.4908030 0.5286914 0.5493820 0.5599135 0.5541341 0.5480536 0.6231807 0.6157597 0.5633339 0.5371946 0.5264278 0.5223671 0.5302931 0.6903605 0.6757090 0.7097446 0.7164923 0.6609691 0.6492730 0.6518005 0.6997252 0.6445779 0.6939460 0.6510296 0.8612363 0.8189455 0.8164458 0.8267560 0.8146209 0.8605327 0.8564617 1.1206333 0.8034053 0.7987482 0.7997098 0.7989383 0.7201343 0.7475231 0.7685776 0.7654782 0.7797183 0.7851321 0.7444495 0.7518476 0.7248090 0.7287684 0.6758491 0.7113990 0.7638446 0.7487826 0.7403680 0.7434565 0.8680887 0.7188316 0.7260114 0.8145487 0.8059637 0.7612988 0.7521643 0.8858276 0.7186041 0.8888258 0.9618069 0.9690797 0.8108319 0.8169652 0.9072532 0.8605253 0.9019617 0.6766501 0.7734790 0.7689473 0.7924094 
Capsella_rubella_XP_006297039.1       0.9378257 0.9936209 0.9282759 0.8929457 0.8550357 0.8571449 0.8540347 0.8712820 0.0091677 0.0104554 0.0000000 0.0278126 0.0568714 0.0527534 0.6335490 0.6379742 0.6455218 0.6436410 0.6182207 0.6439135 0.7369992 0.6942013 0.6851944 0.6774398 0.6876528 0.4745504 0.4939923 0.4611994 0.5237944 0.4346097 0.4566607 0.5350484 0.5341746 0.5337267 0.4953605 0.4857840 0.4857840 0.5189926 0.5454300 0.5551685 0.5494379 0.5433798 0.6142680 0.6068876 0.5597113 0.5337077 0.5209415 0.5168819 0.5314585 0.6880135 0.6731119 0.7067792 0.7177510 0.6536562 0.6420553 0.6483235 0.6952303 0.6417599 0.6928348 0.6485545 0.8609976 0.8164989 0.8158680 0.8261637 0.8149447 0.8532918 0.8494842 1.1140258 0.7976128 0.7929705 0.7994969 0.7987284 0.7110771 0.7441653 0.7670198 0.7639272 0.7781276 0.7835259 0.7411097 0.7482594 0.7215466 0.7254849 0.6691358 0.7060576 0.7589855 0.7424263 0.7343632 0.7365066 0.8652449 0.7120346 0.7191843 0.8063217 0.7971952 0.7568185 0.7477258 0.8806938 0.7119515 0.8803855 0.9548339 0.9583241 0.8025056 0.8086084 0.9072054 0.8639137 0.8960328 0.6723761 0.7723908 0.7678607 0.7912570 
Eutrema_salsugineum_XP_006408177.1    0.9312989 0.9887403 0.9192120 0.8876614 0.8458419 0.8479303 0.8470499 0.8638036 0.0265323 0.0277989 0.0278126 0.0000000 0.0429281 0.0415640 0.6318273 0.6362370 0.6437882 0.6419086 0.6151274 0.6409338 0.7327823 0.6883815 0.6808648 0.6696727 0.6782041 0.4699356 0.4913852 0.4508517 0.5102434 0.4313491 0.4483010 0.5404668 0.5361575 0.5357087 0.4991549 0.4852760 0.4852760 0.5187635 0.5470736 0.5522863 0.5509381 0.5448706 0.6178554 0.6104568 0.5594662 0.5334567 0.5220847 0.5180273 0.5280316 0.6824117 0.6669359 0.6996852 0.7073544 0.6592691 0.6469208 0.6431738 0.6884848 0.6364948 0.6872648 0.6511818 0.8330710 0.7961673 0.7972027 0.8092381 0.7961577 0.8403797 0.8296948 1.0905360 0.7832079 0.7786049 0.7857344 0.7810179 0.7016013 0.7266731 0.7514699 0.7484126 0.7615510 0.7668513 0.7291162 0.7360900 0.7045438 0.7083739 0.6670964 0.6992371 0.7503005 0.7393945 0.7292552 0.7313618 0.8553266 0.7073895 0.7145054 0.8004694 0.7909864 0.7471741 0.7381580 0.8696702 0.6991042 0.8595836 0.9494379 0.9448248 0.7985314 0.8046185 0.8857504 0.8468715 0.8802515 0.6602739 0.7687253 0.7641988 0.7873811 
Brassica_oleracea_XP_013628174.1      0.9242315 0.9837297 0.9161827 0.8871617 0.8461668 0.8482595 0.8525649 0.8697538 0.0542173 0.0568440 0.0568714 0.0429281 0.0000000 0.0065224 0.6259693 0.6303383 0.6367159 0.6348325 0.6081572 0.6359607 0.7347852 0.6859495 0.6784408 0.6748710 0.6908914 0.4642813 0.4977909 0.4620528 0.5115659 0.4495557 0.4690025 0.5461820 0.5410334 0.5405820 0.5146132 0.4991269 0.4991269 0.5126386 0.5508892 0.5564539 0.5503114 0.5442774 0.6205105 0.6131496 0.5510455 0.5288677 0.5187295 0.5134599 0.5396943 0.6769420 0.6593905 0.6912944 0.7082666 0.6566336 0.6464327 0.6448126 0.6812315 0.6423343 0.6888547 0.6523136 0.8427472 0.8025605 0.8089992 0.8211046 0.8079060 0.8425185 0.8345927 1.0927983 0.7932883 0.7917287 0.7974076 0.7917465 0.7040727 0.7311198 0.7521055 0.7490531 0.7689316 0.7742645 0.7336832 0.7407156 0.7052503 0.7049026 0.6717774 0.7064019 0.7573513 0.7491660 0.7324370 0.7347156 0.8609810 0.7097422 0.7181817 0.8045644 0.7818913 0.7469752 0.7379798 0.8691982 0.7102855 0.8701674 0.9533920 0.9430706 0.7961990 0.8007136 0.8953713 0.8639308 0.8870850 0.6559326 0.7872642 0.7865321 0.8123645 
Brassica_rapa_XP_009124993.1          0.9230604 0.9821350 0.9150180 0.8883149 0.8472964 0.8493902 0.8537029 0.8709599 0.0500974 0.0527279 0.0527534 0.0415640 0.0065224 0.0000000 0.6295336 0.6339280 0.6414155 0.6395315 0.6127428 0.6388386 0.7318594 0.6845744 0.6770820 0.6735180 0.6854465 0.4618733 0.4900075 0.4605436 0.5095743 0.4435659 0.4633084 0.5395729 0.5344352 0.5339884 0.5068902 0.4928819 0.4928819 0.5066846 0.5446984 0.5527562 0.5447841 0.5406338 0.6131122 0.6081954 0.5482076 0.5261451 0.5150575 0.5110255 0.5353429 0.6771595 0.6596303 0.6915699 0.7018809 0.6595139 0.6492863 0.6387767 0.6734854 0.6362412 0.6824818 0.6470752 0.8437711 0.8033838 0.8038462 0.8159200 0.8027740 0.8343705 0.8239826 1.0918626 0.7900014 0.7884430 0.7927928 0.7895831 0.7001640 0.7293738 0.7516875 0.7486341 0.7592509 0.7645313 0.7341224 0.7388515 0.7024303 0.7020773 0.6716142 0.7067402 0.7553474 0.7469556 0.7304614 0.7327318 0.8584587 0.7075688 0.7126488 0.7979633 0.7748745 0.7450683 0.7360823 0.8671024 0.7089086 0.8674827 0.9526560 0.9380746 0.7968072 0.8028694 0.8887539 0.8544622 0.8778177 0.6581765 0.7873271 0.7865952 0.8112565 
Capsicum_annuum_XP_016550879.1        0.9285234 0.9577093 0.9341140 0.8979215 0.8234632 0.8260518 0.8471428 0.8858670 0.6432624 0.6384061 0.6335490 0.6318273 0.6259693 0.6295336 0.0000000 0.0000010 0.0590300 0.0619675 0.0575491 0.0799899 0.3170440 0.2499240 0.2502356 0.2455788 0.2569632 0.4967455 0.4772274 0.4354581 0.4593507 0.4543182 0.4419358 0.5200811 0.5267288 0.5255546 0.4836336 0.4779923 0.4779923 0.4413682 0.4707089 0.5177041 0.5230848 0.5087282 0.5845948 0.5611133 0.4945889 0.5013829 0.4748871 0.4799396 0.5157064 0.6648559 0.6471165 0.6829229 0.6824913 0.5730525 0.5656807 0.5757072 0.6269788 0.5726957 0.6238502 0.6197884 0.7721251 0.7299574 0.7424868 0.7322890 0.7378567 0.7343056 0.7220019 0.9047230 0.7292290 0.7083445 0.7332250 0.7103929 0.6251824 0.6543328 0.6660487 0.6655496 0.6864808 0.6864004 0.6455916 0.6547683 0.6330870 0.6376337 0.5949127 0.6225475 0.6412457 0.6281624 0.6885439 0.6866574 0.7943483 0.6509155 0.6509379 0.7086275 0.6867672 0.7098953 0.7125320 0.8286051 0.6963260 0.7982467 0.8813481 0.8221912 0.7247089 0.7223576 0.8676035 0.7689547 0.7861623 0.5122249 0.6843117 0.6864558 0.7114696 
Capsicum_annuum_XP_016550880.1        0.9284176 0.9608437 0.9340354 0.8976683 0.8228654 0.8219373 0.8466532 0.8855415 0.6477896 0.6428777 0.6379742 0.6362370 0.6303383 0.6339280 0.0000010 0.0000000 0.0593188 0.0622716 0.0578302 0.0803900 0.3189327 0.2513492 0.2516637 0.2469696 0.2584407 0.5000587 0.4803890 0.4382453 0.4630844 0.4572496 0.4447752 0.5235846 0.5302782 0.5291008 0.4868015 0.4811320 0.4811320 0.4442099 0.4737709 0.5212634 0.5238482 0.5094129 0.5824358 0.5589501 0.4979431 0.5047763 0.4780739 0.4831852 0.5191505 0.6666983 0.6490632 0.6853473 0.6844647 0.5770496 0.5696013 0.5797280 0.6325521 0.5766645 0.6254542 0.6241890 0.7749207 0.7320021 0.7446222 0.7343592 0.7399626 0.7363940 0.7206602 0.9080914 0.7312700 0.7102610 0.7352888 0.7123133 0.6265784 0.6559064 0.6707842 0.6702796 0.6914091 0.6913305 0.6501368 0.6593999 0.6345254 0.6391052 0.5961044 0.6239114 0.6427134 0.6295650 0.6877051 0.6858079 0.7894598 0.6499065 0.6499351 0.7077826 0.6857430 0.7084452 0.7110916 0.8275730 0.6981506 0.8007666 0.8817362 0.8222751 0.7266718 0.7243060 0.8669866 0.7747281 0.7920795 0.5156827 0.6892884 0.6914680 0.7169594 
Solanum_lycopersicum_NP_001234212.1   0.8873898 0.9079717 0.8871098 0.8622153 0.7756209 0.7872275 0.8046272 0.8482747 0.6553361 0.6504172 0.6455218 0.6437882 0.6367159 0.6414155 0.0590300 0.0593188 0.0000000 0.0052372 0.0171833 0.0718955 0.3169848 0.2499579 0.2524071 0.2459754 0.2448208 0.4865487 0.4567153 0.4225759 0.4656140 0.4312124 0.4230569 0.5005670 0.5065176 0.5053337 0.4657139 0.4553023 0.4553023 0.4178524 0.4513023 0.5230698 0.5284238 0.5140571 0.5772310 0.5539647 0.5062204 0.5144644 0.4711160 0.4758905 0.5038133 0.6433843 0.6384515 0.6733633 0.6591858 0.5515577 0.5438442 0.5515912 0.6141684 0.5481462 0.5996887 0.5918439 0.7581367 0.7273228 0.7489038 0.7386530 0.7442504 0.7358834 0.7173755 0.8852701 0.7069193 0.6841189 0.7166392 0.6935954 0.5967370 0.6304604 0.6440761 0.6435925 0.6649801 0.6648912 0.6284805 0.6374804 0.6106334 0.6150095 0.5880661 0.6063191 0.6296009 0.6172323 0.6608716 0.6589617 0.7653117 0.6351864 0.6327275 0.7043489 0.6863883 0.7029188 0.7044461 0.8211903 0.6732042 0.7789326 0.8522514 0.8301286 0.6976434 0.6977107 0.8490367 0.7678050 0.7793924 0.5031046 0.6682464 0.6803930 0.7096197 
Solanum_pennellii_XP_015058826.1      0.9024857 0.9238270 0.9021598 0.8770507 0.7895111 0.8012372 0.8188195 0.8636868 0.6534439 0.6485327 0.6436410 0.6419086 0.6348325 0.6395315 0.0619675 0.0622716 0.0052372 0.0000000 0.0198880 0.0749473 0.3175636 0.2504027 0.2528570 0.2464110 0.2452593 0.4905780 0.4576006 0.4261043 0.4702570 0.4320328 0.4238585 0.5015429 0.5075064 0.5063218 0.4666055 0.4609945 0.4609945 0.4232966 0.4539476 0.5271798 0.5325317 0.5181080 0.5817685 0.5583967 0.5095288 0.5177842 0.4729248 0.4777176 0.5047895 0.6446588 0.6398779 0.6750176 0.6605089 0.5526560 0.5449236 0.5526894 0.6157008 0.5492302 0.6008968 0.5985940 0.7618603 0.7329769 0.7527748 0.7424881 0.7481055 0.7416293 0.7212888 0.8919559 0.7110474 0.6881792 0.7228088 0.6976712 0.6028602 0.6367476 0.6504268 0.6499391 0.6714343 0.6713480 0.6310423 0.6400535 0.6168073 0.6212290 0.5940334 0.6124001 0.6346906 0.6233797 0.6672739 0.6653704 0.7704596 0.6414469 0.6389422 0.7118219 0.6942438 0.7095558 0.7060433 0.8225995 0.6783602 0.7873412 0.8661757 0.8347722 0.7034507 0.7035123 0.8617752 0.7705089 0.7771044 0.5040895 0.6748042 0.6870358 0.7167451 
Solanum_tuberosum_XP_006350949.1      0.8723463 0.8905581 0.8728151 0.8488510 0.7615252 0.7729558 0.7901656 0.8324604 0.6262306 0.6215361 0.6182207 0.6151274 0.6081572 0.6127428 0.0575491 0.0578302 0.0171833 0.0198880 0.0000000 0.0701306 0.3079732 0.2429333 0.2453592 0.2390031 0.2361177 0.4751833 0.4389821 0.4019471 0.4421630 0.4157004 0.4087229 0.4879841 0.4938257 0.4926396 0.4529846 0.4464758 0.4464758 0.4060724 0.4413348 0.5059473 0.5113102 0.4971779 0.5651879 0.5422485 0.4898164 0.4980116 0.4534787 0.4582632 0.4823841 0.6392755 0.6285486 0.6623269 0.6543448 0.5484771 0.5407629 0.5495132 0.6074032 0.5457763 0.5951715 0.5941114 0.7365283 0.7019504 0.7265541 0.7164810 0.7219789 0.7203962 0.7025852 0.8600720 0.7004889 0.6789236 0.6967145 0.6799653 0.5890936 0.6075586 0.6241772 0.6237077 0.6489930 0.6488975 0.6103615 0.6191747 0.5873455 0.5915390 0.5691803 0.5983155 0.6109955 0.5995044 0.6468702 0.6449579 0.7437213 0.6159769 0.6162064 0.6840293 0.6694049 0.6753154 0.6768076 0.7895415 0.6550248 0.7609916 0.8378241 0.8151551 0.6829660 0.6830464 0.8418818 0.7557262 0.7693912 0.4840557 0.6580074 0.6643155 0.6923086 
Nicotiana_attenuata_XP_019235692.1    0.9043403 0.9290260 0.9076315 0.8772137 0.8048295 0.8107326 0.8275496 0.8616238 0.6537188 0.6485399 0.6439135 0.6409338 0.6359607 0.6388386 0.0799899 0.0803900 0.0718955 0.0749473 0.0701306 0.0000000 0.3194821 0.2629420 0.2632701 0.2574858 0.2583207 0.5016468 0.4743685 0.4306317 0.4617836 0.4449533 0.4365354 0.5147920 0.5189435 0.5177680 0.4811825 0.4770923 0.4770923 0.4290678 0.4837169 0.5113103 0.5181489 0.5039556 0.5794784 0.5563294 0.4877678 0.4991646 0.4623513 0.4648436 0.5029359 0.6900911 0.6617057 0.6908271 0.6966655 0.6027933 0.5931946 0.5904813 0.6239207 0.5836327 0.6282108 0.6333128 0.7691754 0.7230399 0.7376427 0.7274698 0.7330234 0.7354654 0.7302661 0.8683573 0.7145255 0.6911041 0.7111722 0.6907024 0.6153034 0.6195730 0.6445682 0.6440811 0.6644031 0.6644834 0.6268937 0.6416026 0.5947089 0.5986552 0.5845793 0.6065106 0.6369101 0.6199896 0.6540664 0.6540641 0.7497690 0.6231106 0.6263788 0.6839780 0.6819516 0.7017368 0.6981637 0.8165063 0.6653061 0.7815082 0.8854950 0.8426054 0.7005068 0.7005718 0.8500792 0.7641252 0.7692401 0.5023335 0.6967164 0.7033363 0.7344223 
Capsicum_annuum_XP_016573758.1        0.9808957 0.9968892 0.9806084 0.9425540 0.9311106 0.9320810 0.8925774 0.9130216 0.7482228 0.7424927 0.7369992 0.7327823 0.7347852 0.7318594 0.3170440 0.3189327 0.3169848 0.3175636 0.3079732 0.3194821 0.0000000 0.1151291 0.1193619 0.1141506 0.1948920 0.6323401 0.5616520 0.5253678 0.5807459 0.5311367 0.5266611 0.5948564 0.6030857 0.6008278 0.5873701 0.5820189 0.5820189 0.5342523 0.5686747 0.6157874 0.6050884 0.6032322 0.6522222 0.6461407 0.5830628 0.5908188 0.5525960 0.5599916 0.5861907 0.7523048 0.7527551 0.7735020 0.7742529 0.6887975 0.6771527 0.6774370 0.7423923 0.6740775 0.7075776 0.7247503 0.9006410 0.8671508 0.8863978 0.8777701 0.8820899 0.8904732 0.8357985 1.0259359 0.7921867 0.7889636 0.8035854 0.7908912 0.7260450 0.7334129 0.7651073 0.7619580 0.7672606 0.7727032 0.7434948 0.7472102 0.7145780 0.7171744 0.7321463 0.7256401 0.7573638 0.7432201 0.7504065 0.7510970 0.8219707 0.7235336 0.7218439 0.7994722 0.8015587 0.7565360 0.7628639 0.8615894 0.7351066 0.9270606 0.9369723 0.9018145 0.8229329 0.8170617 1.0032538 0.8773034 0.8717905 0.6135829 0.7891360 0.7890016 0.8252294 
Solanum_lycopersicum_XP_004239739.1   0.9363180 0.9428623 0.9370548 0.9022779 0.8869445 0.8874956 0.8738437 0.9035764 0.7047320 0.6994011 0.6942013 0.6883815 0.6859495 0.6845744 0.2499240 0.2513492 0.2499579 0.2504027 0.2429333 0.2629420 0.1151291 0.0000000 0.0131279 0.0292414 0.1545191 0.5718554 0.5190136 0.4773092 0.5265874 0.4840938 0.4752490 0.5449873 0.5539199 0.5517347 0.5414176 0.5248089 0.5248089 0.4898369 0.5128797 0.5555585 0.5467579 0.5391255 0.5916404 0.5771744 0.5280963 0.5372487 0.4919577 0.4987073 0.5382095 0.6749682 0.6603491 0.6764500 0.6932916 0.6048350 0.6024358 0.6128984 0.6651938 0.6047949 0.6467268 0.6545264 0.8389255 0.8052860 0.8411624 0.8332607 0.8299320 0.8131046 0.7751653 0.9641946 0.7485153 0.7415572 0.7640645 0.7424649 0.6892436 0.6865382 0.7115825 0.7116041 0.7222230 0.7272886 0.7064141 0.7143536 0.6660128 0.6703875 0.6721605 0.6696972 0.6944795 0.6876229 0.7084511 0.7044941 0.7922672 0.6633651 0.6666839 0.7421385 0.7289698 0.7221209 0.7235945 0.8296826 0.6996298 0.8528752 0.8910507 0.8383274 0.7713458 0.7687008 0.9222790 0.8212223 0.8270492 0.5618840 0.7451039 0.7450611 0.7819045 
Solanum_pennellii_XP_015076929.1      0.9295494 0.9467972 0.9376588 0.8975680 0.8823390 0.8828981 0.8680254 0.8977607 0.6956126 0.6903482 0.6851944 0.6808648 0.6784408 0.6770820 0.2502356 0.2516637 0.2524071 0.2528570 0.2453592 0.2632701 0.1193619 0.0131279 0.0000000 0.0319292 0.1597846 0.5771990 0.5174163 0.4756355 0.5271398 0.4873374 0.4731829 0.5489218 0.5578937 0.5557036 0.5359433 0.5215655 0.5215655 0.4845445 0.5151353 0.5583032 0.5494887 0.5418448 0.5885198 0.5741136 0.5324519 0.5394949 0.4907455 0.4974851 0.5368152 0.6768163 0.6604625 0.6765607 0.7031235 0.6126540 0.6061063 0.6107497 0.6612867 0.6026861 0.6444467 0.6561996 0.8355931 0.8080485 0.8308026 0.8229728 0.8270490 0.8169067 0.7729784 0.9664445 0.7428044 0.7358658 0.7557400 0.7372067 0.6900387 0.6881906 0.7122910 0.7123127 0.7229269 0.7279913 0.7071236 0.7150602 0.6710476 0.6754572 0.6717190 0.6753785 0.6995746 0.6933568 0.7139243 0.7103228 0.7959578 0.6686734 0.6719945 0.7484517 0.7389373 0.7254602 0.7269437 0.8365691 0.6982825 0.8502852 0.8749605 0.8337988 0.7672815 0.7646465 0.9212318 0.8183411 0.8219305 0.5625219 0.7468341 0.7467879 0.7837156 
Solanum_tuberosum_XP_006345886.1      0.9389576 0.9521096 0.9383171 0.9027317 0.8799152 0.8804799 0.8691839 0.9013078 0.6877392 0.6825431 0.6774398 0.6696727 0.6748710 0.6735180 0.2455788 0.2469696 0.2459754 0.2464110 0.2390031 0.2574858 0.1141506 0.0292414 0.0319292 0.0000000 0.1505998 0.5676917 0.4977290 0.4814530 0.5367178 0.4861279 0.4660136 0.5378594 0.5464247 0.5442467 0.5296420 0.5139847 0.5139847 0.4697810 0.5149197 0.5398359 0.5335979 0.5260831 0.5778862 0.5636541 0.5137035 0.5176248 0.4846308 0.4909849 0.5213515 0.6762161 0.6625547 0.6782074 0.7014106 0.6093207 0.6028127 0.6064386 0.6581019 0.6034520 0.6394322 0.6480483 0.8196465 0.7830300 0.7982938 0.7974413 0.8014280 0.8001551 0.7680357 0.9596775 0.7408020 0.7359703 0.7538824 0.7315356 0.6829270 0.6804213 0.6992553 0.6992760 0.7073076 0.7122729 0.6964620 0.7009095 0.6522124 0.6564705 0.6577181 0.6713738 0.6877944 0.6841420 0.7057710 0.7018378 0.7870832 0.6683839 0.6697448 0.7451619 0.7384887 0.7068444 0.7082730 0.8126530 0.6826911 0.8548044 0.8719283 0.8370055 0.7575630 0.7558125 0.9241326 0.8146682 0.8173863 0.5503754 0.7185359 0.7185457 0.7528261 
Nicotiana_attenuata_XP_019228937.1    0.9325987 0.9522811 0.9357413 0.8946217 0.8869212 0.8875874 0.8496094 0.8733233 0.6960751 0.6918269 0.6876528 0.6782041 0.6908914 0.6854465 0.2569632 0.2584407 0.2448208 0.2452593 0.2361177 0.2583207 0.1948920 0.1545191 0.1597846 0.1505998 0.0000000 0.5730114 0.5244171 0.4984030 0.5460955 0.5072742 0.4975071 0.5765482 0.5834945 0.5812533 0.5560973 0.5450647 0.5450647 0.4901645 0.5276597 0.5703345 0.5663602 0.5687172 0.6281143 0.6266033 0.5461048 0.5429543 0.5094610 0.5140954 0.5539965 0.6989401 0.6910853 0.7122318 0.7062132 0.6325416 0.6291934 0.6000191 0.6617008 0.6109104 0.6557582 0.6912711 0.8751774 0.8215909 0.8533384 0.8466490 0.8524613 0.8451319 0.8301956 0.9686186 0.7555483 0.7571429 0.7555887 0.7554849 0.6735147 0.7002747 0.7164453 0.7134304 0.7236116 0.7287410 0.6988441 0.7035651 0.6691897 0.6745369 0.6670990 0.6722239 0.7019260 0.6795519 0.7124537 0.7093248 0.8050704 0.6664963 0.6685709 0.7406056 0.7344930 0.7244238 0.7308340 0.8380611 0.6805009 0.8623225 0.9104713 0.9001032 0.7541593 0.7487969 0.9438671 0.8406407 0.8591193 0.5679101 0.7379502 0.7446839 0.7739309 
Carica_papaya_XP_021888171.1          0.8121548 0.7964413 0.7766761 0.7825658 0.7558695 0.7611427 0.7557781 0.7844999 0.4798519 0.4757374 0.4745504 0.4699356 0.4642813 0.4618733 0.4967455 0.5000587 0.4865487 0.4905780 0.4751833 0.5016468 0.6323401 0.5718554 0.5771990 0.5676917 0.5730114 0.0000000 0.3215584 0.2978548 0.3182605 0.2826264 0.3082891 0.3621092 0.3580211 0.3558498 0.3378352 0.3219064 0.3219064 0.3623997 0.3782396 0.3927514 0.3884741 0.3812693 0.4410597 0.4264312 0.3850172 0.3767934 0.3621132 0.3666611 0.3749734 0.5480975 0.5199466 0.5396974 0.5599065 0.4835937 0.4843822 0.4643681 0.5008426 0.4819922 0.5152462 0.4877810 0.7394650 0.7009154 0.6883022 0.6953298 0.6876675 0.6967007 0.6644255 0.8420331 0.6584008 0.6523447 0.6773576 0.6672152 0.5924775 0.6026930 0.5984786 0.5957259 0.6038673 0.6082508 0.5750698 0.5838079 0.5622657 0.5652161 0.5366443 0.5573818 0.6046209 0.5964690 0.6110565 0.6154013 0.6848670 0.5740438 0.5827627 0.6327048 0.6231652 0.5867328 0.5867709 0.7097981 0.5870862 0.7595736 0.8242918 0.8146918 0.6284734 0.6413781 0.7964676 0.7138107 0.7506105 0.5620673 0.5935310 0.6101096 0.6322628 
Citrus_sinensis_NP_001275855.1        0.7770560 0.7362915 0.7618707 0.7527743 0.7260813 0.7358005 0.7328432 0.7484242 0.5054563 0.5012170 0.4939923 0.4913852 0.4977909 0.4900075 0.4772274 0.4803890 0.4567153 0.4576006 0.4389821 0.4743685 0.5616520 0.5190136 0.5174163 0.4977290 0.5244171 0.3215584 0.0000000 0.2771527 0.3062146 0.2740552 0.2835313 0.3433585 0.3353669 0.3331585 0.3147059 0.2995425 0.2995425 0.3047638 0.3402345 0.3627025 0.3507842 0.3480241 0.4045259 0.3953399 0.3513703 0.3478059 0.3345286 0.3354430 0.3639004 0.5387139 0.5234392 0.5396047 0.5462895 0.4674617 0.4642996 0.4478801 0.4841825 0.4678832 0.4759594 0.4809437 0.6958416 0.6758943 0.6870366 0.6881797 0.6955764 0.6902275 0.6387813 0.8800781 0.6348182 0.6330885 0.6367433 0.6241799 0.5535605 0.5717616 0.6013870 0.5986647 0.6041053 0.6084226 0.5809380 0.5856640 0.5543563 0.5642829 0.5040202 0.5580060 0.5566428 0.5670244 0.5817980 0.5827222 0.6589608 0.5642738 0.5601406 0.6211764 0.6116650 0.5601391 0.5623749 0.6673006 0.5544649 0.7255697 0.7612773 0.7771688 0.5972088 0.6007250 0.7907074 0.7311146 0.7418579 0.5200637 0.5513516 0.5519578 0.5715677 
Jatropha_curcas_XP_012089304.1        0.7673085 0.7799724 0.7470702 0.7251054 0.6999595 0.7097844 0.7042973 0.7282681 0.4673237 0.4674673 0.4611994 0.4508517 0.4620528 0.4605436 0.4354581 0.4382453 0.4225759 0.4261043 0.4019471 0.4306317 0.5253678 0.4773092 0.4756355 0.4814530 0.4984030 0.2978548 0.2771527 0.0000000 0.0000010 0.1525114 0.1618731 0.2181202 0.2147421 0.2133398 0.1940854 0.1855481 0.1855481 0.2741318 0.3273158 0.3424201 0.3338079 0.3235983 0.3875572 0.3716640 0.3376160 0.3381933 0.2898188 0.2993580 0.3234892 0.4959453 0.4695729 0.4849219 0.5029968 0.4523995 0.4521313 0.4265105 0.4402797 0.4459038 0.4623458 0.4598559 0.6393312 0.6218123 0.6321549 0.6271125 0.6336336 0.6326849 0.5937899 0.8242948 0.5690102 0.5675128 0.5658593 0.5553260 0.5042521 0.4894524 0.4927276 0.4902543 0.5208449 0.5246622 0.4930858 0.5056590 0.4607498 0.4656892 0.4406958 0.5006445 0.5318160 0.5282243 0.5163907 0.5123220 0.6127824 0.4981188 0.5011255 0.5529791 0.5649174 0.4861774 0.4827256 0.5783049 0.5003506 0.6754331 0.7459920 0.7136367 0.5712456 0.5683572 0.7267696 0.6550442 0.6755521 0.4670990 0.5301621 0.5404826 0.5626123 
Jatropha_curcas_XP_020540336.1        0.8315889 0.8964613 0.8183262 0.8092461 0.7712087 0.7844485 0.7612896 0.7974128 0.5323033 0.5321312 0.5237944 0.5102434 0.5115659 0.5095743 0.4593507 0.4630844 0.4656140 0.4702570 0.4421630 0.4617836 0.5807459 0.5265874 0.5271398 0.5367178 0.5460955 0.3182605 0.3062146 0.0000010 0.0000000 0.1547933 0.1724927 0.2264564 0.2244765 0.2227229 0.2149825 0.2062207 0.2062207 0.3025549 0.3573116 0.3618372 0.3503671 0.3456915 0.4319799 0.4219156 0.3504435 0.3513697 0.3016806 0.3138032 0.3657777 0.4880250 0.4880250 0.4880250 0.5051450 0.4561180 0.4498574 0.4385726 0.4385726 0.4628874 0.4939991 0.4848318 0.7082238 0.6703094 0.6849508 0.6771028 0.6855867 0.6844109 0.6501915 0.7806534 0.6165085 0.6164012 0.6261917 0.6141546 0.5563164 0.5319825 0.5358935 0.5326849 0.5659620 0.5710606 0.5322078 0.5521472 0.4956336 0.5020761 0.4758730 0.5519526 0.6050263 0.5806544 0.5645541 0.5591982 0.7171037 0.5495582 0.5530962 0.5530962 0.5530962 0.5351128 0.5306438 0.6519838 0.5533281 0.7194617 0.8116446 0.7587929 0.6515060 0.6475276 0.7405144 0.6748530 0.6935911 0.4838843 0.5551514 0.5667537 0.5974743 
Manihot_esculenta_XP_021620990.1      0.7827412 0.7761102 0.7513706 0.7400545 0.7077005 0.7159450 0.6985244 0.7201414 0.4447383 0.4431674 0.4346097 0.4313491 0.4495557 0.4435659 0.4543182 0.4572496 0.4312124 0.4320328 0.4157004 0.4449533 0.5311367 0.4840938 0.4873374 0.4861279 0.5072742 0.2826264 0.2740552 0.1525114 0.1547933 0.0000000 0.1311993 0.2106156 0.2098248 0.2084205 0.1891913 0.1746502 0.1746502 0.2759339 0.3194060 0.3323568 0.3279964 0.3195394 0.3852762 0.3695922 0.3406063 0.3264390 0.2890754 0.2913448 0.3199472 0.4881708 0.4538175 0.4662938 0.5062272 0.4311994 0.4230001 0.4268053 0.4309009 0.4222502 0.4509139 0.4427224 0.6329081 0.6079508 0.6098719 0.6077266 0.6032372 0.6172344 0.5855074 0.7978341 0.5756378 0.5773772 0.5670267 0.5669599 0.5271363 0.5097809 0.5255184 0.5229859 0.5337573 0.5376285 0.5064118 0.5184385 0.4835697 0.4841962 0.4253119 0.5131312 0.5457929 0.5412859 0.5199824 0.5161193 0.6205040 0.4941574 0.4955456 0.5477298 0.5347148 0.4935687 0.4914532 0.5978438 0.5020392 0.7110505 0.7725716 0.7110399 0.5450430 0.5476407 0.6986181 0.6609443 0.6588762 0.4976229 0.5112592 0.5279958 0.5483094 
Manihot_esculenta_XP_021622864.1      0.7627990 0.7604930 0.7424735 0.7303818 0.6951598 0.7036444 0.7085818 0.7243055 0.4631427 0.4614841 0.4566607 0.4483010 0.4690025 0.4633084 0.4419358 0.4447752 0.4230569 0.4238585 0.4087229 0.4365354 0.5266611 0.4752490 0.4731829 0.4660136 0.4975071 0.3082891 0.2835313 0.1618731 0.1724927 0.1311993 0.0000000 0.2432051 0.2408803 0.2394868 0.2040863 0.1967825 0.1967825 0.2783915 0.3240454 0.3586094 0.3496810 0.3449060 0.3940926 0.3844396 0.3573302 0.3499666 0.2979962 0.2996864 0.3347797 0.4827527 0.4548210 0.4646897 0.4948886 0.4395354 0.4304336 0.4279350 0.4377176 0.4352409 0.4611339 0.4443618 0.6426165 0.6285494 0.6303472 0.6329870 0.6299799 0.6365807 0.6015425 0.7996934 0.5809572 0.5758631 0.5725776 0.5673180 0.5266774 0.5152421 0.5233017 0.5207912 0.5398064 0.5436895 0.5099564 0.5209060 0.4936675 0.4969326 0.4492281 0.5259704 0.5459687 0.5370339 0.5246887 0.5279408 0.6105208 0.5001281 0.4956797 0.5514612 0.5454709 0.5087662 0.5044877 0.6103449 0.5139719 0.6722705 0.6998244 0.7008802 0.5716042 0.5671134 0.7338166 0.6818034 0.6629505 0.5113115 0.5404729 0.5548343 0.5769106 
Populus_euphratica_XP_011002920.1     0.8707812 0.8608798 0.8316462 0.8191071 0.7963809 0.8087527 0.7844343 0.8075471 0.5424522 0.5418931 0.5350484 0.5404668 0.5461820 0.5395729 0.5200811 0.5235846 0.5005670 0.5015429 0.4879841 0.5147920 0.5948564 0.5449873 0.5489218 0.5378594 0.5765482 0.3621092 0.3433585 0.2181202 0.2264564 0.2106156 0.2432051 0.0000000 0.0173301 0.0160056 0.1283655 0.1166994 0.1166994 0.3066834 0.3502660 0.3550355 0.3457514 0.3458169 0.3927190 0.3883453 0.3610894 0.3638547 0.3178539 0.3231291 0.3729892 0.5436989 0.5130053 0.5305064 0.5563852 0.4717925 0.4672722 0.4649521 0.4723895 0.4997226 0.5126429 0.5037737 0.7006918 0.6686808 0.6804115 0.6723710 0.6795578 0.6625425 0.6227197 0.8856228 0.6768288 0.6629003 0.6689177 0.6571332 0.5913372 0.5715127 0.5763236 0.5763386 0.5838303 0.5880475 0.5609346 0.5697387 0.5462424 0.5528015 0.5071964 0.5885853 0.6272994 0.6241769 0.5949989 0.5926920 0.6961858 0.5784993 0.5773536 0.6284055 0.6208991 0.5983541 0.5938529 0.6928745 0.5809245 0.8143435 0.8626206 0.8225490 0.6774644 0.6711354 0.7594599 0.7078193 0.6961775 0.5462669 0.5915468 0.6071265 0.6333432 
Populus_trichocarpa_XP_024447234.1    0.8971729 0.8846177 0.8595071 0.8459662 0.8112554 0.8256402 0.8023210 0.8267492 0.5415916 0.5396312 0.5341746 0.5361575 0.5410334 0.5344352 0.5267288 0.5302782 0.5065176 0.5075064 0.4938257 0.5189435 0.6030857 0.5539199 0.5578937 0.5464247 0.5834945 0.3580211 0.3353669 0.2147421 0.2244765 0.2098248 0.2408803 0.0173301 0.0000000 0.0039612 0.1207568 0.1124148 0.1124148 0.3014175 0.3530805 0.3553310 0.3460419 0.3461075 0.3931677 0.3887917 0.3590737 0.3618402 0.3203181 0.3256184 0.3738416 0.5378015 0.5092126 0.5293976 0.5461679 0.4743459 0.4698032 0.4591834 0.4678250 0.4905250 0.5047099 0.5036924 0.7085391 0.6727613 0.6799396 0.6719001 0.6790865 0.6643655 0.6278187 0.8852435 0.6787583 0.6647775 0.6710294 0.6576248 0.5935558 0.5687806 0.5721419 0.5721568 0.5817704 0.5859748 0.5589410 0.5677146 0.5463140 0.5528711 0.5063605 0.5926728 0.6340274 0.6308041 0.6088122 0.6048930 0.7070945 0.5878143 0.5866668 0.6425568 0.6362735 0.5930278 0.5905198 0.6869586 0.5827842 0.8089410 0.8469896 0.8243762 0.6708271 0.6626411 0.7541185 0.7167415 0.6975612 0.5418094 0.5844430 0.5998834 0.6223454 
Populus_trichocarpa_XP_024447235.1    0.8960216 0.8846177 0.8592612 0.8457029 0.8109529 0.8253539 0.8020069 0.8264477 0.5411364 0.5405819 0.5337267 0.5357087 0.5405820 0.5339884 0.5255546 0.5291008 0.5053337 0.5063218 0.4926396 0.5177680 0.6008278 0.5517347 0.5557036 0.5442467 0.5812533 0.3558498 0.3331585 0.2133398 0.2227229 0.2084205 0.2394868 0.0160056 0.0039612 0.0000000 0.1226390 0.1110178 0.1110178 0.2992889 0.3516826 0.3530174 0.3437511 0.3438155 0.3931677 0.3887917 0.3567546 0.3595223 0.3178282 0.3231007 0.3701744 0.5364606 0.5076778 0.5277182 0.5505232 0.4738150 0.4692690 0.4638307 0.4736612 0.4967911 0.5099094 0.5043266 0.7085391 0.6770011 0.6827337 0.6746540 0.6818736 0.6685794 0.6278187 0.8946591 0.6785053 0.6634181 0.6707707 0.6573552 0.5908023 0.5660369 0.5700226 0.5700375 0.5796472 0.5838455 0.5568429 0.5656048 0.5442203 0.5507739 0.5091852 0.5901350 0.6313635 0.6282161 0.6044352 0.6021210 0.7087942 0.5850927 0.5839451 0.6393729 0.6328619 0.5911027 0.5885971 0.6834491 0.5829695 0.8091068 0.8469896 0.8193738 0.6716171 0.6634146 0.7515152 0.7168242 0.6941401 0.5420465 0.5804331 0.5958053 0.6179721 
Populus_euphratica_XP_011038537.1     0.8213100 0.8080889 0.7963788 0.7886072 0.7474711 0.7592452 0.7353285 0.7542476 0.5066905 0.5034135 0.4953605 0.4991549 0.5146132 0.5068902 0.4836336 0.4868015 0.4657139 0.4666055 0.4529846 0.4811825 0.5873701 0.5414176 0.5359433 0.5296420 0.5560973 0.3378352 0.3147059 0.1940854 0.2149825 0.1891913 0.2040863 0.1283655 0.1207568 0.1226390 0.0000000 0.0396468 0.0396468 0.2772216 0.3140117 0.3435057 0.3368012 0.3347403 0.3920899 0.3849534 0.3458821 0.3405066 0.2940297 0.2968764 0.3697917 0.5396779 0.5180685 0.5392152 0.5484444 0.4667043 0.4592184 0.4494067 0.4699604 0.4725495 0.4861649 0.4784635 0.6760740 0.6461881 0.6568519 0.6513396 0.6565000 0.6533258 0.6173072 0.8615344 0.6078621 0.6045590 0.6162461 0.6055501 0.5476593 0.5079972 0.5220487 0.5220631 0.5236458 0.5198548 0.5015013 0.5095639 0.4959206 0.5011024 0.4658267 0.5533245 0.5725189 0.5793216 0.5595669 0.5572242 0.6394882 0.5406971 0.5379124 0.5966676 0.5950768 0.5464632 0.5420772 0.6475319 0.5478232 0.7319259 0.7853023 0.7525658 0.5849259 0.5901708 0.7268558 0.6678837 0.6758938 0.5098905 0.5266184 0.5432546 0.5661925 
