64
Arabidopsis_lyrata_XP_020873473.1     0.0000000 0.0116801 0.0233968 0.0485557 0.0487081 0.0527901 0.0838407 0.0791520 0.3554771 0.3285338 0.3319322 0.3185727 0.3309029 0.3265962 0.3198313 0.3261161 0.3339703 0.3386449 0.3303373 0.2868960 0.2699097 0.2739132 0.2705619 0.2939831 0.3081638 0.2999486 0.2961786 0.3180701 0.3078279 0.3114798 0.3180244 0.3066446 0.2972629 0.3000269 0.2922150 0.2833611 0.2927694 0.2632321 0.2806938 0.2869144 0.2822631 0.2798874 0.2892648 0.3140180 0.3320355 0.3456217 0.3175601 0.3213646 0.3373112 0.3158345 0.3321071 0.2992960 0.3451733 0.3363650 0.3340358 0.4133890 0.4169455 0.4120732 0.4138503 0.4129152 0.4021290 0.3818230 0.3795569 0.4544469 
Arabidopsis_thaliana_NP_194350.1      0.0116801 0.0000000 0.0211758 0.0464053 0.0462636 0.0503574 0.0782100 0.0735444 0.3589733 0.3312996 0.3347048 0.3213424 0.3334164 0.3300371 0.3264049 0.3326997 0.3395089 0.3441897 0.3358800 0.2912842 0.2724450 0.2786403 0.2752844 0.2988122 0.3130135 0.3048006 0.3010141 0.3176805 0.3074723 0.3059023 0.3124127 0.3011230 0.2986859 0.3014521 0.2909287 0.2820809 0.2873182 0.2675495 0.2851109 0.2890552 0.2866195 0.2842192 0.2937047 0.3188131 0.3334348 0.3501065 0.3197619 0.3214807 0.3374120 0.3187277 0.3320180 0.3018632 0.3507761 0.3419646 0.3396497 0.4148211 0.4187839 0.4167338 0.4185273 0.4118458 0.4014188 0.3810952 0.3843349 0.4610058 
Capsella_rubella_XP_006285008.1       0.0233968 0.0211758 0.0000000 0.0463428 0.0524989 0.0552389 0.0838793 0.0791886 0.3569271 0.3302026 0.3336072 0.3202382 0.3311437 0.3323059 0.3209007 0.3271785 0.3398232 0.3445325 0.3325733 0.2927167 0.2636977 0.2768265 0.2745694 0.2982521 0.3125511 0.3062033 0.3023909 0.3225930 0.3122295 0.3071166 0.3216919 0.3067323 0.3042402 0.3070284 0.2993766 0.2904515 0.2881808 0.2658864 0.2835404 0.2825739 0.2850815 0.2826731 0.2918332 0.3183964 0.3284707 0.3381901 0.3116598 0.3225825 0.3385803 0.3198845 0.3330763 0.3059568 0.3480603 0.3391999 0.3368645 0.4125519 0.4164425 0.4144111 0.4161952 0.4124243 0.4048381 0.3844996 0.3812405 0.4505042 
Eutrema_salsugineum_XP_006413217.1    0.0485557 0.0464053 0.0463428 0.0000000 0.0547129 0.0636190 0.0907077 0.0889375 0.3679682 0.3474939 0.3491593 0.3355076 0.3287410 0.3421677 0.3414428 0.3477660 0.3488918 0.3536303 0.3487529 0.2918126 0.2691176 0.2780626 0.2758025 0.2903013 0.3045168 0.3097136 0.3058543 0.3186652 0.3088025 0.3089269 0.3138465 0.3040861 0.2976713 0.3028080 0.2994500 0.2905230 0.2905002 0.2735391 0.2939774 0.2908715 0.2874109 0.2865082 0.2941243 0.3221672 0.3406458 0.3531408 0.3268004 0.3310698 0.3448640 0.3306450 0.3435969 0.3136270 0.3451252 0.3362883 0.3336694 0.4273865 0.4352919 0.4329732 0.4332932 0.4293647 0.4200299 0.3994102 0.3908503 0.4466924 
Brassica_oleracea_XP_013590606.1      0.0487081 0.0462636 0.0524989 0.0547129 0.0000000 0.0307655 0.0782755 0.0762956 0.3835803 0.3544609 0.3579613 0.3425260 0.3421515 0.3522524 0.3554875 0.3618334 0.3567612 0.3637658 0.3499763 0.3035268 0.2883072 0.2865414 0.2816008 0.3092905 0.3235883 0.3162969 0.3147450 0.3295230 0.3190968 0.3205159 0.3254268 0.3155891 0.3136217 0.3187818 0.3124634 0.3059194 0.3112064 0.2832070 0.3004600 0.3055959 0.2961516 0.2936871 0.3010913 0.3171214 0.3441447 0.3570422 0.3354354 0.3404168 0.3550925 0.3336158 0.3520053 0.3241761 0.3590036 0.3501088 0.3477937 0.4275988 0.4347760 0.4274816 0.4277975 0.4325609 0.4243521 0.4036700 0.3986722 0.4745284 
Brassica_rapa_XP_009142057.1          0.0527901 0.0503574 0.0552389 0.0636190 0.0307655 0.0000000 0.0835375 0.0815568 0.3787134 0.3453367 0.3488125 0.3344996 0.3330554 0.3328185 0.3414254 0.3477256 0.3394021 0.3463213 0.3381200 0.2936724 0.2847915 0.2829907 0.2773192 0.3030267 0.3172784 0.3135569 0.3125177 0.3135394 0.3031769 0.3101620 0.3188513 0.3022030 0.3008607 0.3059980 0.3049286 0.2979183 0.3015646 0.2844680 0.3017787 0.3032980 0.2941499 0.2946433 0.2998855 0.3175681 0.3397719 0.3534236 0.3372332 0.3399130 0.3522480 0.3374978 0.3384448 0.3213592 0.3528845 0.3469665 0.3446512 0.4129514 0.4200575 0.4195805 0.4196441 0.4134529 0.4168216 0.3962737 0.3861781 0.4708946 
Brassica_oleracea_XP_013596334.1      0.0838407 0.0782100 0.0838793 0.0907077 0.0782755 0.0835375 0.0000000 0.0162445 0.3836652 0.3560522 0.3595902 0.3510568 0.3566496 0.3558493 0.3546445 0.3610717 0.3585807 0.3595259 0.3491360 0.3284276 0.2996813 0.2889852 0.2902142 0.3136063 0.3280523 0.3081514 0.3066614 0.3328741 0.3222974 0.3381989 0.3433309 0.3267743 0.3263915 0.3315579 0.3340757 0.3258743 0.3277121 0.2889609 0.3105829 0.3184127 0.3074096 0.3069693 0.3134229 0.3341687 0.3606592 0.3807154 0.3382038 0.3458973 0.3607548 0.3453739 0.3432122 0.3325344 0.3499552 0.3448104 0.3424888 0.4110114 0.4170760 0.4133290 0.4136352 0.4249572 0.4091462 0.3919121 0.3853326 0.4712373 
Brassica_rapa_XP_009137583.2          0.0791520 0.0735444 0.0791886 0.0889375 0.0762956 0.0815568 0.0162445 0.0000000 0.3767557 0.3450190 0.3484919 0.3400763 0.3490871 0.3488100 0.3566515 0.3630493 0.3587812 0.3592790 0.3446036 0.3329125 0.3026371 0.2933651 0.2946018 0.3112626 0.3256656 0.3143284 0.3128149 0.3357832 0.3251801 0.3404815 0.3456029 0.3290707 0.3286779 0.3338285 0.3385402 0.3303460 0.3300163 0.2913988 0.3148884 0.3192982 0.3118698 0.3114255 0.3182192 0.3351332 0.3561162 0.3760245 0.3278395 0.3354019 0.3503732 0.3478630 0.3461450 0.3323158 0.3444996 0.3393890 0.3370636 0.4112586 0.4172993 0.4135666 0.4138717 0.4251491 0.4094013 0.3917918 0.3857220 0.4655288 
Capsicum_annuum_XP_016541171.1        0.3554771 0.3589733 0.3569271 0.3679682 0.3835803 0.3787134 0.3836652 0.3767557 0.0000000 0.1394274 0.1494304 0.1549570 0.1802122 0.2132258 0.2449009 0.2507506 0.3148779 0.3227259 0.3354730 0.2649622 0.2672741 0.2596657 0.2590994 0.2743684 0.2681280 0.2833375 0.2724022 0.2828419 0.2882686 0.2529027 0.2659791 0.2677426 0.2676009 0.2586520 0.2724670 0.2730487 0.2582226 0.3140135 0.3190817 0.3215206 0.2733415 0.2811569 0.3110153 0.2840268 0.2665759 0.2799248 0.3023779 0.2593041 0.2665380 0.3664996 0.3417385 0.3334081 0.3271690 0.3143448 0.3154091 0.3421598 0.3439087 0.3495252 0.3429049 0.3664044 0.3514664 0.3490597 0.3487802 0.4100342 
Solanum_lycopersicum_XP_010313742.1   0.3285338 0.3312996 0.3302026 0.3474939 0.3544609 0.3453367 0.3560522 0.3450190 0.1394274 0.0000000 0.0144302 0.0289272 0.1821848 0.2068022 0.2311829 0.2370258 0.3077326 0.3117922 0.3298553 0.2744137 0.2646690 0.2642835 0.2633746 0.2741913 0.2751145 0.2822852 0.2808329 0.2805207 0.2840523 0.2865995 0.3033405 0.2996966 0.2752364 0.2712146 0.2751221 0.2757200 0.2655164 0.3085649 0.3076534 0.3330318 0.2768683 0.2918085 0.2978191 0.2614953 0.2932314 0.3157000 0.3204553 0.2649459 0.2693391 0.3696813 0.3286457 0.3105561 0.3296871 0.3223288 0.3234498 0.3357184 0.3393555 0.3394752 0.3370180 0.3554207 0.3467806 0.3417753 0.3405153 0.4147559 
Solanum_pennellii_XP_015061264.1      0.3319322 0.3347048 0.3336072 0.3491593 0.3579613 0.3488125 0.3595902 0.3484919 0.1494304 0.0144302 0.0000000 0.0289205 0.1814869 0.2053034 0.2343701 0.2402286 0.3043830 0.3084124 0.3244512 0.2749675 0.2642047 0.2655285 0.2646262 0.2781350 0.2741900 0.2815647 0.2799648 0.2807242 0.2774292 0.2889355 0.3058540 0.3019492 0.2772986 0.2732366 0.2871183 0.2877504 0.2777388 0.3096969 0.3082365 0.3349984 0.2899062 0.2928776 0.3037629 0.2583571 0.2938918 0.3133221 0.3244090 0.2638524 0.2682587 0.3650126 0.3280020 0.3070478 0.3260758 0.3187740 0.3198730 0.3312808 0.3349123 0.3350627 0.3325889 0.3541608 0.3496634 0.3446235 0.3452675 0.4104723 
Solanum_tuberosum_XP_006353581.1      0.3185727 0.3213424 0.3202382 0.3355076 0.3425260 0.3344996 0.3510568 0.3400763 0.1549570 0.0289272 0.0289205 0.0000000 0.1718918 0.1962762 0.2267415 0.2325798 0.2993852 0.3034119 0.3241849 0.2625363 0.2662618 0.2591624 0.2523040 0.2677058 0.2642662 0.2778186 0.2842242 0.2648004 0.2989055 0.2861242 0.3077617 0.2953965 0.2690761 0.2669602 0.2712471 0.2718283 0.2594088 0.2924542 0.2953844 0.3149793 0.2753516 0.2782309 0.2858390 0.2646527 0.2933608 0.3119153 0.3283372 0.2676431 0.2731103 0.3515159 0.3088740 0.3050383 0.3210133 0.3119841 0.3130514 0.3363862 0.3400414 0.3339218 0.3281621 0.4327877 0.3467922 0.3440463 0.3449734 0.4259958 
Nicotiana_attenuata_XP_019242964.1    0.3309029 0.3334164 0.3311437 0.3287410 0.3421515 0.3330554 0.3566496 0.3490871 0.1802122 0.1821848 0.1814869 0.1718918 0.0000000 0.2111951 0.2008807 0.2065337 0.2786868 0.2837300 0.2762656 0.2038728 0.2308726 0.2311275 0.2393084 0.2082548 0.2112262 0.2480818 0.2424243 0.2497938 0.2508001 0.2342288 0.2415809 0.2420635 0.2257859 0.2229757 0.2498529 0.2465514 0.2404873 0.2495640 0.2734298 0.2661013 0.2442794 0.2520968 0.2540856 0.2193422 0.2453408 0.2726021 0.2588248 0.2201450 0.2248522 0.3011117 0.2730305 0.2874749 0.3134175 0.3093335 0.3103667 0.2928994 0.2993752 0.2919744 0.2826580 0.3133205 0.3081835 0.3019378 0.3108417 0.3546249 
Nicotiana_attenuata_XP_019240538.1    0.3265962 0.3300371 0.3323059 0.3421677 0.3522524 0.3328185 0.3558493 0.3488100 0.2132258 0.2068022 0.2053034 0.1962762 0.2111951 0.0000000 0.1524999 0.1580001 0.2625440 0.2752935 0.2894377 0.2370391 0.2372083 0.2413118 0.2304193 0.2209778 0.2181603 0.2472045 0.2331932 0.2460556 0.2308210 0.2470169 0.2632462 0.2543427 0.2152032 0.2166506 0.2286289 0.2236855 0.2400200 0.2399764 0.2399481 0.2613063 0.2408602 0.2390983 0.2508508 0.2153728 0.2535341 0.2552746 0.2926627 0.2317923 0.2464742 0.3146078 0.2835222 0.2978216 0.2850896 0.2776280 0.2753789 0.2963582 0.2982146 0.3058945 0.3007588 0.3124930 0.3030896 0.3004822 0.2983047 0.3670321 
Solanum_lycopersicum_XP_004242974.1   0.3198313 0.3264049 0.3209007 0.3414428 0.3554875 0.3414254 0.3546445 0.3566515 0.2449009 0.2311829 0.2343701 0.2267415 0.2008807 0.1524999 0.0000000 0.0047020 0.2843034 0.2976864 0.2915779 0.2301371 0.2487445 0.2375442 0.2360319 0.2389152 0.2360808 0.2552387 0.2435130 0.2539046 0.2581236 0.2651386 0.2785368 0.2727349 0.2458082 0.2439263 0.2510759 0.2490846 0.2462748 0.2639521 0.2605587 0.2676903 0.2523374 0.2550064 0.2622716 0.2279756 0.2712857 0.2783109 0.3121847 0.2443541 0.2572311 0.3238768 0.2688061 0.2975839 0.2947240 0.2907225 0.2885271 0.2690594 0.2756010 0.2844210 0.2822463 0.2922848 0.2954897 0.2825399 0.2953871 0.3856930 
Solanum_pennellii_XP_015081856.1      0.3261161 0.3326997 0.3271785 0.3477660 0.3618334 0.3477256 0.3610717 0.3630493 0.2507506 0.2370258 0.2402286 0.2325798 0.2065337 0.1580001 0.0047020 0.0000000 0.2903030 0.3037291 0.2975999 0.2358767 0.2546586 0.2433912 0.2418557 0.2447579 0.2419311 0.2611619 0.2494194 0.2598412 0.2640948 0.2710674 0.2844856 0.2786859 0.2516419 0.2497609 0.2510759 0.2548983 0.2521379 0.2639521 0.2605587 0.2676903 0.2582390 0.2608986 0.2682199 0.2337858 0.2712857 0.2783109 0.3121847 0.2502191 0.2631102 0.3299748 0.2747734 0.3035885 0.3007462 0.2967633 0.2945809 0.2749917 0.2815494 0.2903702 0.2881913 0.2982990 0.3015643 0.2825399 0.3022840 0.3920415 
Cicer_arietinum_XP_004502555.1        0.3339703 0.3395089 0.3398232 0.3488918 0.3567612 0.3394021 0.3585807 0.3587812 0.3148779 0.3077326 0.3043830 0.2993852 0.2786868 0.2625440 0.2843034 0.2903030 0.0000000 0.0163423 0.1379996 0.2329564 0.2294552 0.2406216 0.2276831 0.2376512 0.2396624 0.2355642 0.2296316 0.2599443 0.2641604 0.2580479 0.2717997 0.2483187 0.2431322 0.2402837 0.2488016 0.2465477 0.2525667 0.2029726 0.2184157 0.2394142 0.2184347 0.2053210 0.2381391 0.2483463 0.2687954 0.2994776 0.3030077 0.2518043 0.2550808 0.2330440 0.2247296 0.2617842 0.2855652 0.2722299 0.2700221 0.3243208 0.3253394 0.3139223 0.3135561 0.3180538 0.3108732 0.3132838 0.3043375 0.4239303 
Cicer_arietinum_XP_004513132.1        0.3386449 0.3441897 0.3445325 0.3536303 0.3637658 0.3463213 0.3595259 0.3592790 0.3227259 0.3117922 0.3084124 0.3034119 0.2837300 0.2752935 0.2976864 0.3037291 0.0163423 0.0000000 0.1459129 0.2414092 0.2378695 0.2514000 0.2392672 0.2468144 0.2488030 0.2420414 0.2360925 0.2645131 0.2687318 0.2625296 0.2795671 0.2508816 0.2484479 0.2455975 0.2540918 0.2532553 0.2570525 0.2180698 0.2337272 0.2550767 0.2241848 0.2110439 0.2427163 0.2523203 0.2689666 0.2997368 0.3066909 0.2650069 0.2664312 0.2427634 0.2312888 0.2673274 0.2934387 0.2800001 0.2778023 0.3333970 0.3323074 0.3145737 0.3142076 0.3249844 0.3129849 0.3092559 0.3031117 0.4285917 
Medicago_truncatula_XP_003620879.1    0.3303373 0.3358800 0.3325733 0.3487529 0.3499763 0.3381200 0.3491360 0.3446036 0.3354730 0.3298553 0.3244512 0.3241849 0.2762656 0.2894377 0.2915779 0.2975999 0.1379996 0.1459129 0.0000000 0.2261898 0.2253484 0.2417865 0.2401491 0.2469350 0.2429562 0.2566244 0.2477707 0.2398748 0.2412868 0.2493195 0.2605013 0.2425619 0.2331114 0.2320798 0.2467813 0.2472276 0.2349124 0.1876658 0.2060884 0.2137369 0.2064733 0.1990993 0.2183930 0.2595550 0.2797055 0.3056039 0.3016279 0.2472634 0.2503725 0.2304679 0.2119636 0.2526255 0.3051495 0.2964031 0.2973899 0.3064955 0.3082173 0.3001986 0.3010952 0.3043981 0.2918727 0.2954395 0.2892778 0.4148877 
Citrus_sinensis_XP_006475545.1        0.2868960 0.2912842 0.2927167 0.2918126 0.3035268 0.2936724 0.3284276 0.3329125 0.2649622 0.2744137 0.2749675 0.2625363 0.2038728 0.2370391 0.2301371 0.2358767 0.2329564 0.2414092 0.2261898 0.0000000 0.1785475 0.1528370 0.1340717 0.1330162 0.1375238 0.1653695 0.1590007 0.1519151 0.1624437 0.1564816 0.1650069 0.1627545 0.1601629 0.1535931 0.1288457 0.1344304 0.1357158 0.1620854 0.1727445 0.1901675 0.1344796 0.1378249 0.1587339 0.1713009 0.2304390 0.2526045 0.2761947 0.2169203 0.2212168 0.2304684 0.2208339 0.2093062 0.2689659 0.2612809 0.2621536 0.2848821 0.2898560 0.2911214 0.2829215 0.2973512 0.2947220 0.2953290 0.2914269 0.3622374 
Jatropha_curcas_XP_020536516.2        0.2699097 0.2724450 0.2636977 0.2691176 0.2883072 0.2847915 0.2996813 0.3026371 0.2672741 0.2646690 0.2642047 0.2662618 0.2308726 0.2372083 0.2487445 0.2546586 0.2294552 0.2378695 0.2253484 0.1785475 0.0000000 0.1029452 0.1106132 0.1341511 0.1399325 0.1510436 0.1513555 0.1971008 0.2116033 0.1918277 0.2031645 0.1947823 0.1740473 0.1715535 0.1770586 0.1828504 0.1768004 0.1959153 0.2097356 0.2194955 0.1797842 0.1746369 0.2037695 0.1796190 0.1901408 0.2192233 0.2616419 0.2045619 0.2077746 0.2545031 0.2396537 0.2341682 0.2477273 0.2491246 0.2499392 0.3018167 0.3058140 0.2999901 0.2934626 0.3048877 0.3172044 0.3088835 0.2896312 0.3361953 
Manihot_esculenta_XP_021598040.1      0.2739132 0.2786403 0.2768265 0.2780626 0.2865414 0.2829907 0.2889852 0.2933651 0.2596657 0.2642835 0.2655285 0.2591624 0.2311275 0.2413118 0.2375442 0.2433912 0.2406216 0.2514000 0.2417865 0.1528370 0.1029452 0.0000000 0.0703465 0.1348452 0.1361917 0.1530424 0.1446886 0.1884806 0.1812144 0.1984502 0.1994661 0.2096232 0.1831004 0.1749748 0.1697512 0.1728621 0.1752482 0.1659585 0.1889194 0.2105728 0.1564103 0.1574480 0.1748012 0.1667728 0.2144193 0.2529041 0.2742381 0.2114119 0.2113087 0.2496241 0.2495566 0.2476934 0.2528039 0.2480630 0.2488815 0.2700924 0.2679187 0.2695569 0.2630440 0.2758686 0.2814293 0.2652254 0.2704359 0.3361235 
Manihot_esculenta_XP_021605867.1      0.2705619 0.2752844 0.2745694 0.2758025 0.2816008 0.2773192 0.2902142 0.2946018 0.2590994 0.2633746 0.2646262 0.2523040 0.2393084 0.2304193 0.2360319 0.2418557 0.2276831 0.2392672 0.2401491 0.1340717 0.1106132 0.0703465 0.0000000 0.1244269 0.1311728 0.1441621 0.1334205 0.1772049 0.1713666 0.1914551 0.1985878 0.2037696 0.1837717 0.1756452 0.1563681 0.1649222 0.1749886 0.1610234 0.1845560 0.2076702 0.1460948 0.1403746 0.1670786 0.1626483 0.2237092 0.2458061 0.2660345 0.2115423 0.2169465 0.2373918 0.2210572 0.2429171 0.2370525 0.2322896 0.2330567 0.2784971 0.2762963 0.2788041 0.2721706 0.2881857 0.2949196 0.2830372 0.2804912 0.3622731 
Populus_euphratica_XP_011004709.1     0.2939831 0.2988122 0.2982521 0.2903013 0.3092905 0.3030267 0.3136063 0.3112626 0.2743684 0.2741913 0.2781350 0.2677058 0.2082548 0.2209778 0.2389152 0.2447579 0.2376512 0.2468144 0.2469350 0.1330162 0.1341511 0.1348452 0.1244269 0.0000000 0.0168347 0.1143228 0.1090590 0.1872542 0.1909127 0.1861080 0.2003756 0.1956123 0.1730427 0.1705146 0.1645762 0.1630821 0.1649189 0.1719128 0.1857261 0.2059132 0.1571097 0.1655805 0.1751732 0.1480787 0.2101327 0.2379566 0.2580524 0.2053587 0.2100642 0.2496166 0.2519141 0.2406916 0.2323265 0.2275655 0.2283128 0.2994117 0.3003839 0.3015580 0.2923556 0.3122504 0.3082072 0.3047853 0.3083448 0.3338601 
Populus_trichocarpa_XP_002308289.1    0.3081638 0.3130135 0.3125511 0.3045168 0.3235883 0.3172784 0.3280523 0.3256656 0.2681280 0.2751145 0.2741900 0.2642662 0.2112262 0.2181603 0.2360808 0.2419311 0.2396624 0.2488030 0.2429562 0.1375238 0.1399325 0.1361917 0.1311728 0.0168347 0.0000000 0.1145338 0.1092635 0.1909741 0.1926987 0.1928840 0.2072653 0.1992942 0.1710805 0.1685566 0.1702300 0.1687582 0.1734730 0.1665211 0.1820334 0.2003173 0.1616462 0.1682636 0.1779053 0.1457669 0.2238163 0.2526706 0.2729826 0.2066425 0.2137918 0.2573613 0.2578241 0.2363774 0.2411485 0.2304028 0.2311584 0.2932116 0.2941708 0.2953653 0.2862213 0.3081573 0.3051504 0.3017342 0.3014657 0.3348868 
Populus_euphratica_XP_011013607.1     0.2999486 0.3048006 0.3062033 0.3097136 0.3162969 0.3135569 0.3081514 0.3143284 0.2833375 0.2822852 0.2815647 0.2778186 0.2480818 0.2472045 0.2552387 0.2611619 0.2355642 0.2420414 0.2566244 0.1653695 0.1510436 0.1530424 0.1441621 0.1143228 0.1145338 0.0000000 0.0333295 0.2105137 0.2166821 0.2153268 0.2279647 0.2086936 0.2017243 0.1973881 0.2048467 0.2035139 0.1991389 0.1989248 0.2206190 0.2318886 0.1823813 0.1940558 0.2045674 0.1778635 0.2280560 0.2600473 0.2843995 0.2231300 0.2324145 0.2654821 0.2754473 0.2540488 0.2754235 0.2665992 0.2674846 0.3176318 0.3143967 0.3161824 0.3068627 0.3439457 0.3328874 0.3291000 0.3098664 0.3584642 
Populus_trichocarpa_XP_006371987.1    0.2961786 0.3010141 0.3023909 0.3058543 0.3147450 0.3125177 0.3066614 0.3128149 0.2724022 0.2808329 0.2799648 0.2842242 0.2424243 0.2331932 0.2435130 0.2494194 0.2296316 0.2360925 0.2477707 0.1590007 0.1513555 0.1446886 0.1334205 0.1090590 0.1092635 0.0333295 0.0000000 0.2192191 0.2197033 0.2117705 0.2243490 0.2108121 0.2003815 0.1966425 0.2049581 0.2036241 0.1995227 0.1871246 0.2137044 0.2272490 0.1742728 0.1830098 0.1980896 0.1734133 0.2171268 0.2483258 0.2777143 0.2213601 0.2307017 0.2753131 0.2674095 0.2542756 0.2626581 0.2548689 0.2557187 0.3046369 0.3056212 0.3052135 0.2959703 0.3287940 0.3148354 0.3111145 0.3016182 0.3590028 
Fragaria_vesca_XP_004288918.1         0.3180701 0.3176805 0.3225930 0.3186652 0.3295230 0.3135394 0.3328741 0.3357832 0.2828419 0.2805207 0.2807242 0.2648004 0.2497938 0.2460556 0.2539046 0.2598412 0.2599443 0.2645131 0.2398748 0.1519151 0.1971008 0.1884806 0.1772049 0.1872542 0.1909741 0.2105137 0.2192191 0.0000000 0.0353012 0.1541350 0.1642696 0.1433252 0.1246107 0.1162815 0.1377933 0.1461458 0.1392764 0.1907074 0.1940221 0.1977370 0.1711928 0.1656567 0.1890093 0.2074628 0.2417508 0.2529214 0.2646908 0.2315973 0.2300635 0.2413674 0.2314600 0.2394414 0.2731870 0.2678277 0.2687211 0.2943220 0.2961332 0.2983267 0.2948936 0.2872029 0.2899567 0.2892240 0.2875950 0.3885093 
Fragaria_vesca_XP_011459692.1         0.3078279 0.3074723 0.3122295 0.3088025 0.3190968 0.3031769 0.3222974 0.3251801 0.2882686 0.2840523 0.2774292 0.2989055 0.2508001 0.2308210 0.2581236 0.2640948 0.2641604 0.2687318 0.2412868 0.1624437 0.2116033 0.1812144 0.1713666 0.1909127 0.1926987 0.2166821 0.2197033 0.0353012 0.0000000 0.1560298 0.1661692 0.1405833 0.1246031 0.1162870 0.1584983 0.1642287 0.1586588 0.1769036 0.1959441 0.1961684 0.1612972 0.1532932 0.1827090 0.2173343 0.2425825 0.2624787 0.2897764 0.2249367 0.2234158 0.2515785 0.2318832 0.2368384 0.2805109 0.2751552 0.2760680 0.2858304 0.2876543 0.2898265 0.2864479 0.3399444 0.2825268 0.2824968 0.2782833 0.3881161 
Malus_domestica_NP_001315842.1        0.3114798 0.3059023 0.3071166 0.3089269 0.3205159 0.3101620 0.3381989 0.3404815 0.2529027 0.2865995 0.2889355 0.2861242 0.2342288 0.2470169 0.2651386 0.2710674 0.2580479 0.2625296 0.2493195 0.1564816 0.1918277 0.1984502 0.1914551 0.1861080 0.1928840 0.2153268 0.2117705 0.1541350 0.1560298 0.0000000 0.0453147 0.0578179 0.0924104 0.0903882 0.1181482 0.1209541 0.1013934 0.1912702 0.1994890 0.2149428 0.1662605 0.1720537 0.2025339 0.2067680 0.2223282 0.2463180 0.2645132 0.2130739 0.2159759 0.2518759 0.2642499 0.2416996 0.2972585 0.2896047 0.2905678 0.3101834 0.3151292 0.3188077 0.3168863 0.3084495 0.3098155 0.3136787 0.2915776 0.3617318 
Pyrus_x_bretschneideri_XP_009352610.1 0.3180244 0.3124127 0.3216919 0.3138465 0.3254268 0.3188513 0.3433309 0.3456029 0.2659791 0.3033405 0.3058540 0.3077617 0.2415809 0.2632462 0.2785368 0.2844856 0.2717997 0.2795671 0.2605013 0.1650069 0.2031645 0.1994661 0.1985878 0.2003756 0.2072653 0.2279647 0.2243490 0.1642696 0.1661692 0.0453147 0.0000000 0.0652742 0.1028327 0.1007248 0.1288729 0.1343544 0.1141846 0.2055622 0.2153794 0.2309808 0.1776196 0.1806947 0.2078939 0.2128554 0.2292487 0.2474622 0.2631074 0.2163145 0.2194096 0.2639569 0.2678673 0.2368500 0.3012865 0.2936347 0.2946109 0.3122450 0.3171810 0.3208445 0.3189265 0.3102278 0.3114139 0.3152660 0.2862787 0.3474956 
Malus_domestica_XP_008344120.2        0.3066446 0.3011230 0.3067323 0.3040861 0.3155891 0.3022030 0.3267743 0.3290707 0.2677426 0.2996966 0.3019492 0.2953965 0.2420635 0.2543427 0.2727349 0.2786859 0.2483187 0.2508816 0.2425619 0.1627545 0.1947823 0.2096232 0.2037696 0.1956123 0.1992942 0.2086936 0.2108121 0.1433252 0.1405833 0.0578179 0.0652742 0.0000000 0.0849884 0.0797107 0.1209272 0.1185212 0.1012184 0.1859248 0.1974414 0.2051575 0.1723936 0.1782432 0.2002072 0.2071207 0.2219325 0.2349059 0.2532390 0.2111644 0.2140508 0.2533771 0.2498054 0.2240732 0.2900238 0.2824434 0.2833738 0.3101153 0.3118513 0.3155283 0.3156836 0.3041134 0.3035200 0.3052749 0.2879671 0.3606817 
Prunus_mume_XP_008242429.1            0.2972629 0.2986859 0.3042402 0.2976713 0.3136217 0.3008607 0.3263915 0.3286779 0.2676009 0.2752364 0.2772986 0.2690761 0.2257859 0.2152032 0.2458082 0.2516419 0.2431322 0.2484479 0.2331114 0.1601629 0.1740473 0.1831004 0.1837717 0.1730427 0.1710805 0.2017243 0.2003815 0.1246107 0.1246031 0.0924104 0.1028327 0.0849884 0.0000000 0.0095438 0.1072614 0.1152424 0.1109228 0.1894128 0.1952109 0.2000225 0.1591492 0.1590823 0.1867475 0.1827024 0.2009592 0.2209740 0.2473365 0.1995800 0.2023939 0.2352023 0.2564696 0.2476757 0.2634821 0.2558841 0.2567289 0.2814443 0.2829789 0.2853375 0.2855016 0.2724210 0.2854687 0.2872229 0.2740989 0.3445639 
Prunus_persica_XP_020424364.1         0.3000269 0.3014521 0.3070284 0.3028080 0.3187818 0.3059980 0.3315579 0.3338285 0.2586520 0.2712146 0.2732366 0.2669602 0.2229757 0.2166506 0.2439263 0.2497609 0.2402837 0.2455975 0.2320798 0.1535931 0.1715535 0.1749748 0.1756452 0.1705146 0.1685566 0.1973881 0.1966425 0.1162815 0.1162870 0.0903882 0.1007248 0.0797107 0.0095438 0.0000000 0.1025969 0.1105045 0.1061898 0.1839105 0.1896341 0.2004973 0.1560929 0.1560003 0.1924509 0.1772331 0.1982655 0.2181961 0.2466881 0.1940606 0.1968373 0.2292806 0.2509077 0.2417461 0.2627493 0.2551748 0.2560146 0.2783820 0.2799216 0.2823128 0.2814697 0.2693893 0.2821977 0.2839485 0.2742274 0.3478781 
Prunus_mume_XP_008242430.1            0.2922150 0.2909287 0.2993766 0.2994500 0.3124634 0.3049286 0.3340757 0.3385402 0.2724670 0.2751221 0.2871183 0.2712471 0.2498529 0.2286289 0.2510759 0.2510759 0.2488016 0.2540918 0.2467813 0.1288457 0.1770586 0.1697512 0.1563681 0.1645762 0.1702300 0.2048467 0.2049581 0.1377933 0.1584983 0.1181482 0.1288729 0.1209272 0.1072614 0.1025969 0.0000000 0.0212954 0.0866346 0.1822026 0.1885195 0.2035995 0.1503992 0.1490724 0.1838310 0.1868642 0.2222198 0.2455584 0.2865449 0.2033069 0.2061093 0.2528767 0.2476759 0.2411141 0.2848240 0.2831898 0.2841287 0.3000852 0.3038069 0.2990712 0.2931249 0.3153611 0.2934513 0.2892526 0.2807886 0.3755595 
Prunus_persica_XP_020424381.1         0.2833611 0.2820809 0.2904515 0.2905230 0.3059194 0.2979183 0.3258743 0.3303460 0.2730487 0.2757200 0.2877504 0.2718283 0.2465514 0.2236855 0.2490846 0.2548983 0.2465477 0.2532553 0.2472276 0.1344304 0.1828504 0.1728621 0.1649222 0.1630821 0.1687582 0.2035139 0.2036241 0.1461458 0.1642287 0.1209541 0.1343544 0.1185212 0.1152424 0.1105045 0.0212954 0.0000000 0.0944091 0.1751309 0.1814113 0.1965298 0.1510775 0.1497506 0.1837120 0.1878314 0.2285150 0.2519833 0.2867933 0.1986366 0.2014273 0.2515506 0.2524630 0.2397678 0.2858839 0.2842460 0.2851911 0.2972358 0.3009805 0.2962441 0.2902826 0.3150637 0.2846285 0.2863788 0.2676556 0.3732590 
Malus_domestica_XP_008387640.2        0.2927694 0.2873182 0.2881808 0.2905002 0.3112064 0.3015646 0.3277121 0.3300163 0.2582226 0.2655164 0.2777388 0.2594088 0.2404873 0.2400200 0.2462748 0.2521379 0.2525667 0.2570525 0.2349124 0.1357158 0.1768004 0.1752482 0.1749886 0.1649189 0.1734730 0.1991389 0.1995227 0.1392764 0.1586588 0.1013934 0.1141846 0.1012184 0.1109228 0.1061898 0.0866346 0.0944091 0.0000000 0.1863136 0.1965065 0.1924062 0.1563961 0.1563384 0.1836515 0.1868414 0.2220997 0.2332822 0.2686586 0.2039342 0.2067741 0.2531218 0.2372271 0.2500198 0.2886737 0.2876624 0.2886259 0.3056153 0.3070947 0.3041658 0.2985864 0.3017345 0.2965687 0.2986028 0.2847013 0.3567607 
Glycine_max_XP_003530192.1            0.2632321 0.2675495 0.2658864 0.2735391 0.2832070 0.2844680 0.2889609 0.2913988 0.3140135 0.3085649 0.3096969 0.2924542 0.2495640 0.2399764 0.2639521 0.2639521 0.2029726 0.2180698 0.1876658 0.1620854 0.1959153 0.1659585 0.1610234 0.1719128 0.1665211 0.1989248 0.1871246 0.1907074 0.1769036 0.1912702 0.2055622 0.1859248 0.1894128 0.1839105 0.1822026 0.1751309 0.1863136 0.0000000 0.0465170 0.0724553 0.0969027 0.1011347 0.1104826 0.1882672 0.2704654 0.2841082 0.2810867 0.2069414 0.2102949 0.1919927 0.1995850 0.2175705 0.2401668 0.2343892 0.2351584 0.2899779 0.2909333 0.2901924 0.2940291 0.2976160 0.2881627 0.2809161 0.2767013 0.3456930 
Glycine_max_XP_006573922.1            0.2806938 0.2851109 0.2835404 0.2939774 0.3004600 0.3017787 0.3105829 0.3148884 0.3190817 0.3076534 0.3082365 0.2953844 0.2734298 0.2399481 0.2605587 0.2605587 0.2184157 0.2337272 0.2060884 0.1727445 0.2097356 0.1889194 0.1845560 0.1857261 0.1820334 0.2206190 0.2137044 0.1940221 0.1959441 0.1994890 0.2153794 0.1974414 0.1952109 0.1896341 0.1885195 0.1814113 0.1965065 0.0465170 0.0000000 0.0760980 0.1051523 0.1103857 0.1271949 0.1917073 0.2677794 0.2831448 0.2966048 0.2189722 0.2223836 0.1918035 0.2212472 0.2191412 0.2500870 0.2442625 0.2450677 0.3092771 0.3128146 0.3150948 0.3189617 0.3146935 0.3079831 0.3046788 0.2862737 0.3789515 
Phaseolus_vulgaris_XP_007152930.1     0.2869144 0.2890552 0.2825739 0.2908715 0.3055959 0.3032980 0.3184127 0.3192982 0.3215206 0.3330318 0.3349984 0.3149793 0.2661013 0.2613063 0.2676903 0.2676903 0.2394142 0.2550767 0.2137369 0.1901675 0.2194955 0.2105728 0.2076702 0.2059132 0.2003173 0.2318886 0.2272490 0.1977370 0.1961684 0.2149428 0.2309808 0.2051575 0.2000225 0.2004973 0.2035995 0.1965298 0.1924062 0.0724553 0.0760980 0.0000000 0.1271925 0.1327472 0.1406312 0.2164934 0.2905664 0.2962915 0.3115344 0.2426724 0.2443708 0.2145526 0.2275664 0.2234564 0.2569172 0.2477409 0.2485540 0.2940158 0.2966433 0.2954158 0.2992339 0.2950403 0.3010973 0.2938352 0.2933097 0.3687695 
Glycine_max_XP_003530532.1            0.2822631 0.2866195 0.2850815 0.2874109 0.2961516 0.2941499 0.3074096 0.3118698 0.2733415 0.2768683 0.2899062 0.2753516 0.2442794 0.2408602 0.2523374 0.2582390 0.2184347 0.2241848 0.2064733 0.1344796 0.1797842 0.1564103 0.1460948 0.1571097 0.1616462 0.1823813 0.1742728 0.1711928 0.1612972 0.1662605 0.1776196 0.1723936 0.1591492 0.1560929 0.1503992 0.1510775 0.1563961 0.0969027 0.1051523 0.1271925 0.0000000 0.0352255 0.0801668 0.1681222 0.2625521 0.2787308 0.2862441 0.2177681 0.2208176 0.1834886 0.2006884 0.2233395 0.2206798 0.2121694 0.2128646 0.2788228 0.2766130 0.2793051 0.2831177 0.2922802 0.2950521 0.2866178 0.2783534 0.3565184 
Glycine_max_XP_006580895.1            0.2798874 0.2842192 0.2826731 0.2865082 0.2936871 0.2946433 0.3069693 0.3114255 0.2811569 0.2918085 0.2928776 0.2782309 0.2520968 0.2390983 0.2550064 0.2608986 0.2053210 0.2110439 0.1990993 0.1378249 0.1746369 0.1574480 0.1403746 0.1655805 0.1682636 0.1940558 0.1830098 0.1656567 0.1532932 0.1720537 0.1806947 0.1782432 0.1590823 0.1560003 0.1490724 0.1497506 0.1563384 0.1011347 0.1103857 0.1327472 0.0352255 0.0000000 0.0870197 0.1745740 0.2547278 0.2734823 0.2852015 0.2160819 0.2191533 0.1729048 0.1815892 0.2350601 0.2182033 0.2078842 0.2085639 0.2812242 0.2790003 0.2816933 0.2855297 0.2880540 0.2888669 0.2915772 0.2802748 0.3631938 
Phaseolus_vulgaris_XP_007160245.1     0.2892648 0.2937047 0.2918332 0.2941243 0.3010913 0.2998855 0.3134229 0.3182192 0.3110153 0.2978191 0.3037629 0.2858390 0.2540856 0.2508508 0.2622716 0.2682199 0.2381391 0.2427163 0.2183930 0.1587339 0.2037695 0.1748012 0.1670786 0.1751732 0.1779053 0.2045674 0.1980896 0.1890093 0.1827090 0.2025339 0.2078939 0.2002072 0.1867475 0.1924509 0.1838310 0.1837120 0.1836515 0.1104826 0.1271949 0.1406312 0.0801668 0.0870197 0.0000000 0.1857743 0.2803161 0.2877897 0.3055339 0.2378355 0.2366294 0.1991989 0.2000002 0.2304598 0.2361599 0.2301262 0.2308890 0.3006253 0.3020666 0.2979199 0.3018110 0.3075320 0.3150047 0.3047585 0.2949393 0.3484810 
Vitis_vinifera_XP_002279881.1         0.3140180 0.3188131 0.3183964 0.3221672 0.3171214 0.3175681 0.3341687 0.3351332 0.2840268 0.2614953 0.2583571 0.2646527 0.2193422 0.2153728 0.2279756 0.2337858 0.2483463 0.2523203 0.2595550 0.1713009 0.1796190 0.1667728 0.1626483 0.1480787 0.1457669 0.1778635 0.1734133 0.2074628 0.2173343 0.2067680 0.2128554 0.2071207 0.1827024 0.1772331 0.1868642 0.1878314 0.1868414 0.1882672 0.1917073 0.2164934 0.1681222 0.1745740 0.1857743 0.0000000 0.2001732 0.2186382 0.2690293 0.1893025 0.1897073 0.2666870 0.2599308 0.2524492 0.2432019 0.2416813 0.2424569 0.2716490 0.2778492 0.2790853 0.2709770 0.2926483 0.3016181 0.2914087 0.2782541 0.3218991 
Helianthus_annuus_XP_021970430.1      0.3320355 0.3334348 0.3284707 0.3406458 0.3441447 0.3397719 0.3606592 0.3561162 0.2665759 0.2932314 0.2938918 0.2933608 0.2453408 0.2535341 0.2712857 0.2712857 0.2687954 0.2689666 0.2797055 0.2304390 0.1901408 0.2144193 0.2237092 0.2101327 0.2238163 0.2280560 0.2171268 0.2417508 0.2425825 0.2223282 0.2292487 0.2219325 0.2009592 0.1982655 0.2222198 0.2285150 0.2220997 0.2704654 0.2677794 0.2905664 0.2625521 0.2547278 0.2803161 0.2001732 0.0000000 0.0580025 0.1562490 0.2469813 0.2436461 0.3082350 0.2885522 0.3103914 0.2727361 0.2628295 0.2604377 0.3079478 0.3156981 0.3114169 0.3043003 0.3089108 0.3163738 0.3183225 0.3113486 0.3511626 
Helianthus_annuus_XP_022034811.1      0.3456217 0.3501065 0.3381901 0.3531408 0.3570422 0.3534236 0.3807154 0.3760245 0.2799248 0.3157000 0.3133221 0.3119153 0.2726021 0.2552746 0.2783109 0.2783109 0.2994776 0.2997368 0.3056039 0.2526045 0.2192233 0.2529041 0.2458061 0.2379566 0.2526706 0.2600473 0.2483258 0.2529214 0.2624787 0.2463180 0.2474622 0.2349059 0.2209740 0.2181961 0.2455584 0.2519833 0.2332822 0.2841082 0.2831448 0.2962915 0.2787308 0.2734823 0.2877897 0.2186382 0.0580025 0.0000000 0.1659602 0.2669335 0.2636175 0.3324586 0.3101286 0.3355612 0.3085452 0.2972389 0.2948942 0.3325096 0.3358711 0.3326372 0.3254027 0.3361725 0.3308035 0.3304147 0.3239945 0.3825084 
Helianthus_annuus_XP_021987014.1      0.3175601 0.3197619 0.3116598 0.3268004 0.3354354 0.3372332 0.3382038 0.3278395 0.3023779 0.3204553 0.3244090 0.3283372 0.2588248 0.2926627 0.3121847 0.3121847 0.3030077 0.3066909 0.3016279 0.2761947 0.2616419 0.2742381 0.2660345 0.2580524 0.2729826 0.2843995 0.2777143 0.2646908 0.2897764 0.2645132 0.2631074 0.2532390 0.2473365 0.2466881 0.2865449 0.2867933 0.2686586 0.2810867 0.2966048 0.3115344 0.2862441 0.2852015 0.3055339 0.2690293 0.1562490 0.1659602 0.0000000 0.2870568 0.2821842 0.2945011 0.3022758 0.3162567 0.3194864 0.3122203 0.3132784 0.3265199 0.3327262 0.3420430 0.3324535 0.3392561 0.3358298 0.3336210 0.3184082 0.4192481 
Papaver_somniferum_XP_026447443.1     0.3213646 0.3214807 0.3225825 0.3310698 0.3404168 0.3399130 0.3458973 0.3354019 0.2593041 0.2649459 0.2638524 0.2676431 0.2201450 0.2317923 0.2443541 0.2502191 0.2518043 0.2650069 0.2472634 0.2169203 0.2045619 0.2114119 0.2115423 0.2053587 0.2066425 0.2231300 0.2213601 0.2315973 0.2249367 0.2130739 0.2163145 0.2111644 0.1995800 0.1940606 0.2033069 0.1986366 0.2039342 0.2069414 0.2189722 0.2426724 0.2177681 0.2160819 0.2378355 0.1893025 0.2469813 0.2669335 0.2870568 0.0000000 0.0189520 0.2799017 0.2651251 0.2909084 0.2650030 0.2542283 0.2550555 0.2488459 0.2550669 0.2570857 0.2495339 0.2553252 0.2573115 0.2546955 0.2497690 0.2181441 
Papaver_somniferum_XP_026453318.1     0.3373112 0.3374120 0.3385803 0.3448640 0.3550925 0.3522480 0.3607548 0.3503732 0.2665380 0.2693391 0.2682587 0.2731103 0.2248522 0.2464742 0.2572311 0.2631102 0.2550808 0.2664312 0.2503725 0.2212168 0.2077746 0.2113087 0.2169465 0.2100642 0.2137918 0.2324145 0.2307017 0.2300635 0.2234158 0.2159759 0.2194096 0.2140508 0.2023939 0.1968373 0.2061093 0.2014273 0.2067741 0.2102949 0.2223836 0.2443708 0.2208176 0.2191533 0.2366294 0.1897073 0.2436461 0.2636175 0.2821842 0.0189520 0.0000000 0.2831533 0.2683130 0.2884790 0.2647771 0.2564661 0.2572970 0.2556895 0.2619163 0.2614157 0.2538450 0.2594918 0.2582909 0.2537124 0.2533522 0.2119223 
Cicer_arietinum_XP_004503531.1        0.3158345 0.3187277 0.3198845 0.3306450 0.3336158 0.3374978 0.3453739 0.3478630 0.3664996 0.3696813 0.3650126 0.3515159 0.3011117 0.3146078 0.3238768 0.3299748 0.2330440 0.2427634 0.2304679 0.2304684 0.2545031 0.2496241 0.2373918 0.2496166 0.2573613 0.2654821 0.2753131 0.2413674 0.2515785 0.2518759 0.2639569 0.2533771 0.2352023 0.2292806 0.2528767 0.2515506 0.2531218 0.1919927 0.1918035 0.2145526 0.1834886 0.1729048 0.1991989 0.2666870 0.3082350 0.3324586 0.2945011 0.2799017 0.2831533 0.0000000 0.1784090 0.2588020 0.2837623 0.2733566 0.2742719 0.3270105 0.3259143 0.3018626 0.3057087 0.3042373 0.3409124 0.3356997 0.3256244 0.4191245 
Medicago_truncatula_XP_013447291.1    0.3321071 0.3320180 0.3330763 0.3435969 0.3520053 0.3384448 0.3432122 0.3461450 0.3417385 0.3286457 0.3280020 0.3088740 0.2730305 0.2835222 0.2688061 0.2747734 0.2247296 0.2312888 0.2119636 0.2208339 0.2396537 0.2495566 0.2210572 0.2519141 0.2578241 0.2754473 0.2674095 0.2314600 0.2318832 0.2642499 0.2678673 0.2498054 0.2564696 0.2509077 0.2476759 0.2524630 0.2372271 0.1995850 0.2212472 0.2275664 0.2006884 0.1815892 0.2000002 0.2599308 0.2885522 0.3101286 0.3022758 0.2651251 0.2683130 0.1784090 0.0000000 0.2701894 0.2788701 0.2739417 0.2748600 0.2823765 0.2786724 0.2605796 0.2584677 0.2736155 0.2763580 0.2792692 0.2770408 0.4199519 
Carica_papaya_XP_021898719.1          0.2992960 0.3018632 0.3059568 0.3136270 0.3241761 0.3213592 0.3325344 0.3323158 0.3334081 0.3105561 0.3070478 0.3050383 0.2874749 0.2978216 0.2975839 0.3035885 0.2617842 0.2673274 0.2526255 0.2093062 0.2341682 0.2476934 0.2429171 0.2406916 0.2363774 0.2540488 0.2542756 0.2394414 0.2368384 0.2416996 0.2368500 0.2240732 0.2476757 0.2417461 0.2411141 0.2397678 0.2500198 0.2175705 0.2191412 0.2234564 0.2233395 0.2350601 0.2304598 0.2524492 0.3103914 0.3355612 0.3162567 0.2909084 0.2884790 0.2588020 0.2701894 0.0000000 0.3089984 0.3036087 0.3046410 0.3371194 0.3379674 0.3210261 0.3242619 0.3307921 0.3318967 0.3347256 0.3241342 0.4144731 
Cucumis_melo_XP_008450824.1           0.3451733 0.3507761 0.3480603 0.3451252 0.3590036 0.3528845 0.3499552 0.3444996 0.3271690 0.3296871 0.3260758 0.3210133 0.3134175 0.2850896 0.2947240 0.3007462 0.2855652 0.2934387 0.3051495 0.2689659 0.2477273 0.2528039 0.2370525 0.2323265 0.2411485 0.2754235 0.2626581 0.2731870 0.2805109 0.2972585 0.3012865 0.2900238 0.2634821 0.2627493 0.2848240 0.2858839 0.2886737 0.2401668 0.2500870 0.2569172 0.2206798 0.2182033 0.2361599 0.2432019 0.2727361 0.3085452 0.3194864 0.2650030 0.2647771 0.2837623 0.2788701 0.3089984 0.0000000 0.0212941 0.0213532 0.3156058 0.3095336 0.3204825 0.3204504 0.3105916 0.3319281 0.3240889 0.3344738 0.3974472 
Cucumis_sativus_NP_001292629.1        0.3363650 0.3419646 0.3391999 0.3362883 0.3501088 0.3469665 0.3448104 0.3393890 0.3143448 0.3223288 0.3187740 0.3119841 0.3093335 0.2776280 0.2907225 0.2967633 0.2722299 0.2800001 0.2964031 0.2612809 0.2491246 0.2480630 0.2322896 0.2275655 0.2304028 0.2665992 0.2548689 0.2678277 0.2751552 0.2896047 0.2936347 0.2824434 0.2558841 0.2551748 0.2831898 0.2842460 0.2876624 0.2343892 0.2442625 0.2477409 0.2121694 0.2078842 0.2301262 0.2416813 0.2628295 0.2972389 0.3122203 0.2542283 0.2564661 0.2733566 0.2739417 0.3036087 0.0212941 0.0000000 0.0000010 0.3083827 0.3023214 0.3132822 0.3132707 0.3033539 0.3181131 0.3134871 0.3268282 0.3950532 
Cucumis_sativus_XP_031738416.1        0.3340358 0.3396497 0.3368645 0.3336694 0.3477937 0.3446512 0.3424888 0.3370636 0.3154091 0.3234498 0.3198730 0.3130514 0.3103667 0.2753789 0.2885271 0.2945809 0.2700221 0.2778023 0.2973899 0.2621536 0.2499392 0.2488815 0.2330567 0.2283128 0.2311584 0.2674846 0.2557187 0.2687211 0.2760680 0.2905678 0.2946109 0.2833738 0.2567289 0.2560146 0.2841287 0.2851911 0.2886259 0.2351584 0.2450677 0.2485540 0.2128646 0.2085639 0.2308890 0.2424569 0.2604377 0.2948942 0.3132784 0.2550555 0.2572970 0.2742719 0.2748600 0.3046410 0.0213532 0.0000010 0.0000000 0.3094242 0.3033405 0.3143371 0.3143225 0.3043812 0.3192130 0.3145678 0.3281112 0.3964178 
Papaver_somniferum_XP_026398209.1     0.4133890 0.4148211 0.4125519 0.4273865 0.4275988 0.4129514 0.4110114 0.4112586 0.3421598 0.3357184 0.3312808 0.3363862 0.2928994 0.2963582 0.2690594 0.2749917 0.3243208 0.3333970 0.3064955 0.2848821 0.3018167 0.2700924 0.2784971 0.2994117 0.2932116 0.3176318 0.3046369 0.2943220 0.2858304 0.3101834 0.3122450 0.3101153 0.2814443 0.2783820 0.3000852 0.2972358 0.3056153 0.2899779 0.3092771 0.2940158 0.2788228 0.2812242 0.3006253 0.2716490 0.3079478 0.3325096 0.3265199 0.2488459 0.2556895 0.3270105 0.2823765 0.3371194 0.3156058 0.3083827 0.3094242 0.0000000 0.0211300 0.0551597 0.0648449 0.0731595 0.0841064 0.0738948 0.0793237 0.3609068 
Papaver_somniferum_XP_026423437.1     0.4169455 0.4187839 0.4164425 0.4352919 0.4347760 0.4200575 0.4170760 0.4172993 0.3439087 0.3393555 0.3349123 0.3400414 0.2993752 0.2982146 0.2756010 0.2815494 0.3253394 0.3323074 0.3082173 0.2898560 0.3058140 0.2679187 0.2762963 0.3003839 0.2941708 0.3143967 0.3056212 0.2961332 0.2876543 0.3151292 0.3171810 0.3118513 0.2829789 0.2799216 0.3038069 0.3009805 0.3070947 0.2909333 0.3128146 0.2966433 0.2766130 0.2790003 0.3020666 0.2778492 0.3156981 0.3358711 0.3327262 0.2550669 0.2619163 0.3259143 0.2786724 0.3379674 0.3095336 0.3023214 0.3033405 0.0211300 0.0000000 0.0475502 0.0571480 0.0700750 0.0860822 0.0759202 0.0811291 0.3649410 
Papaver_somniferum_XP_026405511.1     0.4120732 0.4167338 0.4144111 0.4329732 0.4274816 0.4195805 0.4133290 0.4135666 0.3495252 0.3394752 0.3350627 0.3339218 0.2919744 0.3058945 0.2844210 0.2903702 0.3139223 0.3145737 0.3001986 0.2911214 0.2999901 0.2695569 0.2788041 0.3015580 0.2953653 0.3161824 0.3052135 0.2983267 0.2898265 0.3188077 0.3208445 0.3155283 0.2853375 0.2823128 0.2990712 0.2962441 0.3041658 0.2901924 0.3150948 0.2954158 0.2793051 0.2816933 0.2979199 0.2790853 0.3114169 0.3326372 0.3420430 0.2570857 0.2614157 0.3018626 0.2605796 0.3210261 0.3204825 0.3132822 0.3143371 0.0551597 0.0475502 0.0000000 0.0233379 0.0825318 0.1016369 0.0913791 0.0989681 0.3608268 
