90
Arabidopsis_lyrata_XP_002865872.1     0.0000000 0.0000010 0.0224530 0.0297373 0.0439907 0.0598142 0.1048305 0.1031295 0.0942748 0.0925263 0.5211726 0.5319332 0.5217800 0.5127245 0.4975264 0.4807526 0.4724200 0.4331377 0.3988349 0.3729781 0.4586465 0.4434453 0.4445861 0.4611985 0.4450478 0.4833912 0.4512729 0.4466401 0.4563686 0.4630478 0.4630478 0.4652003 0.4881452 0.4872834 0.4583625 0.4579496 0.4158809 0.5080033 0.4876425 0.5364490 0.5435305 0.5590675 0.5424382 0.5558299 0.5422100 0.6277589 0.5228326 0.5236784 0.5873729 0.5884040 0.6039272 0.6039272 0.6084453 0.6084453 0.6085045 0.5945298 0.5938443 0.5895962 0.5894362 0.5914090 0.6223542 0.6431159 0.6326051 0.5789852 0.5825336 0.5997592 0.6519619 0.6510065 0.6414048 0.5327971 0.5366805 0.6474214 0.6926111 0.6522583 0.6891936 0.6878827 0.7124803 0.7303555 0.7460511 0.7407838 0.7434571 0.6970353 0.6917763 0.6982600 0.6987734 0.7005434 0.7433855 0.7479127 0.7319344 0.7525479 
Arabidopsis_lyrata_XP_020884717.1     0.0000010 0.0000000 0.0244729 0.0317198 0.0446031 0.0567746 0.1095939 0.1078011 0.0983226 0.0964760 0.5321584 0.5473840 0.5364704 0.5267711 0.5032406 0.4870279 0.4736372 0.4317926 0.4049750 0.3778862 0.4593486 0.4365038 0.4376934 0.4601550 0.4464527 0.4894820 0.4536452 0.4487014 0.4594805 0.4643210 0.4643210 0.4669852 0.4892162 0.4866197 0.4620253 0.4615811 0.4172994 0.5147586 0.4930158 0.5326255 0.5624300 0.5793576 0.5655918 0.5803344 0.5653037 0.6441958 0.5359226 0.5369784 0.6013761 0.6025762 0.6146212 0.6146212 0.6194815 0.6194815 0.6153914 0.6048319 0.6076570 0.5989007 0.6025779 0.6046956 0.6309874 0.6577943 0.6490987 0.5878496 0.5916598 0.6124669 0.6659529 0.6649077 0.6546067 0.5467939 0.5494218 0.6552608 0.7034896 0.6629607 0.6973907 0.6954645 0.7261595 0.7494526 0.7583766 0.7526598 0.7541727 0.7136881 0.7044861 0.7148498 0.7089591 0.7109249 0.7636940 0.7652674 0.7479637 0.7663102 
Arabidopsis_thaliana_NP_001330155.1   0.0224530 0.0244729 0.0000000 0.0000010 0.0492811 0.0601169 0.0978843 0.0956472 0.0806712 0.0783458 0.5148134 0.5130191 0.5039439 0.4942381 0.5009353 0.4940620 0.4453928 0.4021854 0.4021653 0.3745429 0.4551046 0.4461026 0.4476080 0.4523605 0.4303333 0.4785728 0.4426357 0.4372350 0.4372350 0.4547640 0.4547640 0.4617848 0.4908665 0.4853928 0.4156549 0.4128843 0.4128843 0.5050871 0.4905065 0.5165886 0.5428451 0.5482282 0.5529929 0.5713125 0.5457777 0.5781404 0.5327377 0.5336868 0.5372641 0.5381820 0.5558871 0.5558871 0.5558871 0.5558871 0.5636357 0.5482656 0.5422116 0.5401319 0.5448632 0.5473404 0.5842174 0.6092077 0.6087703 0.5628456 0.5673794 0.5380105 0.6101909 0.6090516 0.6040972 0.4892700 0.4955107 0.6037079 0.6552906 0.6531006 0.6611325 0.6565116 0.6865742 0.7227635 0.6858166 0.6788065 0.6808049 0.6899805 0.6941704 0.6919011 0.7045838 0.7069457 0.7274960 0.7355817 0.7241927 0.7670700 
Arabidopsis_thaliana_NP_199982.2      0.0297373 0.0317198 0.0000010 0.0000000 0.0479615 0.0647491 0.1070853 0.1054163 0.0949178 0.0931911 0.5352477 0.5289846 0.5188253 0.5178117 0.5138699 0.4940620 0.4628852 0.4235844 0.4005659 0.3717470 0.4622363 0.4423634 0.4435019 0.4578896 0.4517283 0.4785728 0.4442061 0.4392912 0.4447128 0.4538887 0.4538887 0.4559504 0.4834550 0.4825984 0.4587483 0.4579278 0.4128843 0.5215368 0.4990110 0.5193668 0.5463278 0.5606004 0.5468251 0.5602848 0.5460032 0.6216173 0.5348773 0.5358399 0.5918263 0.5928896 0.6079408 0.6079408 0.6124701 0.6124701 0.6125369 0.5962993 0.5955802 0.5913292 0.5911671 0.5931379 0.6050563 0.6378987 0.6202245 0.5759494 0.5794858 0.5964620 0.6557925 0.6548290 0.6424266 0.5310025 0.5321443 0.6412923 0.6948777 0.6531006 0.6883467 0.6866625 0.7229054 0.7427508 0.7401834 0.7331797 0.7408068 0.6892023 0.6839988 0.6904926 0.6909840 0.6927018 0.7353343 0.7398678 0.7350239 0.7556772 
Capsella_rubella_XP_023636072.1       0.0439907 0.0446031 0.0492811 0.0479615 0.0000000 0.0698427 0.1076644 0.1059887 0.0998621 0.0981470 0.5333125 0.5437126 0.5334758 0.5220555 0.5126505 0.4982063 0.4772107 0.4345085 0.3909259 0.3677972 0.4476923 0.4256142 0.4267114 0.4434322 0.4258463 0.4772998 0.4554552 0.4443012 0.4523569 0.4571770 0.4571770 0.4592880 0.4759279 0.4750829 0.4553938 0.4529060 0.4094701 0.5025649 0.4824043 0.5343170 0.5480682 0.5671751 0.5464362 0.5605462 0.5527735 0.6435855 0.5367041 0.5376769 0.6039058 0.6050497 0.6112040 0.6112040 0.6157584 0.6157584 0.6196966 0.5889100 0.5935670 0.5972965 0.5905639 0.5925347 0.6068600 0.6431518 0.6355529 0.5780331 0.5815727 0.5982459 0.6595910 0.6586233 0.6511015 0.5398569 0.5409417 0.6503092 0.7095371 0.6715913 0.6953283 0.6965076 0.7145847 0.7327603 0.7480967 0.7428182 0.7445094 0.7000189 0.6947238 0.7012218 0.6935987 0.6953335 0.7465755 0.7458915 0.7387817 0.7559716 
Eutrema_salsugineum_XP_024011619.1    0.0598142 0.0567746 0.0601169 0.0647491 0.0698427 0.0000000 0.0955124 0.0938127 0.0880855 0.0863414 0.5238172 0.5353301 0.5252855 0.5167496 0.5028660 0.4876643 0.4638993 0.4191198 0.4079555 0.3794322 0.4354714 0.4443978 0.4455284 0.4515096 0.4419060 0.4712992 0.4445120 0.4442928 0.4582457 0.4622933 0.4622933 0.4643227 0.4775680 0.4766236 0.4574541 0.4538198 0.4064664 0.4927281 0.4812836 0.5045920 0.5374250 0.5512658 0.5385933 0.5528124 0.5325277 0.6200585 0.5250918 0.5259533 0.5851141 0.5861200 0.5998109 0.5998109 0.6042683 0.6042683 0.6080106 0.5993937 0.5896127 0.5854596 0.5876352 0.5895749 0.6084537 0.6431515 0.6301229 0.5751579 0.5786717 0.5798243 0.6496335 0.6486951 0.6408518 0.5196342 0.5305168 0.6376961 0.6714890 0.6459820 0.6919564 0.6914102 0.7241248 0.7456288 0.7369244 0.7319827 0.7353517 0.7087921 0.7042857 0.7102706 0.7018861 0.7036682 0.7481829 0.7415425 0.7296307 0.7603788 
Brassica_oleracea_XP_013621567.1      0.1048305 0.1095939 0.0978843 0.1070853 0.1076644 0.0955124 0.0000000 0.0000010 0.0222650 0.0224032 0.5272645 0.5438090 0.5336998 0.5252135 0.5091051 0.4898970 0.4843413 0.4490695 0.4411722 0.4086992 0.4497292 0.4637169 0.4649043 0.4633596 0.4649154 0.4849479 0.4448687 0.4432831 0.4641699 0.4670691 0.4670691 0.4656778 0.4760984 0.4714231 0.4699248 0.4662645 0.4329825 0.5194096 0.5077230 0.5135405 0.5589311 0.5868114 0.5356904 0.5501309 0.5347510 0.6473335 0.5457080 0.5467627 0.6007638 0.6018788 0.6206844 0.6206844 0.6252396 0.6252396 0.6256303 0.6230691 0.6204630 0.6161271 0.6239275 0.6275497 0.6366594 0.6470497 0.6390891 0.6084717 0.6120362 0.6186492 0.6749090 0.6786941 0.6681541 0.5395517 0.5436271 0.6529167 0.7117576 0.6974081 0.7340521 0.7336366 0.7392304 0.7588498 0.7526561 0.7508148 0.7519764 0.7418944 0.7371924 0.7436126 0.7326078 0.7346049 0.7755278 0.7760671 0.7581296 0.7761233 
Brassica_oleracea_XP_013621568.1      0.1031295 0.1078011 0.0956472 0.1054163 0.1059887 0.0938127 0.0000010 0.0000000 0.0224032 0.0224032 0.5245003 0.5411251 0.5309742 0.5224493 0.5062858 0.4859783 0.4788552 0.4490695 0.4376758 0.4086992 0.4467690 0.4607929 0.4607929 0.4604429 0.4619955 0.4810172 0.4418551 0.4402670 0.4608022 0.4641575 0.4641575 0.4627404 0.4697327 0.4650681 0.4669953 0.4633218 0.4289570 0.5130202 0.5013354 0.5069698 0.5535202 0.5814896 0.5292241 0.5436400 0.5282816 0.6450393 0.5457080 0.5467627 0.5982774 0.5993824 0.6183111 0.6183111 0.6228833 0.6228833 0.6232750 0.6165687 0.6180768 0.6137287 0.6215609 0.6251987 0.6343848 0.6441371 0.6361354 0.6060665 0.6096469 0.6162886 0.6727931 0.6765954 0.6660066 0.5368413 0.5409588 0.6506949 0.7053635 0.6890418 0.7276387 0.7272612 0.7366222 0.7563050 0.7508775 0.7490304 0.7456096 0.7356917 0.7310134 0.7374703 0.7263971 0.7283611 0.7689202 0.7694534 0.7518236 0.7698528 
Brassica_rapa_XP_009127276.1          0.0942748 0.0983226 0.0806712 0.0949178 0.0998621 0.0880855 0.0222650 0.0224032 0.0000000 0.0000010 0.5144742 0.5348365 0.5247194 0.5062287 0.4929145 0.4728149 0.4751148 0.4385365 0.4215315 0.3905733 0.4344996 0.4528285 0.4539931 0.4627148 0.4584670 0.4685076 0.4273019 0.4282715 0.4452060 0.4556536 0.4556536 0.4541854 0.4648289 0.4601938 0.4632817 0.4596218 0.4228201 0.5085309 0.4941200 0.5011668 0.5374912 0.5630704 0.5236872 0.5404466 0.5273303 0.6299254 0.5260058 0.5268870 0.5793933 0.5803699 0.5984434 0.5984434 0.6029128 0.6029128 0.6067829 0.6032263 0.6071581 0.6028863 0.6056276 0.6075964 0.6142367 0.6335548 0.6282248 0.5925449 0.5960901 0.6072580 0.6581993 0.6619588 0.6555821 0.5235931 0.5243192 0.6483376 0.7029122 0.6796608 0.7037336 0.7035043 0.7311086 0.7506469 0.7380445 0.7396436 0.7402554 0.7193846 0.7148600 0.7212854 0.7099877 0.7118269 0.7560633 0.7566371 0.7424621 0.7622284 
Brassica_rapa_XP_009127280.1          0.0925263 0.0964760 0.0783458 0.0931911 0.0981470 0.0863414 0.0224032 0.0224032 0.0000010 0.0000000 0.5116408 0.5320968 0.5219381 0.5033670 0.4900151 0.4688042 0.4695750 0.4385365 0.4179701 0.3905733 0.4314746 0.4498454 0.4498454 0.4597809 0.4555142 0.4644845 0.4242018 0.4251822 0.4417454 0.4526828 0.4526828 0.4511877 0.4584164 0.4537923 0.4603115 0.4566386 0.4187307 0.5021027 0.4876875 0.4945384 0.5319821 0.5576399 0.5171830 0.5339278 0.5208334 0.6275515 0.5260058 0.5268870 0.5768044 0.5777697 0.5959684 0.5959684 0.6004540 0.6004540 0.6043393 0.5966795 0.6047068 0.6004236 0.6031711 0.6051497 0.6118575 0.6305808 0.6252233 0.5900613 0.5936223 0.6048379 0.6559986 0.6597749 0.6533695 0.5208113 0.5215674 0.6460780 0.6964594 0.6712211 0.6972438 0.6970528 0.7284655 0.7480662 0.7361845 0.7377950 0.7338485 0.7131135 0.7086135 0.7150751 0.7037052 0.7055103 0.7493928 0.7499633 0.7360824 0.7558806 
Capsicum_annuum_XP_016564777.1        0.5211726 0.5321584 0.5148134 0.5352477 0.5333125 0.5238172 0.5272645 0.5245003 0.5144742 0.5116408 0.0000000 0.1302538 0.1281044 0.0918745 0.1236685 0.0978056 0.4148495 0.3961757 0.4255968 0.4127326 0.3649755 0.4501443 0.4512440 0.4722274 0.4568438 0.4190456 0.3745326 0.3739553 0.3851102 0.3818468 0.4120314 0.3859537 0.4077384 0.4080654 0.4784459 0.4802343 0.3999189 0.4790620 0.4772921 0.4325934 0.4906783 0.5351838 0.5001217 0.5091040 0.4975697 0.5857481 0.4570058 0.4572667 0.5721717 0.5730402 0.5720726 0.5720726 0.5814704 0.5814704 0.5762462 0.5871673 0.5545670 0.5424119 0.5815015 0.5811326 0.5210040 0.5285320 0.5114038 0.5383333 0.5415945 0.5451693 0.5434138 0.5397503 0.5435053 0.5206273 0.5326129 0.5842501 0.6223977 0.5126800 0.6309864 0.6466993 0.5986045 0.6258516 0.6269309 0.6245057 0.6346841 0.6513113 0.6487174 0.6551348 0.6730590 0.6745547 0.6492022 0.6528049 0.6739293 0.6584727 
Solanum_lycopersicum_XP_004234155.1   0.5319332 0.5473840 0.5130191 0.5289846 0.5437126 0.5353301 0.5438090 0.5411251 0.5348365 0.5320968 0.1302538 0.0000000 0.0094128 0.0500089 0.1400555 0.1225915 0.4044181 0.3915083 0.4180863 0.4078757 0.3588721 0.4524300 0.4535344 0.4854329 0.4633188 0.4393593 0.3775698 0.3750478 0.3846650 0.3742313 0.4067824 0.3785455 0.4032031 0.4035265 0.4528615 0.4595722 0.3813875 0.4915754 0.4887834 0.4319208 0.5165804 0.5547734 0.5111680 0.5171997 0.5169660 0.5721403 0.4629059 0.4632180 0.5660751 0.5669066 0.5633399 0.5633399 0.5758549 0.5758549 0.5632549 0.5941043 0.5514908 0.5515247 0.5847339 0.5882000 0.5416030 0.5377840 0.5301862 0.5400129 0.5432469 0.5693463 0.5557121 0.5520241 0.5524267 0.5351409 0.5399114 0.5940448 0.6405356 0.5291807 0.6579490 0.6778629 0.5820170 0.6230794 0.6237200 0.6183835 0.6272602 0.6670481 0.6610768 0.6705107 0.6879072 0.6895062 0.6582393 0.6683638 0.6859828 0.6575442 
Solanum_pennellii_XP_015070880.1      0.5217800 0.5364704 0.5039439 0.5188253 0.5334758 0.5252855 0.5336998 0.5309742 0.5247194 0.5219381 0.1281044 0.0094128 0.0000000 0.0478935 0.1367867 0.1177937 0.3979092 0.3845606 0.4093253 0.3984372 0.3523748 0.4489605 0.4500575 0.4797929 0.4576834 0.4270329 0.3637430 0.3612251 0.3714412 0.3663292 0.3989833 0.3706284 0.3961463 0.3964641 0.4493552 0.4560408 0.3764005 0.4822398 0.4794436 0.4233847 0.5116737 0.5526155 0.5140971 0.5201364 0.5163949 0.5654495 0.4507195 0.4509280 0.5540466 0.5548050 0.5576570 0.5576570 0.5701245 0.5701245 0.5575685 0.5916944 0.5492122 0.5492363 0.5823564 0.5858177 0.5312760 0.5424619 0.5274406 0.5352203 0.5384448 0.5630137 0.5597667 0.5560812 0.5564905 0.5325581 0.5349010 0.5910138 0.6335585 0.5187496 0.6547826 0.6746399 0.5795624 0.6234271 0.6152043 0.6098976 0.6187227 0.6616132 0.6556794 0.6651204 0.6818218 0.6833800 0.6527632 0.6628899 0.6832341 0.6514176 
Solanum_tuberosum_XP_006348054.1      0.5127245 0.5267711 0.4942381 0.5178117 0.5220555 0.5167496 0.5252135 0.5224493 0.5062287 0.5033670 0.0918745 0.0500089 0.0478935 0.0000000 0.0948140 0.0964589 0.3738723 0.3474380 0.4153877 0.3962134 0.3575868 0.3883517 0.3893202 0.4117024 0.3996731 0.4062113 0.3718023 0.3708671 0.3795443 0.3672921 0.3672921 0.3716172 0.3949090 0.3952269 0.4167471 0.4174208 0.3773644 0.4901090 0.4873962 0.3771458 0.4638636 0.5140211 0.4709815 0.4717469 0.4804048 0.5199145 0.4437690 0.4439197 0.5005772 0.5010314 0.5029759 0.5029759 0.5093185 0.5093185 0.4985164 0.5565350 0.4999757 0.5007788 0.5321733 0.5327077 0.4811833 0.5114163 0.5001984 0.4869628 0.4902164 0.5009592 0.5167597 0.5130188 0.5133517 0.4848357 0.4866227 0.5449231 0.5822368 0.5317404 0.6054022 0.6255105 0.5612833 0.6139640 0.6084327 0.6057385 0.6190861 0.6092988 0.6047315 0.6154407 0.6189018 0.6200927 0.6183257 0.6184335 0.6079024 0.6321688 
Nicotiana_attenuata_XP_019236061.1    0.4975264 0.5032406 0.5009353 0.5138699 0.5126505 0.5028660 0.5091051 0.5062858 0.4929145 0.4900151 0.1236685 0.1400555 0.1367867 0.0948140 0.0000000 0.0000010 0.4057225 0.3804485 0.3744306 0.3578812 0.3325647 0.4015111 0.4024797 0.4473050 0.4175541 0.3945238 0.3533594 0.3540095 0.3652435 0.3648709 0.3927659 0.3684293 0.4016518 0.4019717 0.4333911 0.4286929 0.3604646 0.4669747 0.4607680 0.4356886 0.4849547 0.5216208 0.4968065 0.5070841 0.4990439 0.5604072 0.4083745 0.4082311 0.5380569 0.5387074 0.5359194 0.5359194 0.5451603 0.5451603 0.5432252 0.5514965 0.5120068 0.5007360 0.5429538 0.5425376 0.5166679 0.5326658 0.5207526 0.5058923 0.5090328 0.5417683 0.5292128 0.5324340 0.5232053 0.5189421 0.5177106 0.5702229 0.6271689 0.5175290 0.6129824 0.6310040 0.5472498 0.5863139 0.5900490 0.5880169 0.5969636 0.6502018 0.6449198 0.6541157 0.6758595 0.6773594 0.6599986 0.6611117 0.6638447 0.6163228 
Nicotiana_attenuata_XP_019236062.1    0.4807526 0.4870279 0.4940620 0.4940620 0.4982063 0.4876643 0.4898970 0.4859783 0.4728149 0.4688042 0.0978056 0.1225915 0.1177937 0.0964589 0.0000010 0.0000000 0.2966048 0.2668059 0.3636502 0.3379670 0.3302218 0.3851817 0.3864883 0.3898766 0.3466297 0.3945238 0.3426412 0.3466575 0.3466575 0.3584212 0.3584212 0.3649430 0.4050587 0.4012879 0.3425643 0.3373818 0.3373818 0.4256778 0.4294731 0.3566482 0.4131425 0.4178798 0.4022445 0.4141234 0.4144965 0.4315661 0.3876395 0.3873231 0.4027687 0.4025859 0.4023614 0.4023614 0.4023614 0.4023614 0.4030414 0.4525995 0.4018288 0.4015890 0.4303250 0.4295671 0.4171265 0.4273764 0.4338720 0.3919763 0.3960255 0.3987542 0.4076209 0.4117571 0.4023902 0.4043750 0.4069597 0.4454780 0.4975070 0.4975070 0.5093848 0.5269522 0.4743261 0.5115909 0.4717716 0.4674236 0.4925622 0.5512041 0.5553493 0.5554745 0.5693267 0.5704681 0.5598746 0.5616121 0.5743048 0.6059546 
Vitis_vinifera_XP_002268932.2         0.4724200 0.4736372 0.4453928 0.4628852 0.4772107 0.4638993 0.4843413 0.4788552 0.4751148 0.4695750 0.4148495 0.4044181 0.3979092 0.3738723 0.4057225 0.2966048 0.0000000 0.0000010 0.3175872 0.2938195 0.2951554 0.3383394 0.3367604 0.3659593 0.3881787 0.3152693 0.2861581 0.2959253 0.2973591 0.2934029 0.3279335 0.3020776 0.3566089 0.3588625 0.3823027 0.3905287 0.2984231 0.3991567 0.3911084 0.3734826 0.4586489 0.4684576 0.4301877 0.4593192 0.4684762 0.4942879 0.3653080 0.3648180 0.4634597 0.4636719 0.4868622 0.4868622 0.5003388 0.5003388 0.4972664 0.4623095 0.4527279 0.4415035 0.4381230 0.4405864 0.4333436 0.4659491 0.4441507 0.4174515 0.4203718 0.4297850 0.4630324 0.4660601 0.4611865 0.4465397 0.4543660 0.4538146 0.6006562 0.5032787 0.5423907 0.5471397 0.5144292 0.5389252 0.5591697 0.5543878 0.5363303 0.5684620 0.5833376 0.5854948 0.5944042 0.5953633 0.6143730 0.6069210 0.5716311 0.5492896 
Vitis_vinifera_XP_010662365.1         0.4331377 0.4317926 0.4021854 0.4235844 0.4345085 0.4191198 0.4490695 0.4490695 0.4385365 0.4385365 0.3961757 0.3915083 0.3845606 0.3474380 0.3804485 0.2668059 0.0000010 0.0000000 0.2938195 0.2938195 0.2727074 0.3233161 0.3233161 0.3425074 0.3550917 0.2915935 0.2636931 0.2724740 0.2699320 0.2746947 0.3123490 0.2812216 0.3274854 0.3299238 0.3551229 0.3633449 0.2554183 0.3738627 0.3671917 0.3546284 0.4444320 0.4589014 0.4051449 0.4354113 0.4461014 0.4683123 0.3569993 0.3564376 0.4501397 0.4502874 0.4675274 0.4675274 0.4819349 0.4819349 0.4785967 0.4341385 0.4270429 0.4171176 0.4180447 0.4142369 0.3940243 0.4334056 0.4111193 0.3691510 0.3721961 0.4040138 0.4319014 0.4351215 0.4264211 0.4180418 0.4289990 0.4339560 0.5632762 0.4532505 0.4886225 0.4946648 0.4631615 0.4952669 0.5315863 0.5313145 0.5143803 0.5576499 0.5735608 0.5757244 0.5857920 0.5867660 0.5805032 0.5735002 0.5544702 0.5226597 
Carica_papaya_XP_021909254.1          0.3988349 0.4049750 0.4021653 0.4005659 0.3909259 0.4079555 0.4411722 0.4376758 0.4215315 0.4179701 0.4255968 0.4180863 0.4093253 0.4153877 0.3744306 0.3636502 0.3175872 0.2938195 0.0000000 0.0000010 0.2484484 0.2737814 0.2744343 0.2834436 0.2930177 0.3100843 0.2868125 0.2819677 0.2811782 0.2948896 0.2948896 0.2969027 0.3524718 0.3554765 0.2933154 0.2955192 0.2648518 0.3757326 0.3762745 0.4026548 0.4102855 0.4199449 0.3958340 0.4116746 0.4031883 0.4667426 0.3882808 0.3879788 0.4306913 0.4307192 0.4473039 0.4473039 0.4530544 0.4530544 0.4431325 0.4477855 0.4189011 0.4214970 0.4393932 0.4358888 0.4573851 0.4191628 0.4233187 0.3973290 0.4003418 0.4437866 0.4595935 0.4627754 0.4564422 0.3800471 0.3825075 0.4861620 0.5270794 0.4972176 0.5405767 0.5441392 0.5372261 0.5686759 0.6158872 0.6004570 0.5807995 0.5365170 0.5422133 0.5495645 0.5468750 0.5475705 0.5797898 0.5810217 0.5658670 0.6011788 
Carica_papaya_XP_021909255.1          0.3729781 0.3778862 0.3745429 0.3717470 0.3677972 0.3794322 0.4086992 0.4086992 0.3905733 0.3905733 0.4127326 0.4078757 0.3984372 0.3962134 0.3578812 0.3379670 0.2938195 0.2938195 0.0000010 0.0000000 0.2426548 0.2645700 0.2645700 0.2717602 0.2806270 0.2949813 0.2712160 0.2751410 0.2731889 0.2790296 0.2790296 0.2842848 0.3337330 0.3369634 0.2694492 0.2712050 0.2302469 0.3701396 0.3704861 0.3853078 0.3829974 0.3965688 0.3639359 0.3799926 0.3743857 0.4371072 0.3801909 0.3798210 0.4200786 0.4200419 0.4301419 0.4301419 0.4362496 0.4362496 0.4256152 0.4274973 0.3960428 0.4018548 0.4270489 0.4229981 0.4318084 0.3963189 0.4079598 0.3594533 0.3626403 0.4195812 0.4431063 0.4465408 0.4360293 0.3626159 0.3678609 0.4681090 0.4840347 0.4485844 0.5079769 0.5096927 0.4929271 0.5395672 0.5890102 0.5743410 0.5540897 0.5273575 0.5334638 0.5412454 0.5364096 0.5370875 0.5578989 0.5586844 0.5527585 0.5780758 
Citrus_sinensis_XP_006490258.1        0.4586465 0.4593486 0.4551046 0.4622363 0.4476923 0.4354714 0.4497292 0.4467690 0.4344996 0.4314746 0.3649755 0.3588721 0.3523748 0.3575868 0.3325647 0.3302218 0.2951554 0.2727074 0.2484484 0.2426548 0.0000000 0.2489963 0.2495853 0.2615914 0.2740895 0.2598786 0.2574441 0.2573472 0.2701811 0.2559861 0.2559861 0.2572811 0.3201724 0.3251002 0.2818237 0.2805007 0.2425422 0.3756322 0.3772829 0.3588407 0.3992058 0.4585256 0.3895482 0.3963708 0.4168953 0.4980281 0.3826714 0.3823194 0.4294384 0.4294591 0.4582457 0.4582457 0.4620096 0.4620096 0.4632612 0.4584811 0.3997813 0.4013971 0.4455927 0.4468833 0.4334426 0.4211381 0.4149048 0.4275062 0.4305881 0.4265316 0.4501357 0.4532679 0.4473123 0.3764991 0.3840676 0.4380273 0.5579812 0.5193953 0.5323321 0.5309668 0.5146484 0.5483285 0.5757967 0.5855369 0.5690434 0.5535788 0.5494562 0.5662986 0.5543073 0.5550478 0.5845579 0.5785325 0.5752200 0.5937667 
Jatropha_curcas_XP_012090384.1        0.4434453 0.4365038 0.4461026 0.4423634 0.4256142 0.4443978 0.4637169 0.4607929 0.4528285 0.4498454 0.4501443 0.4524300 0.4489605 0.3883517 0.4015111 0.3851817 0.3383394 0.3233161 0.2737814 0.2645700 0.2489963 0.0000000 0.0000010 0.1609066 0.2053676 0.2836911 0.2692159 0.2699964 0.2715752 0.2496494 0.2660323 0.2544822 0.3164798 0.3229991 0.2910495 0.2896683 0.2329757 0.4005164 0.3873812 0.4139303 0.4254657 0.4580121 0.4133717 0.4348743 0.4239883 0.5594406 0.4456054 0.4457683 0.5035305 0.5039799 0.5259274 0.5259274 0.5355252 0.5355252 0.5398844 0.4574426 0.4403337 0.4423754 0.4769171 0.4793177 0.4784972 0.5020009 0.4866055 0.4550592 0.4580832 0.4819153 0.5048439 0.5080007 0.4998574 0.4431922 0.4396526 0.4789495 0.5977815 0.5339888 0.5881476 0.5936086 0.5625923 0.5882220 0.6222126 0.6137018 0.5982884 0.6406822 0.6368241 0.6469691 0.6462216 0.6475261 0.6702877 0.6700943 0.6432819 0.6230194 
Jatropha_curcas_XP_037492284.1        0.4445861 0.4376934 0.4476080 0.4435019 0.4267114 0.4455284 0.4649043 0.4607929 0.4539931 0.4498454 0.4512440 0.4535344 0.4500575 0.3893202 0.4024797 0.3864883 0.3367604 0.3233161 0.2744343 0.2645700 0.2495853 0.0000010 0.0000000 0.1612574 0.2058216 0.2846213 0.2698539 0.2706369 0.2723202 0.2502388 0.2666424 0.2550820 0.3142983 0.3208139 0.2917312 0.2903493 0.2337177 0.3983081 0.3851669 0.4117156 0.4240352 0.4566399 0.4112122 0.4327094 0.4218150 0.5608630 0.4456054 0.4457683 0.5047949 0.5052526 0.5272383 0.5272383 0.5368582 0.5368582 0.5412315 0.4551516 0.4414201 0.4434708 0.4781076 0.4805140 0.4796751 0.5032402 0.4878239 0.4561738 0.4592058 0.4831099 0.5060956 0.5092611 0.5010978 0.4442741 0.4407213 0.4801494 0.5955303 0.5308816 0.5858656 0.5913266 0.5640651 0.5897787 0.6238853 0.6153442 0.5958820 0.6384885 0.6346367 0.6448013 0.6440442 0.6453368 0.6677415 0.6675558 0.6410590 0.6206848 
Manihot_esculenta_XP_021592085.1      0.4611985 0.4601550 0.4523605 0.4578896 0.4434322 0.4515096 0.4633596 0.4604429 0.4627148 0.4597809 0.4722274 0.4854329 0.4797929 0.4117024 0.4473050 0.3898766 0.3659593 0.3425074 0.2834436 0.2717602 0.2615914 0.1609066 0.1612574 0.0000000 0.1405645 0.2958621 0.2824735 0.2889085 0.2949965 0.2752901 0.2820324 0.2795970 0.3396762 0.3478859 0.2947213 0.2891517 0.2369274 0.3934576 0.3908204 0.4132806 0.4576231 0.4956560 0.4671803 0.4742765 0.4619177 0.5630374 0.4345656 0.4346370 0.5312687 0.5318805 0.5299752 0.5299752 0.5440340 0.5440340 0.5451484 0.4918038 0.4670758 0.4657990 0.5082811 0.5107164 0.5066746 0.5116184 0.5080014 0.4620487 0.4650654 0.4843319 0.5324933 0.5356930 0.5257426 0.4795645 0.4809552 0.5285968 0.6133148 0.5490811 0.6208635 0.6302943 0.5552541 0.5728071 0.6063373 0.6186149 0.5936779 0.6690923 0.6784807 0.6788231 0.6584168 0.6597814 0.6797020 0.6820059 0.6568721 0.6225034 
Manihot_esculenta_XP_021616259.1      0.4450478 0.4464527 0.4303333 0.4517283 0.4258463 0.4419060 0.4649154 0.4619955 0.4584670 0.4555142 0.4568438 0.4633188 0.4576834 0.3996731 0.4175541 0.3466297 0.3881787 0.3550917 0.2930177 0.2806270 0.2740895 0.2053676 0.2058216 0.1405645 0.0000000 0.2822086 0.2997830 0.2989934 0.2971948 0.2802050 0.2990316 0.2830854 0.3547365 0.3630404 0.3075203 0.3035670 0.2395486 0.3841608 0.3766060 0.4147984 0.4568816 0.4888935 0.4553431 0.4631884 0.4550871 0.5527494 0.4034126 0.4032281 0.5155750 0.5160947 0.5172999 0.5172999 0.5335086 0.5335086 0.5316704 0.4937575 0.4691454 0.4676578 0.5104292 0.5054441 0.4985882 0.5078458 0.4963700 0.4765311 0.4795917 0.4968516 0.5483114 0.5515632 0.5405910 0.4605296 0.4603274 0.5419915 0.6076648 0.5242619 0.6028256 0.6100885 0.5530918 0.5749583 0.5842612 0.6078813 0.5836139 0.6733066 0.6765251 0.6785444 0.6748958 0.6763777 0.6865278 0.7001278 0.6648781 0.6288821 
Fragaria_vesca_XP_011470445.1         0.4833912 0.4894820 0.4785728 0.4785728 0.4772998 0.4712992 0.4849479 0.4810172 0.4685076 0.4644845 0.4190456 0.4393593 0.4270329 0.4062113 0.3945238 0.3945238 0.3152693 0.2915935 0.3100843 0.2949813 0.2598786 0.2836911 0.2846213 0.2958621 0.2822086 0.0000000 0.1297232 0.1337909 0.1337909 0.1348069 0.1348069 0.1389009 0.3299076 0.3336972 0.2812884 0.2675610 0.2675610 0.4002826 0.3940985 0.3758828 0.3384411 0.3420806 0.3347209 0.3572990 0.3400691 0.4379922 0.4004819 0.4002714 0.3984330 0.3982154 0.4132384 0.4132384 0.4132384 0.4132384 0.4197696 0.4214869 0.3522809 0.3604747 0.3858966 0.3812895 0.3909865 0.3798026 0.4053013 0.3601229 0.3640690 0.3885266 0.4021583 0.4014670 0.4035229 0.3693603 0.3820411 0.4139649 0.5230493 0.5230493 0.5159188 0.5081413 0.4803693 0.5145855 0.4993022 0.4946789 0.5210315 0.5167863 0.5174636 0.5232753 0.5311177 0.5319195 0.5335304 0.5346069 0.5254460 0.5836695 
Malus_domestica_XP_008343708.1        0.4512729 0.4536452 0.4426357 0.4442061 0.4554552 0.4445120 0.4448687 0.4418551 0.4273019 0.4242018 0.3745326 0.3775698 0.3637430 0.3718023 0.3533594 0.3426412 0.2861581 0.2636931 0.2868125 0.2712160 0.2574441 0.2692159 0.2698539 0.2824735 0.2997830 0.1297232 0.0000000 0.0179968 0.0185138 0.1049620 0.1049620 0.1022102 0.3065181 0.3113374 0.3138661 0.3179959 0.2824652 0.3704518 0.3632588 0.3709643 0.3661893 0.3964272 0.3616005 0.3687030 0.3777606 0.4892648 0.3907357 0.3904478 0.4382507 0.4383236 0.4548730 0.4548730 0.4586310 0.4586310 0.4581502 0.4728093 0.4218125 0.4239096 0.4590057 0.4583879 0.4537809 0.4430500 0.4383496 0.4180973 0.4188326 0.4437699 0.4632978 0.4626879 0.4565110 0.3938628 0.3997423 0.4778918 0.5242100 0.4834641 0.5633033 0.5660490 0.5541009 0.5796167 0.6277796 0.6200647 0.6194155 0.5413346 0.5473934 0.5561669 0.5484899 0.5492024 0.5705092 0.5691374 0.5753052 0.6179981 
Pyrus_x_bretschneideri_XP_009374544.1 0.4466401 0.4487014 0.4372350 0.4392912 0.4443012 0.4442928 0.4432831 0.4402670 0.4282715 0.4251822 0.3739553 0.3750478 0.3612251 0.3708671 0.3540095 0.3466575 0.2959253 0.2724740 0.2819677 0.2751410 0.2573472 0.2699964 0.2706369 0.2889085 0.2989934 0.1337909 0.0179968 0.0000000 0.0022848 0.1038664 0.1038664 0.1011221 0.3067330 0.3115604 0.3176438 0.3217937 0.2879593 0.3668944 0.3597188 0.3584111 0.3703283 0.4021368 0.3577832 0.3648349 0.3806499 0.5007189 0.4002572 0.4000458 0.4496785 0.4498196 0.4706583 0.4706583 0.4744893 0.4744893 0.4739929 0.4634047 0.4127205 0.4148258 0.4496337 0.4490248 0.4519661 0.4417101 0.4360103 0.4031282 0.4038341 0.4428843 0.4583509 0.4577463 0.4536782 0.3846720 0.3905537 0.4716662 0.5221286 0.4805046 0.5559487 0.5587059 0.5472910 0.5726235 0.6191983 0.6159916 0.6121920 0.5296678 0.5357513 0.5444847 0.5368583 0.5374954 0.5584184 0.5546259 0.5683312 0.6107574 
Pyrus_x_bretschneideri_XP_018506959.1 0.4563686 0.4594805 0.4372350 0.4447128 0.4523569 0.4582457 0.4641699 0.4608022 0.4452060 0.4417454 0.3851102 0.3846650 0.3714412 0.3795443 0.3652435 0.3466575 0.2973591 0.2699320 0.2811782 0.2731889 0.2701811 0.2715752 0.2723202 0.2949965 0.2971948 0.1337909 0.0185138 0.0022848 0.0000000 0.0956638 0.0956638 0.0951311 0.2982642 0.3042148 0.3124638 0.3130490 0.2879593 0.3531650 0.3513701 0.3550881 0.3741765 0.3831432 0.3640602 0.3768933 0.3847812 0.4789056 0.3830980 0.3827444 0.4257025 0.4257012 0.4463021 0.4463021 0.4505560 0.4505560 0.4484089 0.4554758 0.4175880 0.4202714 0.4541656 0.4534646 0.4533396 0.4369152 0.4397956 0.4027514 0.4035502 0.4297647 0.4613997 0.4607021 0.4626391 0.3803466 0.3836569 0.4769251 0.5239192 0.4805046 0.5642097 0.5637915 0.5425350 0.5668941 0.5793963 0.5770236 0.5976934 0.5323604 0.5393704 0.5465631 0.5440000 0.5447879 0.5692213 0.5676478 0.5817905 0.6256561 
Prunus_mume_XP_008234348.1            0.4630478 0.4643210 0.4547640 0.4538887 0.4571770 0.4622933 0.4670691 0.4641575 0.4556536 0.4526828 0.3818468 0.3742313 0.3663292 0.3672921 0.3648709 0.3584212 0.2934029 0.2746947 0.2948896 0.2790296 0.2559861 0.2496494 0.2502388 0.2752901 0.2802050 0.1348069 0.1049620 0.1038664 0.0956638 0.0000000 0.0000010 0.0177041 0.2972063 0.3019896 0.3190793 0.3165865 0.2862822 0.4119531 0.4070962 0.3626940 0.3724130 0.4046226 0.3564944 0.3683612 0.3795820 0.4926995 0.4025230 0.4023329 0.4449222 0.4450337 0.4743020 0.4743020 0.4794368 0.4794368 0.4793727 0.4492997 0.4158688 0.4189515 0.4428856 0.4456065 0.4558971 0.4308014 0.4422549 0.4196820 0.4204153 0.4379654 0.4469299 0.4463525 0.4523423 0.4006202 0.4006044 0.4748836 0.5197419 0.4761189 0.5591598 0.5550896 0.5498534 0.5816809 0.6091903 0.5943180 0.5981803 0.5266793 0.5371413 0.5448501 0.5381424 0.5387752 0.5652001 0.5697364 0.5661923 0.5985113 
Prunus_mume_XP_016650302.1            0.4630478 0.4643210 0.4547640 0.4538887 0.4571770 0.4622933 0.4670691 0.4641575 0.4556536 0.4526828 0.4120314 0.4067824 0.3989833 0.3672921 0.3927659 0.3584212 0.3279335 0.3123490 0.2948896 0.2790296 0.2559861 0.2660323 0.2666424 0.2820324 0.2990316 0.1348069 0.1049620 0.1038664 0.0956638 0.0000010 0.0000000 0.0177041 0.2972063 0.3019896 0.3340714 0.3289504 0.2862822 0.4119531 0.4070962 0.3909102 0.4026917 0.4400786 0.3903414 0.4047266 0.4047947 0.5112146 0.4025230 0.4023329 0.4736418 0.4739167 0.4988965 0.4988965 0.5083524 0.5083524 0.5058613 0.4610631 0.4324659 0.4320456 0.4558335 0.4584902 0.4708749 0.4485495 0.4533430 0.4420422 0.4427929 0.4516740 0.4625886 0.4620052 0.4679078 0.4390786 0.4411106 0.4944769 0.5499584 0.4761189 0.5801635 0.5761152 0.5498534 0.5816809 0.6091903 0.5943180 0.5981803 0.5468878 0.5644745 0.5710624 0.5675075 0.5682991 0.5764475 0.5777393 0.5988571 0.5985113 
Prunus_persica_XP_007219026.1         0.4652003 0.4669852 0.4617848 0.4559504 0.4592880 0.4643227 0.4656778 0.4627404 0.4541854 0.4511877 0.3859537 0.3785455 0.3706284 0.3716172 0.3684293 0.3649430 0.3020776 0.2812216 0.2969027 0.2842848 0.2572811 0.2544822 0.2550820 0.2795970 0.2830854 0.1389009 0.1022102 0.1011221 0.0951311 0.0177041 0.0177041 0.0000000 0.3002375 0.3050337 0.3178715 0.3153726 0.2845035 0.4063730 0.4015351 0.3583807 0.3727707 0.4091012 0.3585778 0.3705031 0.3817805 0.4936088 0.4111026 0.4063971 0.4519119 0.4486800 0.4694533 0.4694533 0.4745551 0.4745551 0.4744932 0.4556936 0.4192199 0.4223033 0.4470414 0.4497730 0.4626589 0.4346652 0.4483151 0.4240482 0.4247878 0.4503367 0.4507942 0.4502098 0.4562346 0.4039666 0.4061587 0.4754799 0.5221271 0.4789811 0.5587314 0.5535698 0.5529091 0.5776393 0.6169521 0.6059533 0.6050984 0.5343470 0.5448416 0.5534431 0.5458433 0.5428505 0.5740581 0.5785606 0.5658035 0.6020048 
Cucumis_melo_XP_008439119.1           0.4881452 0.4892162 0.4908665 0.4834550 0.4759279 0.4775680 0.4760984 0.4697327 0.4648289 0.4584164 0.4077384 0.4032031 0.3961463 0.3949090 0.4016518 0.4050587 0.3566089 0.3274854 0.3524718 0.3337330 0.3201724 0.3164798 0.3142983 0.3396762 0.3547365 0.3299076 0.3065181 0.3067330 0.2982642 0.2972063 0.2972063 0.3002375 0.0000000 0.0118253 0.3800287 0.3747407 0.3481080 0.4073711 0.3979204 0.3773149 0.3991870 0.4393016 0.4007631 0.4063504 0.3957056 0.5094147 0.4234217 0.4234014 0.4842734 0.4846197 0.4867426 0.4867426 0.4927995 0.4927995 0.4889380 0.4990191 0.4606129 0.4626839 0.5000430 0.5027791 0.4699918 0.5051086 0.4768763 0.4554029 0.4585256 0.4579326 0.5020342 0.5052931 0.5075229 0.4322119 0.4391048 0.5253987 0.5954908 0.5450756 0.5776234 0.5818664 0.5981803 0.6131583 0.6534702 0.6515036 0.6230829 0.5764474 0.5885020 0.5770201 0.5971529 0.5981543 0.6169803 0.6297783 0.6039507 0.6167812 
Cucumis_sativus_XP_004148155.1        0.4872834 0.4866197 0.4853928 0.4825984 0.4750829 0.4766236 0.4714231 0.4650681 0.4601938 0.4537923 0.4080654 0.4035265 0.3964641 0.3952269 0.4019717 0.4012879 0.3588625 0.3299238 0.3554765 0.3369634 0.3251002 0.3229991 0.3208139 0.3478859 0.3630404 0.3336972 0.3113374 0.3115604 0.3042148 0.3019896 0.3019896 0.3050337 0.0118253 0.0000000 0.3885054 0.3831870 0.3553576 0.4093026 0.3998683 0.3765698 0.3996901 0.4324165 0.3936398 0.4082919 0.3976388 0.5190301 0.4317014 0.4317490 0.4897573 0.4901363 0.4961366 0.4961366 0.5022689 0.5022689 0.4983651 0.5040533 0.4646391 0.4667089 0.5059787 0.5087159 0.4757284 0.5110374 0.4822650 0.4613525 0.4644877 0.4636686 0.5033477 0.5066061 0.5088377 0.4378285 0.4389915 0.5311736 0.6005500 0.5515113 0.5811465 0.5853808 0.6001164 0.6147025 0.6554510 0.6529788 0.6233981 0.5823994 0.5916013 0.5831694 0.6033936 0.6044344 0.6168114 0.6295999 0.6140261 0.6246955 
Populus_euphratica_XP_011041679.1     0.4583625 0.4620253 0.4156549 0.4587483 0.4553938 0.4574541 0.4699248 0.4669953 0.4632817 0.4603115 0.4784459 0.4528615 0.4493552 0.4167471 0.4333911 0.3425643 0.3823027 0.3551229 0.2933154 0.2694492 0.2818237 0.2910495 0.2917312 0.2947213 0.3075203 0.2812884 0.3138661 0.3176438 0.3124638 0.3190793 0.3340714 0.3178715 0.3800287 0.3885054 0.0000000 0.0396520 0.0288897 0.4336349 0.4192603 0.4457259 0.4670055 0.5077071 0.4699613 0.4689853 0.4478484 0.5223406 0.3785540 0.3781641 0.4703057 0.4705640 0.5017987 0.5017987 0.5106812 0.5106812 0.5126917 0.4501205 0.4403946 0.4327019 0.4524533 0.4564276 0.4892762 0.4761149 0.4226388 0.4438682 0.4468992 0.4545083 0.4886695 0.4918109 0.4777415 0.4595112 0.4605209 0.4783026 0.6008002 0.5023263 0.5857946 0.5913919 0.5127266 0.5403833 0.5848458 0.5827677 0.5782436 0.5843467 0.5828744 0.5766325 0.6013589 0.6023693 0.6359440 0.6399948 0.6307678 0.6108173 
Populus_trichocarpa_XP_024442625.1    0.4579496 0.4615811 0.4128843 0.4579278 0.4529060 0.4538198 0.4662645 0.4633218 0.4596218 0.4566386 0.4802343 0.4595722 0.4560408 0.4174208 0.4286929 0.3373818 0.3905287 0.3633449 0.2955192 0.2712050 0.2805007 0.2896683 0.2903493 0.2891517 0.3035670 0.2675610 0.3179959 0.3217937 0.3130490 0.3165865 0.3289504 0.3153726 0.3747407 0.3831870 0.0396520 0.0000000 0.0000010 0.4210281 0.4068005 0.4572683 0.4639744 0.4992121 0.4752408 0.4742960 0.4478569 0.5202509 0.3776450 0.3772471 0.4645020 0.4647269 0.4989930 0.4989930 0.5041297 0.5041297 0.5061167 0.4451935 0.4291503 0.4173001 0.4469644 0.4509229 0.4835743 0.4802398 0.4393853 0.4620922 0.4651687 0.4531804 0.4901482 0.4932947 0.4823824 0.4676134 0.4668608 0.4819777 0.6121795 0.5098269 0.5915934 0.5972270 0.5250798 0.5462468 0.5921195 0.5920566 0.5905815 0.5848176 0.5833445 0.5771507 0.6015384 0.6025512 0.6379353 0.6403332 0.6173702 0.6044041 
Populus_trichocarpa_XP_024442627.1    0.4158809 0.4172994 0.4128843 0.4128843 0.4094701 0.4064664 0.4329825 0.4289570 0.4228201 0.4187307 0.3999189 0.3813875 0.3764005 0.3773644 0.3604646 0.3373818 0.2984231 0.2554183 0.2648518 0.2302469 0.2425422 0.2329757 0.2337177 0.2369274 0.2395486 0.2675610 0.2824652 0.2879593 0.2879593 0.2862822 0.2862822 0.2845035 0.3481080 0.3553576 0.0288897 0.0000010 0.0000000 0.3849449 0.3699622 0.3922427 0.4029101 0.4079998 0.4059711 0.4103519 0.3874659 0.4122623 0.3559063 0.3553240 0.3554178 0.3548768 0.3806193 0.3806193 0.3806193 0.3806193 0.3861259 0.3495476 0.3326409 0.3309875 0.3398201 0.3445386 0.3816124 0.3795756 0.3524283 0.3567518 0.3606013 0.3350374 0.3921470 0.3960997 0.3863141 0.3655357 0.3684526 0.3807727 0.5121981 0.5098269 0.4832948 0.4891197 0.4743530 0.5010731 0.4854549 0.4863465 0.5007543 0.4995637 0.5070943 0.4999402 0.5220529 0.5227654 0.5542692 0.5524560 0.5331152 0.5716167 
Gossypium_hirsutum_XP_016720767.1     0.5080033 0.5147586 0.5050871 0.5215368 0.5025649 0.4927281 0.5194096 0.5130202 0.5085309 0.5021027 0.4790620 0.4915754 0.4822398 0.4901090 0.4669747 0.4256778 0.3991567 0.3738627 0.3757326 0.3701396 0.3756322 0.4005164 0.3983081 0.3934576 0.3841608 0.4002826 0.3704518 0.3668944 0.3531650 0.4119531 0.4119531 0.4063730 0.4073711 0.4093026 0.4336349 0.4210281 0.3849449 0.0000000 0.0449219 0.4154804 0.4989507 0.5509860 0.4988422 0.5021455 0.5152070 0.5814997 0.4901430 0.4912894 0.5320339 0.5331717 0.5530927 0.5530927 0.5560513 0.5560513 0.5558786 0.5556194 0.5663380 0.5687882 0.5887058 0.5941309 0.5331752 0.5893783 0.5401219 0.5044704 0.5078167 0.5270236 0.5731920 0.5767105 0.5742766 0.4785065 0.4967306 0.6044021 0.6444444 0.5797552 0.6533727 0.6666994 0.6587978 0.6605939 0.7029897 0.7050351 0.7040389 0.6524498 0.6578163 0.6487288 0.6573017 0.6587761 0.7064534 0.7031220 0.6416926 0.7023662 
Gossypium_hirsutum_XP_016744516.1     0.4876425 0.4930158 0.4905065 0.4990110 0.4824043 0.4812836 0.5077230 0.5013354 0.4941200 0.4876875 0.4772921 0.4887834 0.4794436 0.4873962 0.4607680 0.4294731 0.3911084 0.3671917 0.3762745 0.3704861 0.3772829 0.3873812 0.3851669 0.3908204 0.3766060 0.3940985 0.3632588 0.3597188 0.3513701 0.4070962 0.4070962 0.4015351 0.3979204 0.3998683 0.4192603 0.4068005 0.3699622 0.0449219 0.0000000 0.4199096 0.4825989 0.5279168 0.4770118 0.4925886 0.4976620 0.5782089 0.4808791 0.4819273 0.5212936 0.5223534 0.5446433 0.5446433 0.5467626 0.5467626 0.5474432 0.5562298 0.5583480 0.5585458 0.5837053 0.5891169 0.5301596 0.5840525 0.5362270 0.5061362 0.5094942 0.5366051 0.5666372 0.5701512 0.5677279 0.4756114 0.4938149 0.5971088 0.6514994 0.5850978 0.6434477 0.6567094 0.6774712 0.6735295 0.7031310 0.7049871 0.7099266 0.6629020 0.6649412 0.6595943 0.6787663 0.6804006 0.7209651 0.7198022 0.6449196 0.7030464 
Helianthus_annuus_XP_022029671.1      0.5364490 0.5326255 0.5165886 0.5193668 0.5343170 0.5045920 0.5135405 0.5069698 0.5011668 0.4945384 0.4325934 0.4319208 0.4233847 0.3771458 0.4356886 0.3566482 0.3734826 0.3546284 0.4026548 0.3853078 0.3588407 0.4139303 0.4117156 0.4132806 0.4147984 0.3758828 0.3709643 0.3584111 0.3550881 0.3626940 0.3909102 0.3583807 0.3773149 0.3765698 0.4457259 0.4572683 0.3922427 0.4154804 0.4199096 0.0000000 0.5010922 0.5353832 0.5049067 0.5213046 0.5204333 0.5357511 0.3971121 0.3968768 0.4993889 0.4998206 0.5225715 0.5225715 0.5392009 0.5392009 0.5345950 0.4413936 0.4522156 0.4472286 0.4974249 0.4952681 0.4378040 0.4869339 0.4636676 0.4563217 0.4593848 0.4632255 0.5127807 0.5160127 0.5142135 0.4296348 0.4434313 0.4680589 0.6132734 0.5235159 0.5549533 0.5637275 0.5408587 0.5519636 0.5542727 0.5562357 0.5301347 0.6000624 0.5887265 0.5832029 0.6141442 0.6152379 0.6051385 0.6228727 0.6240749 0.6242008 
Cicer_arietinum_XP_004506280.1        0.5435305 0.5624300 0.5428451 0.5463278 0.5480682 0.5374250 0.5589311 0.5535202 0.5374912 0.5319821 0.4906783 0.5165804 0.5116737 0.4638636 0.4849547 0.4131425 0.4586489 0.4444320 0.4102855 0.3829974 0.3992058 0.4254657 0.4240352 0.4576231 0.4568816 0.3384411 0.3661893 0.3703283 0.3741765 0.3724130 0.4026917 0.3727707 0.3991870 0.3996901 0.4670055 0.4639744 0.4029101 0.4989507 0.4825989 0.5010922 0.0000000 0.1058182 0.2052560 0.2066433 0.1942621 0.6232578 0.4838320 0.4843230 0.5861568 0.5871211 0.5850481 0.5850481 0.5934738 0.5934738 0.5880722 0.5741557 0.5496646 0.5426086 0.5738469 0.5729520 0.5976642 0.5651829 0.5619641 0.5655700 0.5688974 0.5847755 0.5924065 0.5916144 0.5874568 0.5283146 0.5423872 0.5967419 0.6429445 0.5674754 0.6645808 0.6730843 0.6538801 0.6524071 0.6556996 0.6742697 0.6770737 0.7067200 0.7059055 0.6962679 0.7314034 0.7333093 0.7199246 0.7235870 0.7058083 0.6966758 
Medicago_truncatula_XP_013452470.1    0.5590675 0.5793576 0.5482282 0.5606004 0.5671751 0.5512658 0.5868114 0.5814896 0.5630704 0.5576399 0.5351838 0.5547734 0.5526155 0.5140211 0.5216208 0.4178798 0.4684576 0.4589014 0.4199449 0.3965688 0.4585256 0.4580121 0.4566399 0.4956560 0.4888935 0.3420806 0.3964272 0.4021368 0.3831432 0.4046226 0.4400786 0.4091012 0.4393016 0.4324165 0.5077071 0.4992121 0.4079998 0.5509860 0.5279168 0.5353832 0.1058182 0.0000000 0.2311961 0.2465138 0.2300963 0.6226621 0.4813809 0.4818536 0.5865097 0.5874757 0.5899885 0.5899885 0.5959252 0.5959252 0.5925801 0.5759446 0.5698030 0.5627325 0.5861660 0.5852392 0.6207308 0.5678602 0.5830890 0.5701584 0.5735266 0.6052589 0.6109088 0.6100801 0.6026852 0.5385716 0.5497811 0.6154735 0.6762966 0.5851134 0.6748574 0.6868242 0.6805725 0.6819187 0.7105528 0.7171615 0.7129306 0.7066371 0.7054516 0.6891559 0.7316171 0.7335201 0.7225362 0.7289443 0.7133086 0.7003792 
