33
Arabidopsis_lyrata_XP_002883982.1     0.0000000 0.0098512 0.0444947 0.0898932 0.1429184 0.1453008 0.1234517 0.1688120 0.1785878 0.1938576 0.0710999 0.5999343 0.5701685 0.5781647 0.6808462 0.5712118 0.4638033 0.4636558 0.4533596 0.4388710 0.3967448 0.4578251 0.4072753 0.3995526 0.4196372 0.4214517 0.4803676 0.4359670 0.4180084 0.4113783 0.6459190 0.6173197 0.6173197 
Arabidopsis_lyrata_XP_020887383.1     0.0098512 0.0000000 0.0479788 0.0935830 0.1468874 0.1492494 0.1273120 0.1727858 0.1826069 0.2003503 0.0669278 0.5992186 0.5757776 0.5838169 0.6869445 0.5638454 0.4688876 0.4687554 0.4583977 0.4324051 0.4014600 0.4514488 0.4121202 0.4043677 0.4297084 0.4315151 0.4739555 0.4354846 0.4118141 0.4052534 0.6519116 0.6231368 0.6231368 
Arabidopsis_thaliana_NP_179549.1      0.0444947 0.0479788 0.0000000 0.0662868 0.1148345 0.1185934 0.1018321 0.1410744 0.1554951 0.1710250 0.0263605 0.5711483 0.5461334 0.5538272 0.6438255 0.5436693 0.4466314 0.4519054 0.4349483 0.4221038 0.3688074 0.4158440 0.3981014 0.3904017 0.4084806 0.4045857 0.4521593 0.4232585 0.4102333 0.4037831 0.6334907 0.5954380 0.5954380 
Capsella_rubella_XP_006298182.1       0.0898932 0.0935830 0.0662868 0.0000000 0.1363462 0.1362021 0.1278481 0.1673590 0.1759845 0.1712854 0.0925467 0.5714538 0.5490888 0.5567845 0.6523612 0.5566055 0.4614173 0.4616481 0.4241884 0.4174774 0.3665774 0.3975395 0.4028934 0.3954932 0.4171185 0.4188960 0.4503446 0.4032154 0.4108406 0.4043975 0.6365091 0.5998807 0.5998807 
Brassica_oleracea_XP_013604300.1      0.1429184 0.1468874 0.1148345 0.1363462 0.0000000 0.0269014 0.0886921 0.1172545 0.1313364 0.1455606 0.1494390 0.6514179 0.6075771 0.6157600 0.7291568 0.6210274 0.5343925 0.5282724 0.4858325 0.4856636 0.4461059 0.4955735 0.4599948 0.4573590 0.4736070 0.4713936 0.5088404 0.4657711 0.4574910 0.4481639 0.6943187 0.6579113 0.6579113 
Brassica_rapa_XP_009117531.1          0.1453008 0.1492494 0.1185934 0.1362021 0.0269014 0.0000000 0.0922785 0.1213781 0.1356246 0.1518392 0.1538369 0.6531080 0.6088975 0.6171418 0.7315320 0.6310926 0.5512582 0.5217252 0.5004808 0.4882407 0.4527742 0.4981179 0.4743592 0.4716606 0.4785740 0.4763354 0.5163022 0.4732114 0.4590554 0.4496804 0.7090266 0.6718459 0.6718459 
Eutrema_salsugineum_XP_006408876.1    0.1234517 0.1273120 0.1018321 0.1278481 0.0886921 0.0922785 0.0000000 0.1101288 0.1298043 0.1519629 0.1349646 0.6287052 0.5858310 0.5938601 0.6979065 0.5964354 0.4911377 0.4873175 0.4637610 0.4612937 0.4320239 0.4765531 0.4375525 0.4402427 0.4257795 0.4307462 0.4845578 0.4579572 0.4344063 0.4276175 0.6281801 0.5916784 0.5916784 
Brassica_oleracea_XP_013615142.1      0.1688120 0.1727858 0.1410744 0.1673590 0.1172545 0.1213781 0.1101288 0.0000000 0.0298895 0.0374579 0.1718245 0.6066389 0.5677787 0.5756368 0.6829559 0.5804858 0.5365338 0.5216688 0.4913005 0.4685875 0.4295348 0.4893200 0.4319691 0.4294273 0.4577692 0.4601213 0.5050744 0.4670834 0.4523113 0.4518193 0.6303994 0.5960664 0.5960664 
Brassica_rapa_XP_009102154.1          0.1785878 0.1826069 0.1554951 0.1759845 0.1313364 0.1356246 0.1298043 0.0298895 0.0000000 0.0051693 0.1890774 0.6105268 0.5713776 0.5792853 0.6843329 0.5803287 0.5409227 0.5219954 0.4873086 0.4460747 0.4193615 0.4783117 0.4203308 0.4178398 0.4456044 0.4479527 0.4893940 0.4538748 0.4421230 0.4416662 0.6137283 0.5790043 0.5790043 
Brassica_rapa_XP_033131695.1          0.1938576 0.2003503 0.1710250 0.1712854 0.1455606 0.1518392 0.1519629 0.0374579 0.0051693 0.0000000 0.2347829 0.6970229 0.6460131 0.6694485 0.8560005 0.7033763 0.6194062 0.6082852 0.5427721 0.4929053 0.5007899 0.6058021 0.4972643 0.4889849 0.5334174 0.5370328 0.5831209 0.5414350 0.5046250 0.4977957 0.7455353 0.7280910 0.7280910 
Arabidopsis_thaliana_NP_001324863.1   0.0710999 0.0669278 0.0263605 0.0925467 0.1494390 0.1538369 0.1349646 0.1718245 0.1890774 0.2347829 0.0000000 0.6089830 0.5786311 0.5875675 0.7015035 0.5988636 0.4191611 0.4360760 0.4379571 0.4063107 0.3614547 0.4115013 0.4169046 0.4004589 0.4127825 0.4071176 0.4893373 0.4311541 0.4166490 0.4093952 0.6067616 0.5745245 0.5745245 
Capsicum_annuum_XP_016551165.1        0.5999343 0.5992186 0.5711483 0.5714538 0.6514179 0.6531080 0.6287052 0.6066389 0.6105268 0.6970229 0.6089830 0.0000000 0.0967694 0.1085442 0.0945436 0.1264667 0.5086526 0.5168301 0.4749862 0.4817663 0.4297236 0.5332370 0.4494710 0.4443747 0.4425683 0.4470743 0.4143687 0.4970911 0.4566941 0.4470545 0.6954390 0.6729834 0.6729834 
Solanum_lycopersicum_NP_001234037.1   0.5701685 0.5757776 0.5461334 0.5490888 0.6075771 0.6088975 0.5858310 0.5677787 0.5713776 0.6460131 0.5786311 0.0967694 0.0000000 0.0101909 0.0736330 0.1269264 0.5446187 0.5444420 0.4938602 0.4518278 0.4233298 0.5156625 0.4533251 0.4482846 0.4366129 0.4379912 0.4258819 0.4987898 0.4513842 0.4419158 0.6706322 0.6622064 0.6622064 
Solanum_pennellii_XP_015081139.1      0.5781647 0.5838169 0.5538272 0.5567845 0.6157600 0.6171418 0.5938601 0.5756368 0.5792853 0.6694485 0.5875675 0.1085442 0.0101909 0.0000000 0.0851525 0.1389321 0.5521267 0.5630033 0.5114774 0.4587356 0.4299204 0.5230078 0.4600676 0.4549698 0.4433017 0.4446739 0.4325551 0.5059941 0.4583145 0.4487487 0.6796827 0.6711218 0.6711218 
Solanum_tuberosum_NP_001275149.1      0.6808462 0.6869445 0.6438255 0.6523612 0.7291568 0.7315320 0.6979065 0.6829559 0.6843329 0.8560005 0.7015035 0.0945436 0.0736330 0.0851525 0.0000000 0.1316098 0.5587320 0.5630161 0.5160754 0.4831358 0.4542205 0.5639683 0.4774979 0.4721639 0.4573638 0.4619324 0.5136284 0.4945882 0.4595398 0.4526983 0.6893059 0.6671423 0.6671423 
Nicotiana_attenuata_XP_019240518.1    0.5712118 0.5638454 0.5436693 0.5566055 0.6210274 0.6310926 0.5964354 0.5804858 0.5803287 0.7033763 0.5988636 0.1264667 0.1269264 0.1389321 0.1316098 0.0000000 0.5151575 0.5048289 0.4615276 0.4324866 0.3948115 0.5172918 0.4144391 0.4129173 0.4161315 0.4206071 0.3719340 0.5033273 0.4320750 0.4241147 0.6983367 0.6749685 0.6749685 
Cicer_arietinum_XP_004513099.1        0.4638033 0.4688876 0.4466314 0.4614173 0.5343925 0.5512582 0.4911377 0.5365338 0.5409227 0.6194062 0.4191611 0.5086526 0.5446187 0.5521267 0.5587320 0.5151575 0.0000000 0.1131798 0.2699264 0.4496708 0.3930419 0.4840206 0.4704440 0.4462768 0.4597695 0.4643899 0.4435310 0.4360446 0.4397207 0.4319314 0.6018343 0.5719338 0.5719338 
Medicago_truncatula_XP_003620934.1    0.4636558 0.4687554 0.4519054 0.4616481 0.5282724 0.5217252 0.4873175 0.5216688 0.5219954 0.6082852 0.4360760 0.5168301 0.5444420 0.5630033 0.5630161 0.5048289 0.1131798 0.0000000 0.2817734 0.4388634 0.3825995 0.4926140 0.4345526 0.4172689 0.4296750 0.4342090 0.4253458 0.4201191 0.3803272 0.3803614 0.6297046 0.5992453 0.5992453 
Phaseolus_vulgaris_XP_007160235.1     0.4533596 0.4583977 0.4349483 0.4241884 0.4858325 0.5004808 0.4637610 0.4913005 0.4873086 0.5427721 0.4379571 0.4749862 0.4938602 0.5114774 0.5160754 0.4615276 0.2699264 0.2817734 0.0000000 0.4671751 0.3730932 0.4709779 0.4347162 0.4178843 0.4043664 0.4086962 0.4022134 0.4110599 0.4032331 0.4023927 0.5619831 0.5354145 0.5354145 
Citrus_sinensis_XP_006475453.1        0.4388710 0.4324051 0.4221038 0.4174774 0.4856636 0.4882407 0.4612937 0.4685875 0.4460747 0.4929053 0.4063107 0.4817663 0.4518278 0.4587356 0.4831358 0.4324866 0.4496708 0.4388634 0.4671751 0.0000000 0.3564739 0.4207280 0.3427258 0.3343389 0.3138037 0.3136912 0.3506389 0.3721337 0.3065339 0.2985532 0.6035076 0.5830534 0.5830534 
Fragaria_vesca_XP_004287539.1         0.3967448 0.4014600 0.3688074 0.3665774 0.4461059 0.4527742 0.4320239 0.4295348 0.4193615 0.5007899 0.3614547 0.4297236 0.4233298 0.4299204 0.4542205 0.3948115 0.3930419 0.3825995 0.3730932 0.3564739 0.0000000 0.1311170 0.2241727 0.2121209 0.2169184 0.2237776 0.3019223 0.3163463 0.3172027 0.3162396 0.5797171 0.5642167 0.5642167 
Fragaria_vesca_XP_004288926.1         0.4578251 0.4514488 0.4158440 0.3975395 0.4955735 0.4981179 0.4765531 0.4893200 0.4783117 0.6058021 0.4115013 0.5332370 0.5156625 0.5230078 0.5639683 0.5172918 0.4840206 0.4926140 0.4709779 0.4207280 0.1311170 0.0000000 0.3293356 0.3151215 0.3332398 0.3413450 0.3797906 0.3792441 0.3833940 0.3803096 0.6590861 0.6420935 0.6420935 
Malus_domestica_XP_008337682.2        0.4072753 0.4121202 0.3981014 0.4028934 0.4599948 0.4743592 0.4375525 0.4319691 0.4203308 0.4972643 0.4169046 0.4494710 0.4533251 0.4600676 0.4774979 0.4144391 0.4704440 0.4345526 0.4347162 0.3427258 0.2241727 0.3293356 0.0000000 0.0169657 0.1526827 0.1530224 0.2979630 0.3084045 0.3034947 0.3026646 0.5573742 0.5272199 0.5272199 
Pyrus_x_bretschneideri_XP_009352635.1 0.3995526 0.4043677 0.3904017 0.3954932 0.4573590 0.4716606 0.4402427 0.4294273 0.4178398 0.4889849 0.4004589 0.4443747 0.4482846 0.4549698 0.4721639 0.4129173 0.4462768 0.4172689 0.4178843 0.3343389 0.2121209 0.3151215 0.0169657 0.0000000 0.1387777 0.1391277 0.2999656 0.2939520 0.2892673 0.2886028 0.5438293 0.5142249 0.5142249 
Prunus_mume_XP_008242414.1            0.4196372 0.4297084 0.4084806 0.4171185 0.4736070 0.4785740 0.4257795 0.4577692 0.4456044 0.5334174 0.4127825 0.4425683 0.4366129 0.4433017 0.4573638 0.4161315 0.4597695 0.4296750 0.4043664 0.3138037 0.2169184 0.3332398 0.1526827 0.1387777 0.0000000 0.0068186 0.2999827 0.3030045 0.3174051 0.3113013 0.5790824 0.5549366 0.5549366 
Prunus_persica_XP_007202367.1         0.4214517 0.4315151 0.4045857 0.4188960 0.4713936 0.4763354 0.4307462 0.4601213 0.4479527 0.5370328 0.4071176 0.4470743 0.4379912 0.4446739 0.4619324 0.4206071 0.4643899 0.4342090 0.4086962 0.3136912 0.2237776 0.3413450 0.1530224 0.1391277 0.0068186 0.0000000 0.2959355 0.3068558 0.3149269 0.3088794 0.5774463 0.5570078 0.5570078 
Vitis_vinifera_XP_002279746.4         0.4803676 0.4739555 0.4521593 0.4503446 0.5088404 0.5163022 0.4845578 0.5050744 0.4893940 0.5831209 0.4893373 0.4143687 0.4258819 0.4325551 0.5136284 0.3719340 0.4435310 0.4253458 0.4022134 0.3506389 0.3019223 0.3797906 0.2979630 0.2999656 0.2999827 0.2959355 0.0000000 0.3547383 0.3109509 0.3004429 0.5754240 0.5625270 0.5625270 
Manihot_esculenta_XP_021606663.1      0.4359670 0.4354846 0.4232585 0.4032154 0.4657711 0.4732114 0.4579572 0.4670834 0.4538748 0.5414350 0.4311541 0.4970911 0.4987898 0.5059941 0.4945882 0.5033273 0.4360446 0.4201191 0.4110599 0.3721337 0.3163463 0.3792441 0.3084045 0.2939520 0.3030045 0.3068558 0.3547383 0.0000000 0.2899358 0.2816055 0.5578771 0.5311283 0.5311283 
Populus_euphratica_XP_011010059.1     0.4180084 0.4118141 0.4102333 0.4108406 0.4574910 0.4590554 0.4344063 0.4523113 0.4421230 0.5046250 0.4166490 0.4566941 0.4513842 0.4583145 0.4595398 0.4320750 0.4397207 0.3803272 0.4032331 0.3065339 0.3172027 0.3833940 0.3034947 0.2892673 0.3174051 0.3149269 0.3109509 0.2899358 0.0000000 0.0169805 0.5598133 0.5524214 0.5524214 
Populus_trichocarpa_XP_002309227.2    0.4113783 0.4052534 0.4037831 0.4043975 0.4481639 0.4496804 0.4276175 0.4518193 0.4416662 0.4977957 0.4093952 0.4470545 0.4419158 0.4487487 0.4526983 0.4241147 0.4319314 0.3803614 0.4023927 0.2985532 0.3162396 0.3803096 0.3026646 0.2886028 0.3113013 0.3088794 0.3004429 0.2816055 0.0169805 0.0000000 0.5537574 0.5463509 0.5463509 
Cucumis_melo_XP_008459274.1           0.6459190 0.6519116 0.6334907 0.6365091 0.6943187 0.7090266 0.6281801 0.6303994 0.6137283 0.7455353 0.6067616 0.6954390 0.6706322 0.6796827 0.6893059 0.6983367 0.6018343 0.6297046 0.5619831 0.6035076 0.5797171 0.6590861 0.5573742 0.5438293 0.5790824 0.5774463 0.5754240 0.5578771 0.5598133 0.5537574 0.0000000 0.0493873 0.0493873 
Cucumis_sativus_XP_004141049.1        0.6173197 0.6231368 0.5954380 0.5998807 0.6579113 0.6718459 0.5916784 0.5960664 0.5790043 0.7280910 0.5745245 0.6729834 0.6622064 0.6711218 0.6671423 0.6749685 0.5719338 0.5992453 0.5354145 0.5830534 0.5642167 0.6420935 0.5272199 0.5142249 0.5549366 0.5570078 0.5625270 0.5311283 0.5524214 0.5463509 0.0493873 0.0000000 0.0000010 
Cucumis_sativus_XP_031736607.1        0.6173197 0.6231368 0.5954380 0.5998807 0.6579113 0.6718459 0.5916784 0.5960664 0.5790043 0.7280910 0.5745245 0.6729834 0.6622064 0.6711218 0.6671423 0.6749685 0.5719338 0.5992453 0.5354145 0.5830534 0.5642167 0.6420935 0.5272199 0.5142249 0.5549366 0.5570078 0.5625270 0.5311283 0.5524214 0.5463509 0.0493873 0.0000010 0.0000000 
