108
Arabidopsis_lyrata_XP_020879120.1     0.0000000 0.0160283 0.0300370 0.0508973 0.0648646 0.0611428 0.0785357 0.0783584 0.3683706 0.3264224 0.3809388 0.3828216 0.4516976 0.4922466 0.3660385 0.4185342 0.4347173 0.4347173 0.4317977 0.4317977 0.4066159 0.4066159 0.5244859 0.4359211 0.4359211 0.4359211 0.4528928 0.4524504 0.4524504 0.4490279 0.4490279 0.4450870 0.4120673 0.4120673 0.2936152 0.3191183 0.3778925 0.3828512 0.3623057 0.3591528 0.3623057 0.3532945 0.3775523 0.4038421 0.3820623 0.3305310 0.3803269 0.3434929 0.3495645 0.3246149 0.3392242 0.3443998 0.4732649 0.4919311 0.4487492 0.4789488 0.4500774 0.5517481 0.3804563 0.4479537 0.4110734 0.4592238 0.4144691 0.3906006 0.4089376 0.3919687 0.4153997 0.4240888 0.4464433 0.7098391 0.7302948 0.7947521 0.3997374 0.7429112 0.7429112 0.7671567 0.9847697 0.6268406 0.4443909 0.4598956 0.4765436 0.4434424 0.4430447 0.4458666 0.4245303 0.4221429 0.6732437 0.6844769 0.7578135 0.6962735 0.7095818 0.6713803 0.7025400 0.7025400 0.7113817 0.7038264 0.6850377 0.6689770 0.6800134 0.6618350 0.6728268 0.7861233 0.7155372 0.8685786 0.6827969 0.8765654 0.7079679 2.3798923 
Arabidopsis_thaliana_NP_195993.1      0.0160283 0.0000000 0.0326175 0.0506469 0.0687594 0.0653487 0.0809924 0.0808086 0.3661579 0.3217901 0.3725051 0.3757834 0.4429359 0.4814467 0.3577282 0.4237009 0.4403218 0.4403218 0.4373490 0.4373490 0.4141976 0.4141976 0.5341259 0.4381954 0.4381954 0.4381954 0.4569218 0.4564720 0.4564720 0.4529743 0.4529743 0.4483769 0.4161914 0.4161914 0.2921809 0.3161224 0.3749765 0.3908909 0.3679537 0.3648059 0.3679537 0.3588861 0.3853436 0.4120742 0.3905149 0.3299599 0.3736202 0.3412289 0.3475743 0.3203115 0.3366070 0.3417685 0.4687663 0.4870788 0.4415562 0.4744057 0.4428750 0.5458320 0.3837979 0.4525314 0.4049704 0.4520398 0.4071919 0.3876142 0.4047140 0.3839863 0.4121926 0.4209427 0.4530298 0.7204714 0.7384649 0.8040382 0.3997374 0.7509777 0.7509777 0.7760514 1.0006701 0.6420635 0.4461177 0.4636963 0.4804451 0.4367463 0.4386902 0.4414934 0.4222242 0.4226225 0.6808195 0.6898147 0.7639097 0.7037375 0.7182791 0.6808755 0.7100036 0.7100036 0.7200583 0.7102558 0.6945464 0.6699588 0.6812078 0.6628332 0.6740420 0.7935393 0.7157472 0.8691640 0.6967978 0.8943597 0.7158887 2.3798923 
Capsella_rubella_XP_023636205.1       0.0300370 0.0326175 0.0000000 0.0560943 0.0723631 0.0648951 0.0879034 0.0864504 0.3685107 0.3253954 0.3781997 0.3815361 0.4532447 0.4919590 0.3638473 0.4201254 0.4341834 0.4341834 0.4312576 0.4312576 0.4062154 0.4062154 0.5241297 0.4369682 0.4369682 0.4369682 0.4543733 0.4539270 0.4539270 0.4497933 0.4497933 0.4455023 0.4086116 0.4086116 0.2930379 0.3154534 0.3716513 0.3893576 0.3709178 0.3709178 0.3709178 0.3637035 0.3827873 0.4095179 0.3878317 0.3416999 0.3850278 0.3384727 0.3437894 0.3192459 0.3437912 0.3429915 0.4673954 0.4856567 0.4433201 0.4695525 0.4411441 0.5400773 0.3828233 0.4514298 0.4021940 0.4493380 0.4071630 0.3784732 0.3992996 0.3820522 0.4056243 0.4159808 0.4438505 0.7229805 0.7459338 0.8121199 0.3997374 0.7589773 0.7589773 0.7847052 0.9966894 0.6385938 0.4317071 0.4562576 0.4733583 0.4352695 0.4332301 0.4360284 0.4276042 0.4279132 0.6806435 0.6874027 0.7613678 0.6999666 0.7139720 0.6692191 0.7043422 0.7043422 0.7135232 0.7075882 0.6805157 0.6709754 0.6828258 0.6638030 0.6755962 0.7833736 0.7228413 0.8782712 0.6932613 0.8902392 0.7097141 2.4110801 
Eutrema_salsugineum_XP_006398831.1    0.0508973 0.0506469 0.0560943 0.0000000 0.0541322 0.0560757 0.0737748 0.0734212 0.3689378 0.3263888 0.3732832 0.3777572 0.4449389 0.4820558 0.3579008 0.4222272 0.4323970 0.4323970 0.4295040 0.4295040 0.4021665 0.4021665 0.5175094 0.4464536 0.4464536 0.4464536 0.4646827 0.4642179 0.4642179 0.4646021 0.4646021 0.4557341 0.4237418 0.4237418 0.2878154 0.3277898 0.3813824 0.3804993 0.3623210 0.3588616 0.3623210 0.3570848 0.3760058 0.4046434 0.3829725 0.3435883 0.3749157 0.3386527 0.3457081 0.3216558 0.3421405 0.3452628 0.4743781 0.4885186 0.4511837 0.4800902 0.4525213 0.5587865 0.3808765 0.4514019 0.4091399 0.4547246 0.4177132 0.3966692 0.4158447 0.3937143 0.4179237 0.4270634 0.4559181 0.7181091 0.7465975 0.8133748 0.3929723 0.7586344 0.7586344 0.7846829 1.0019936 0.6444230 0.4474364 0.4678472 0.4881626 0.4533219 0.4523641 0.4552083 0.4285802 0.4289930 0.6802597 0.6879991 0.7571521 0.7052230 0.7199815 0.6752144 0.7134173 0.7134173 0.7240284 0.7139762 0.6912050 0.6826167 0.7043170 0.6780255 0.6969284 0.7746279 0.7222528 0.8783522 0.6915875 0.8812937 0.7499061 2.4006030 
Brassica_oleracea_XP_013611348.1      0.0648646 0.0687594 0.0723631 0.0541322 0.0000000 0.0138897 0.0859065 0.0822971 0.3813497 0.3389660 0.3885532 0.3919811 0.4592492 0.4979601 0.3705596 0.4394141 0.4447457 0.4447457 0.4446866 0.4446866 0.4158590 0.4158590 0.5367131 0.4530925 0.4530925 0.4530925 0.4631761 0.4627102 0.4627102 0.4637863 0.4637863 0.4613923 0.4313507 0.4313507 0.3056372 0.3273785 0.3875384 0.3898481 0.3688173 0.3656331 0.3688173 0.3635007 0.3856297 0.4112567 0.3894842 0.3414211 0.3750060 0.3526629 0.3574607 0.3334501 0.3554650 0.3564849 0.4752438 0.4897452 0.4492446 0.4845576 0.4539819 0.5607738 0.4062131 0.4816368 0.4027825 0.4478529 0.4195061 0.3997771 0.4178250 0.3912809 0.4200792 0.4274776 0.4501831 0.7265053 0.7375198 0.8042616 0.4002775 0.7616516 0.7616516 0.7883424 1.0297426 0.6344838 0.4572598 0.4740315 0.4938669 0.4506246 0.4469035 0.4497893 0.4416884 0.4399483 0.7043636 0.7056153 0.7787931 0.7237395 0.7417825 0.6960607 0.7309164 0.7309164 0.7445200 0.7343792 0.7109467 0.7015356 0.7195588 0.6926818 0.7101656 0.7745368 0.7400778 0.8986348 0.7077472 0.9028899 0.7319094 2.4708066 
Brassica_rapa_XP_033138477.1          0.0611428 0.0653487 0.0648951 0.0560757 0.0138897 0.0000000 0.0844131 0.0780179 0.3809636 0.3402502 0.3894956 0.3929542 0.4610491 0.5000616 0.3728172 0.4344442 0.4431206 0.4431206 0.4442094 0.4442094 0.4129776 0.4129776 0.5336455 0.4466375 0.4466375 0.4466375 0.4557441 0.4552930 0.4552930 0.4563833 0.4563833 0.4536692 0.4217296 0.4217296 0.3064531 0.3299656 0.3815551 0.3914635 0.3715915 0.3684032 0.3715915 0.3662486 0.3870893 0.4128373 0.3910715 0.3365404 0.3740749 0.3442907 0.3511905 0.3282390 0.3491154 0.3501432 0.4679359 0.4819460 0.4433362 0.4801146 0.4509911 0.5552099 0.4041391 0.4788487 0.4033671 0.4486827 0.4205640 0.3953155 0.4121727 0.3878565 0.4188570 0.4276138 0.4474098 0.7245590 0.7329440 0.7989337 0.4002775 0.7570573 0.7570573 0.7832193 1.0192814 0.6317806 0.4470268 0.4639546 0.4836223 0.4471412 0.4451106 0.4479998 0.4373139 0.4342146 0.7045002 0.7057551 0.7788114 0.7238475 0.7418721 0.6962613 0.7310119 0.7310119 0.7446040 0.7344694 0.7111132 0.7042228 0.7229633 0.6953463 0.7135382 0.7701200 0.7341380 0.8894636 0.6978209 0.8909710 0.7303448 2.4708066 
Brassica_oleracea_XP_013629528.1      0.0785357 0.0809924 0.0879034 0.0737748 0.0859065 0.0844131 0.0000000 0.0153956 0.3813497 0.3406698 0.3930431 0.3950110 0.4637952 0.5096841 0.3767167 0.4341469 0.4489970 0.4489970 0.4471589 0.4471589 0.4208676 0.4208676 0.5434818 0.4602059 0.4602059 0.4602059 0.4679069 0.4674255 0.4674255 0.4679939 0.4679939 0.4682207 0.4233190 0.4233190 0.3048476 0.3410057 0.4004010 0.4095835 0.3807791 0.3775938 0.3807791 0.3743788 0.4093574 0.4388427 0.4183217 0.3551497 0.3896850 0.3561803 0.3633142 0.3354346 0.3609940 0.3641538 0.4841958 0.4935071 0.4550363 0.4904952 0.4587155 0.5692027 0.4032947 0.4761106 0.4257220 0.4721286 0.4350463 0.4166185 0.4319038 0.4096379 0.4361684 0.4435109 0.4666184 0.7232749 0.7535141 0.8242823 0.3841825 0.7719035 0.7719035 0.8016374 1.0273721 0.6599519 0.4414677 0.4908662 0.5150454 0.4844342 0.4833519 0.4886584 0.4447653 0.4450458 0.6865386 0.6878700 0.7606284 0.7279006 0.7484659 0.7028126 0.7317182 0.7317182 0.7472445 0.7331894 0.7134776 0.6859138 0.7004122 0.6797187 0.6944180 0.7834226 0.7148779 0.8766369 0.7070933 0.9043614 0.7661467 2.4297669 
Brassica_rapa_XP_009130777.1          0.0783584 0.0808086 0.0864504 0.0734212 0.0822971 0.0780179 0.0153956 0.0000000 0.3800929 0.3395513 0.3934963 0.3954544 0.4638753 0.5094675 0.3772581 0.4427668 0.4519724 0.4519724 0.4501203 0.4501203 0.4207802 0.4207802 0.5426089 0.4533712 0.4533712 0.4533712 0.4601334 0.4596702 0.4596702 0.4602443 0.4602443 0.4604356 0.4204828 0.4204828 0.3050498 0.3372237 0.3939824 0.4074116 0.3794151 0.3762349 0.3794151 0.3720701 0.4033226 0.4324186 0.4117373 0.3555186 0.3859820 0.3622031 0.3694052 0.3417338 0.3652483 0.3684112 0.4924075 0.5053217 0.4626083 0.4996701 0.4672201 0.5808774 0.4075458 0.4816002 0.4305154 0.4772360 0.4399605 0.4172784 0.4334808 0.4098443 0.4330422 0.4412226 0.4614758 0.7089971 0.7346801 0.8024448 0.3841825 0.7514996 0.7514996 0.7789567 0.9814256 0.6599895 0.4433287 0.4919476 0.5144748 0.4834422 0.4853179 0.4906081 0.4401383 0.4404065 0.6802335 0.6941516 0.7682627 0.7185797 0.7394368 0.6917481 0.7228267 0.7228267 0.7387960 0.7242344 0.7028533 0.6875034 0.7023804 0.6802370 0.6950249 0.7757596 0.7095263 0.8676094 0.7015392 0.8964098 0.7561791 2.4439725 
Capsicum_annuum_XP_016542893.1        0.3683706 0.3661579 0.3685107 0.3689378 0.3813497 0.3809636 0.3813497 0.3800929 0.0000000 0.1539669 0.1482765 0.1485602 0.1757325 0.2109207 0.1330019 0.3239618 0.3347961 0.3346446 0.3270695 0.3268828 0.3128332 0.3125816 0.3953936 0.3496884 0.3496884 0.3515556 0.3472193 0.3449763 0.3468167 0.3426271 0.3444542 0.3452890 0.3251277 0.3262239 0.2885255 0.3542746 0.3911564 0.3775323 0.3463172 0.3313587 0.3338047 0.3370343 0.3811219 0.4189202 0.4016489 0.3596769 0.3501462 0.3304973 0.3256445 0.3215705 0.3102024 0.3143014 0.4524958 0.4630268 0.4469702 0.4500746 0.4445199 0.5180357 0.3591388 0.4270539 0.4015167 0.4399507 0.3941876 0.4061260 0.4148213 0.3968259 0.4031780 0.4010389 0.4305357 0.7550174 0.7427075 0.8006936 0.4341097 0.7565653 0.7487975 0.7799095 1.0326770 0.5796335 0.4037395 0.4937157 0.5119754 0.4687560 0.4811642 0.4821564 0.4201003 0.4147702 0.6669709 0.7173655 0.7871470 0.7701703 0.7860637 0.7578453 0.7466998 0.7466998 0.7595608 0.6908140 0.7367075 0.7232961 0.7565179 0.7239941 0.7560201 0.7223586 0.6746719 0.8109303 0.6541057 0.8535614 0.3792720 2.3367566 
Nicotiana_attenuata_XP_019250819.1    0.3264224 0.3217901 0.3253954 0.3263888 0.3389660 0.3402502 0.3406698 0.3395513 0.1539669 0.0000000 0.0929343 0.0946071 0.1129935 0.1430990 0.0747731 0.2634931 0.2772212 0.2768145 0.2753940 0.2749814 0.2657266 0.2652761 0.3511194 0.2970935 0.2970935 0.2986021 0.2997189 0.2961693 0.2976649 0.2982969 0.2998056 0.2952831 0.2675206 0.2683679 0.2505043 0.3108143 0.3516535 0.3443985 0.3355296 0.3273376 0.3214971 0.3232882 0.3384890 0.3654297 0.3507666 0.3164138 0.3349434 0.3046487 0.3077787 0.3066297 0.2841447 0.2843427 0.4093047 0.4195613 0.4107707 0.4006511 0.4020865 0.4579852 0.2959942 0.3600547 0.3629024 0.4039340 0.3609006 0.3627587 0.3661908 0.3489516 0.3514119 0.3611676 0.3860565 0.7356656 0.7329043 0.7951539 0.3918418 0.7502354 0.7416493 0.7800911 1.0394803 0.5295406 0.3612109 0.4582215 0.4785417 0.4207550 0.4174758 0.4207121 0.3804186 0.3821757 0.6454414 0.7017291 0.7786738 0.7257168 0.7373354 0.7097431 0.7264513 0.7264513 0.7328074 0.6709518 0.7162676 0.6911943 0.7136955 0.6929542 0.7145502 0.6805990 0.6482866 0.7723419 0.6107910 0.7859612 0.5103766 2.1557142 
Solanum_lycopersicum_NP_001234454.1   0.3809388 0.3725051 0.3781997 0.3732832 0.3885532 0.3894956 0.3930431 0.3934963 0.1482765 0.0929343 0.0000000 0.0035956 0.0128627 0.0361328 0.0232816 0.2877596 0.3083631 0.3080989 0.3049916 0.3047135 0.2973549 0.2970440 0.3827463 0.3331780 0.3331780 0.3348775 0.3419505 0.3383068 0.3400370 0.3422040 0.3439570 0.3391722 0.3197209 0.3207513 0.3004881 0.3524943 0.3855450 0.3677564 0.3526046 0.3370606 0.3383008 0.3436841 0.3757045 0.4036987 0.3878106 0.3611250 0.3697811 0.3479393 0.3505088 0.3384510 0.3250015 0.3276910 0.4647964 0.4782993 0.4490001 0.4566573 0.4389106 0.5262722 0.3450662 0.4154916 0.4084699 0.4554616 0.4066154 0.4196186 0.4186673 0.4044333 0.4060636 0.4084334 0.4216039 0.7583176 0.7623252 0.8214311 0.4009867 0.7581030 0.7581030 0.7774371 1.0581298 0.5766019 0.4005699 0.4788730 0.5038454 0.4732380 0.4677436 0.4692698 0.4315561 0.4278136 0.6966730 0.7574260 0.8448594 0.7770293 0.7975444 0.7625422 0.7729937 0.7729937 0.7935948 0.7357168 0.7632113 0.7138869 0.7286261 0.7144341 0.7279683 0.7291173 0.7047875 0.8462202 0.6285844 0.8126994 0.4995399 2.1688273 
Solanum_pennellii_XP_015088607.1      0.3828216 0.3757834 0.3815361 0.3777572 0.3919811 0.3929542 0.3950110 0.3954544 0.1485602 0.0946071 0.0035956 0.0000000 0.0099694 0.0391758 0.0245808 0.2873328 0.3080219 0.3077553 0.3046407 0.3043599 0.2969803 0.2966666 0.3826380 0.3368023 0.3368023 0.3385277 0.3411766 0.3375278 0.3392569 0.3415021 0.3432561 0.3384654 0.3213499 0.3223897 0.3059047 0.3562303 0.3875292 0.3707635 0.3526818 0.3371366 0.3383764 0.3437596 0.3787882 0.4070289 0.3912225 0.3636855 0.3737311 0.3528612 0.3554677 0.3404971 0.3286593 0.3313622 0.4707863 0.4846689 0.4513569 0.4626576 0.4412688 0.5339394 0.3467174 0.4179294 0.4137913 0.4616170 0.4120163 0.4225505 0.4216143 0.4096896 0.4083066 0.4106849 0.4238924 0.7615020 0.7620484 0.8211516 0.4009867 0.7607420 0.7607420 0.7803166 1.0548661 0.5787516 0.4011743 0.4790386 0.5039625 0.4755813 0.4700655 0.4716030 0.4321806 0.4284343 0.7003542 0.7607910 0.8488445 0.7864814 0.8086643 0.7744237 0.7823804 0.7823804 0.8046381 0.7390942 0.7750433 0.7229020 0.7399868 0.7234335 0.7393080 0.7287503 0.7120628 0.8549129 0.6319159 0.8167953 0.4952487 2.1688273 
Solanum_pennellii_XP_015088608.1      0.4516976 0.4429359 0.4532447 0.4449389 0.4592492 0.4610491 0.4637952 0.4638753 0.1757325 0.1129935 0.0128627 0.0099694 0.0000000 0.0172343 0.0367050 0.3386328 0.3611275 0.3610999 0.3544233 0.3543590 0.3466374 0.3465310 0.3370779 0.3757347 0.3757347 0.3780762 0.3851796 0.3806863 0.3830577 0.3885938 0.3910257 0.3876160 0.3765470 0.3780545 0.3619604 0.4108996 0.4552376 0.4340087 0.4127887 0.3943577 0.3953846 0.4017068 0.4386723 0.4386723 0.4285278 0.4240679 0.4371225 0.4085618 0.4139429 0.3956908 0.3789757 0.3848943 0.5207803 0.5414186 0.4969535 0.5111498 0.4846741 0.4971670 0.4035734 0.4156685 0.4798995 0.4758447 0.4731804 0.4901689 0.4939867 0.4811378 0.4762975 0.4797612 0.5016253 0.9003784 0.8693145 0.8660226 0.4663903 0.8623931 0.8623931 0.8434161 1.0518014 0.6558968 0.4588846 0.5412216 0.5763191 0.5381860 0.5305931 0.5318874 0.4693044 0.4657049 0.7769898 0.8359060 0.8269400 0.8582932 0.9022481 0.8677017 0.8335919 0.8335919 0.8731338 0.7805893 0.8419693 0.7663189 0.7432497 0.7656034 0.7425626 0.7741863 0.7990445 0.8396492 0.7179766 0.7204781 0.5720355 2.4006783 
Solanum_lycopersicum_XP_025888482.1   0.4922466 0.4814467 0.4919590 0.4820558 0.4979601 0.5000616 0.5096841 0.5094675 0.2109207 0.1430990 0.0361328 0.0391758 0.0172343 0.0000000 0.0638087 0.3782253 0.3992487 0.3994302 0.3923481 0.3924909 0.3843147 0.3844131 0.3649473 0.4110125 0.4110125 0.4135466 0.4241450 0.4196311 0.4222241 0.4275157 0.4301658 0.4264356 0.4061776 0.4077824 0.4051863 0.4472855 0.4910538 0.4667067 0.4501929 0.4323842 0.4330678 0.4388728 0.4766186 0.4790298 0.4475410 0.4553242 0.4740251 0.4437632 0.4492844 0.4351974 0.4153538 0.4212441 0.5481511 0.5700888 0.5295224 0.5389745 0.5176146 0.4890101 0.4366510 0.4164111 0.5113924 0.4875234 0.5101028 0.5307324 0.5324581 0.5115127 0.5131085 0.5165518 0.5429778 0.9581524 0.9160817 0.8913176 0.6705864 0.9048815 0.9048815 0.8613590 1.0550686 0.6855257 0.5038343 0.5833015 0.6191444 0.5800114 0.5724119 0.5737932 0.5152751 0.5118291 0.8291283 0.8941979 0.8673495 0.9014967 0.9531323 0.9254678 0.8769895 0.8769895 0.9243767 0.8335581 0.8999963 0.8135601 0.7404094 0.8127888 0.7397305 0.8271369 0.8332271 0.8435260 0.7408476 0.7717286 0.6548482 2.4944874 
Solanum_tuberosum_XP_006341169.1      0.3660385 0.3577282 0.3638473 0.3579008 0.3705596 0.3728172 0.3767167 0.3772581 0.1330019 0.0747731 0.0232816 0.0245808 0.0367050 0.0638087 0.0000000 0.2828037 0.2999822 0.2996802 0.2966617 0.2963461 0.2891017 0.2887542 0.3729235 0.3189962 0.3189962 0.3206100 0.3229494 0.3193581 0.3209777 0.3230383 0.3246787 0.3198041 0.2991452 0.3000982 0.2897345 0.3374114 0.3746938 0.3572182 0.3419827 0.3282250 0.3253239 0.3300486 0.3636927 0.3932906 0.3770170 0.3473656 0.3603995 0.3361721 0.3433133 0.3312885 0.3154092 0.3185975 0.4645460 0.4780270 0.4487581 0.4561138 0.4383795 0.5287079 0.3376419 0.4083149 0.3950561 0.4399925 0.3882421 0.4059228 0.4056172 0.3883468 0.3888890 0.3911777 0.4133165 0.7506552 0.7486012 0.8061625 0.4010843 0.7461721 0.7461721 0.7644224 1.0385716 0.5703049 0.3901415 0.4697388 0.4944141 0.4629025 0.4597308 0.4612366 0.4156764 0.4119398 0.6940292 0.7575164 0.8450263 0.7767872 0.7967647 0.7676869 0.7727384 0.7727384 0.7928077 0.7331959 0.7683363 0.7102449 0.7241560 0.7119995 0.7250130 0.7194962 0.6880719 0.8224120 0.6173639 0.7981644 0.4978759 2.1694990 
Capsicum_annuum_XP_016543193.1        0.4185342 0.4237009 0.4201254 0.4222272 0.4394141 0.4344442 0.4341469 0.4427668 0.3239618 0.2634931 0.2877596 0.2873328 0.3386328 0.3782253 0.2828037 0.0000000 0.1527889 0.1535377 0.1449287 0.1456312 0.1293315 0.1299506 0.1924617 0.3931164 0.3931164 0.3932499 0.4072016 0.4053017 0.4054973 0.4172725 0.4175293 0.3938546 0.3628994 0.3641576 0.4028249 0.3927970 0.4381162 0.4164137 0.3649609 0.3435277 0.3611463 0.3698563 0.4115642 0.4574055 0.4331737 0.4565285 0.4350840 0.4182563 0.4236047 0.3833553 0.4054284 0.4094869 0.5230970 0.5241764 0.4762810 0.5197857 0.4696292 0.6068442 0.4095465 0.4983439 0.4751053 0.5297991 0.4622374 0.4908184 0.4899057 0.4762533 0.4831292 0.4924337 0.5087930 0.8234511 0.8260933 0.8841943 0.4116693 0.8289069 0.8183642 0.8430683 1.2302363 0.6756524 0.5027639 0.5629830 0.5929052 0.5584869 0.5506072 0.5510001 0.5009893 0.5002743 0.7821381 0.8232857 0.9149339 0.8621060 0.8792702 0.8865044 0.8543666 0.8543666 0.8652913 0.7975600 0.8796081 0.7590925 0.8110826 0.7639476 0.8170613 0.7891006 0.8099901 0.9910386 0.7909957 0.9961662 0.7196911 2.6443476 
Solanum_lycopersicum_NP_001234457.1   0.4347173 0.4403218 0.4341834 0.4323970 0.4447457 0.4431206 0.4489970 0.4519724 0.3347961 0.2772212 0.3083631 0.3080219 0.3611275 0.3992487 0.2999822 0.1527889 0.0000000 0.0000010 0.0192494 0.0193295 0.0602234 0.0604842 0.1137566 0.3912943 0.3912943 0.3914152 0.4095339 0.4076854 0.4078872 0.4138708 0.4141030 0.3915824 0.3536549 0.3548614 0.4014883 0.4021609 0.4662908 0.4490553 0.4016300 0.3821197 0.3943134 0.4045031 0.4476083 0.4886378 0.4660406 0.4677268 0.4411190 0.4257112 0.4338298 0.3977976 0.4215182 0.4181922 0.5340683 0.5379473 0.4920723 0.5241229 0.4772731 0.6113885 0.4380539 0.5401610 0.5153620 0.5757022 0.4895141 0.5243950 0.5352166 0.5089018 0.4992676 0.5147413 0.5237955 0.8113146 0.8339487 0.8924213 0.4115995 0.8418787 0.8324641 0.8580723 1.2190768 0.6920939 0.4931426 0.5954135 0.6252456 0.6008724 0.5951071 0.5955277 0.5106148 0.5099036 0.7774561 0.8135859 0.9046496 0.8902475 0.8973588 0.8965111 0.8752671 0.8752671 0.8762444 0.8187610 0.8806569 0.7761035 0.8390951 0.7838492 0.8487119 0.8155469 0.8087329 0.9959386 0.7589879 0.9524508 0.7179692 2.3333672 
Solanum_lycopersicum_XP_010327683.1   0.4347173 0.4403218 0.4341834 0.4323970 0.4447457 0.4431206 0.4489970 0.4519724 0.3346446 0.2768145 0.3080989 0.3077553 0.3610999 0.3994302 0.2996802 0.1535377 0.0000010 0.0000000 0.0193295 0.0193295 0.0604842 0.0604842 0.1143302 0.3914152 0.3914152 0.3914152 0.4097446 0.4078872 0.4078872 0.4141030 0.4141030 0.3917045 0.3535942 0.3535942 0.4024071 0.4016393 0.4647367 0.4495271 0.4018693 0.3822585 0.3945152 0.4047580 0.4501865 0.4915375 0.4689189 0.4704349 0.4415414 0.4260483 0.4342084 0.3980000 0.4218365 0.4184926 0.5350171 0.5389671 0.4928126 0.5250190 0.4779302 0.6130206 0.4353232 0.5369570 0.5164675 0.5770792 0.4905761 0.5255168 0.5363751 0.5099865 0.5003810 0.5158945 0.5249768 0.8068424 0.8317044 0.8902675 0.4115995 0.8381700 0.8287188 0.8541530 1.2158836 0.6911350 0.4926153 0.5906000 0.6203925 0.5991655 0.5933817 0.5938029 0.5080100 0.5073010 0.7758360 0.8110310 0.9019645 0.8936069 0.9012725 0.9008260 0.8785168 0.8785168 0.8799835 0.8217055 0.8848237 0.7787742 0.8429099 0.7815203 0.8461548 0.8100892 0.8115256 1.0012499 0.7615643 0.9568592 0.7134320 2.3333672 
Solanum_pennellii_XP_015088826.1      0.4317977 0.4373490 0.4312576 0.4295040 0.4446866 0.4442094 0.4471589 0.4501203 0.3270695 0.2753940 0.3049916 0.3046407 0.3544233 0.3923481 0.2966617 0.1449287 0.0192494 0.0193295 0.0000000 0.0000010 0.0543283 0.0545613 0.1046950 0.3880466 0.3880466 0.3881511 0.3969869 0.3951618 0.3953011 0.4012425 0.4014113 0.3813859 0.3437056 0.3448646 0.3871562 0.3928462 0.4562473 0.4326768 0.3882455 0.3688945 0.3809338 0.3906078 0.4314334 0.4734998 0.4510977 0.4511208 0.4337312 0.4178232 0.4258413 0.3897960 0.4105334 0.4120820 0.5250698 0.5284460 0.4860958 0.5152247 0.4714553 0.5966936 0.4246016 0.5219194 0.5062461 0.5647656 0.4757777 0.5210501 0.5317698 0.5046978 0.4967946 0.5048562 0.5156211 0.8137458 0.8360074 0.8916291 0.4081007 0.8474464 0.8380070 0.8631866 1.2125488 0.6788122 0.4845814 0.5776296 0.6067482 0.5892443 0.5835501 0.5839602 0.5038630 0.5031694 0.7812544 0.8182706 0.9102629 0.8802188 0.8858037 0.8944673 0.8653633 0.8653633 0.8648824 0.8089953 0.8786086 0.7706955 0.8329500 0.7784164 0.8425382 0.8092173 0.7955221 0.9701993 0.7345093 0.9207782 0.7145810 2.3561350 
Solanum_pennellii_XP_027768306.1      0.4317977 0.4373490 0.4312576 0.4295040 0.4446866 0.4442094 0.4471589 0.4501203 0.3268828 0.2749814 0.3047135 0.3043599 0.3543590 0.3924909 0.2963461 0.1456312 0.0193295 0.0193295 0.0000010 0.0000000 0.0545613 0.0545613 0.1052177 0.3881511 0.3881511 0.3881511 0.3971350 0.3953011 0.3953011 0.4014113 0.4014113 0.3814583 0.3435976 0.3435976 0.3880375 0.3923029 0.4546607 0.4330619 0.3884125 0.3689614 0.3810633 0.3907875 0.4338939 0.4762814 0.4538566 0.4537090 0.4341139 0.4181184 0.4261771 0.3899558 0.4107937 0.4123494 0.5259619 0.5294027 0.4867970 0.5160651 0.4720749 0.5982137 0.4218642 0.5186878 0.5073237 0.5661050 0.4768018 0.5221601 0.5329161 0.5057674 0.4978995 0.5059836 0.5167799 0.8092842 0.8337725 0.8894753 0.4081007 0.8437491 0.8342730 0.8592787 1.2093108 0.6777887 0.4840349 0.5728426 0.6019215 0.5875053 0.5817930 0.5822036 0.5012516 0.5005603 0.7796456 0.8157237 0.9075895 0.8835014 0.8896160 0.8987712 0.8685376 0.8685376 0.8685223 0.8118643 0.8827639 0.7733232 0.8367058 0.7760724 0.8399566 0.8037651 0.7982207 0.9752556 0.7368946 0.9248953 0.7100435 2.3561350 
Solanum_tuberosum_XP_006338940.1      0.4066159 0.4141976 0.4062154 0.4021665 0.4158590 0.4129776 0.4208676 0.4207802 0.3128332 0.2657266 0.2973549 0.2969803 0.3466374 0.3843147 0.2891017 0.1293315 0.0602234 0.0604842 0.0543283 0.0545613 0.0000000 0.0000010 0.0428526 0.3900842 0.3900842 0.3901981 0.3927837 0.3909733 0.3910916 0.4016549 0.4018249 0.3787893 0.3489856 0.3501576 0.3882038 0.3780527 0.4461664 0.4189831 0.3727353 0.3513652 0.3654652 0.3728475 0.4217831 0.4636081 0.4401842 0.4497485 0.4234970 0.4055002 0.4190812 0.3813789 0.4029387 0.4030470 0.5185988 0.5249567 0.4745411 0.5148911 0.4660772 0.5945408 0.4072117 0.4965701 0.4982514 0.5519949 0.4712298 0.4991466 0.5117411 0.4871973 0.4813007 0.4860759 0.4964850 0.7992396 0.8134305 0.8719518 0.3904371 0.8300482 0.8207231 0.8452051 1.1698048 0.6774439 0.4821606 0.5595602 0.5895266 0.5671070 0.5666787 0.5670721 0.5091290 0.5084285 0.7750664 0.7952132 0.8767420 0.8626400 0.8734254 0.8705220 0.8512574 0.8512574 0.8564310 0.7925991 0.8590964 0.7481399 0.8026088 0.7679278 0.8276939 0.7874912 0.7863764 0.9521980 0.7455740 0.9290618 0.7277614 2.3139120 
Solanum_tuberosum_XP_015164653.1      0.4066159 0.4141976 0.4062154 0.4021665 0.4158590 0.4129776 0.4208676 0.4207802 0.3125816 0.2652761 0.2970440 0.2966666 0.3465310 0.3844131 0.2887542 0.1299506 0.0604842 0.0604842 0.0545613 0.0545613 0.0000010 0.0000000 0.0430565 0.3901981 0.3901981 0.3901981 0.3929107 0.3910916 0.3910916 0.4018249 0.4018249 0.3788489 0.3489035 0.3489035 0.3890883 0.3774773 0.4445488 0.4192955 0.3728197 0.3513388 0.3655124 0.3729326 0.4241674 0.4663093 0.4428499 0.4523050 0.4238242 0.4057318 0.4193812 0.3814948 0.4031584 0.4032667 0.5194501 0.5258878 0.4751716 0.5157262 0.4666624 0.5960382 0.4044550 0.4932942 0.4993054 0.5532939 0.4722363 0.5002007 0.5128361 0.4882236 0.4823651 0.4871577 0.4975943 0.7947441 0.8111258 0.8697288 0.3904371 0.8263301 0.8169693 0.8412741 1.1663150 0.6764121 0.4816086 0.5547768 0.5847051 0.5653159 0.5648827 0.5652765 0.5065482 0.5058499 0.7734302 0.7926384 0.8740156 0.8657870 0.8771333 0.8746022 0.8543205 0.8543205 0.8599977 0.7953438 0.8630665 0.7505940 0.8060690 0.7655504 0.8250543 0.7820362 0.7890007 0.9570619 0.7480411 0.9332501 0.7232387 2.3139120 
Solanum_tuberosum_XP_006338943.1      0.5244859 0.5341259 0.5241297 0.5175094 0.5367131 0.5336455 0.5434818 0.5426089 0.3953936 0.3511194 0.3827463 0.3826380 0.3370779 0.3649473 0.3729235 0.1924617 0.1137566 0.1143302 0.1046950 0.1052177 0.0428526 0.0430565 0.0000000 0.4894792 0.4894792 0.4901575 0.4870400 0.4849355 0.4855893 0.5010127 0.5017594 0.4725669 0.4481493 0.4499053 0.5100704 0.4777586 0.5677610 0.5288665 0.4787383 0.4557184 0.4708067 0.4789540 0.5241578 0.5241578 0.5231529 0.5598470 0.5350224 0.5107061 0.5251038 0.4830116 0.5069271 0.5067306 0.6027002 0.6151134 0.5537238 0.6085817 0.5536983 0.5744509 0.5149029 0.4965701 0.6205941 0.5703356 0.5873859 0.6092643 0.6358611 0.6078362 0.6132759 0.6171373 0.6336482 0.9821065 0.9663110 0.9690691 0.5935158 0.9845551 0.9736136 0.9874000 1.1667339 0.8153866 0.6015185 0.6841825 0.7220267 0.7014577 0.6983380 0.6988890 0.6031284 0.6021229 0.9339383 0.9435348 0.8844102 1.0157481 1.0565518 1.0765313 1.0064348 1.0064348 1.0406805 0.9404172 1.0679312 0.8876197 0.8164162 0.9121089 0.8418637 0.9142926 0.9279476 0.9548597 0.8767373 0.8877642 0.9168021 2.6093781 
Capsicum_annuum_XP_016543467.1        0.4359211 0.4381954 0.4369682 0.4464536 0.4530925 0.4466375 0.4602059 0.4533712 0.3496884 0.2970935 0.3331780 0.3368023 0.3757347 0.4110125 0.3189962 0.3931164 0.3912943 0.3914152 0.3880466 0.3881511 0.3900842 0.3901981 0.4894792 0.0000000 0.0000010 0.0000010 0.1348557 0.1331827 0.1337514 0.1305329 0.1310905 0.1150353 0.1763753 0.1768766 0.4048565 0.4212878 0.4596310 0.4816853 0.4241609 0.4101291 0.4162375 0.4232248 0.4926970 0.5264158 0.5036130 0.4816280 0.4610668 0.4830391 0.4915135 0.4504348 0.4549203 0.4589390 0.5728313 0.5963335 0.5273087 0.5671851 0.5154876 0.6537952 0.4524038 0.5317814 0.5286454 0.5712893 0.5287504 0.5231035 0.5217654 0.5099125 0.5423110 0.5284714 0.5627361 0.7886595 0.8370214 0.9129264 0.4072178 0.8363018 0.8260934 0.8659094 1.2297587 0.6850811 0.4927602 0.6029533 0.6180171 0.5953291 0.5990964 0.5976818 0.5546947 0.5484283 0.8544430 0.8454908 0.9345297 0.9433151 0.9485849 0.9360412 0.9223715 0.9223715 0.9207109 0.8648693 0.9129450 0.8054095 0.8481965 0.8099312 0.8525652 0.8582131 0.8312085 1.0090810 0.7850843 0.9904536 0.6933930 2.4002606 
Capsicum_annuum_XP_016543468.1        0.4359211 0.4381954 0.4369682 0.4464536 0.4530925 0.4466375 0.4602059 0.4533712 0.3496884 0.2970935 0.3331780 0.3368023 0.3757347 0.4110125 0.3189962 0.3931164 0.3912943 0.3914152 0.3880466 0.3881511 0.3900842 0.3901981 0.4894792 0.0000010 0.0000000 0.0000010 0.1348557 0.1331827 0.1337514 0.1305329 0.1310905 0.1150353 0.1763753 0.1768766 0.4048565 0.4212878 0.4596310 0.4816853 0.4241609 0.4101291 0.4162375 0.4232248 0.4926970 0.5264158 0.5036130 0.4816280 0.4610668 0.4830391 0.4915135 0.4504348 0.4549203 0.4589390 0.5728313 0.5963335 0.5273087 0.5671851 0.5154876 0.6537952 0.4524038 0.5317814 0.5286454 0.5712893 0.5287504 0.5231035 0.5217654 0.5099125 0.5423110 0.5284714 0.5627361 0.7886595 0.8370214 0.9129264 0.4072178 0.8363018 0.8260934 0.8659094 1.2297587 0.6850811 0.4927602 0.5924304 0.6073312 0.5953291 0.5990964 0.5976818 0.5546947 0.5484283 0.8544430 0.8454908 0.9345297 0.9433151 0.9485849 0.9360412 0.9223715 0.9223715 0.9207109 0.8648693 0.9129450 0.8054095 0.8481965 0.8099312 0.8525652 0.8582131 0.8312085 1.0090810 0.7850843 0.9904536 0.6933930 2.4002606 
Capsicum_annuum_XP_016543470.1        0.4359211 0.4381954 0.4369682 0.4464536 0.4530925 0.4466375 0.4602059 0.4533712 0.3515556 0.2986021 0.3348775 0.3385277 0.3780762 0.4135466 0.3206100 0.3932499 0.3914152 0.3914152 0.3881511 0.3881511 0.3901981 0.3901981 0.4901575 0.0000010 0.0000010 0.0000000 0.1354326 0.1337514 0.1337514 0.1310905 0.1310905 0.1155243 0.1771953 0.1771953 0.4057831 0.4187821 0.4579576 0.4801719 0.4223462 0.4082148 0.4143830 0.4214055 0.4933308 0.5272562 0.5043643 0.4822012 0.4614475 0.4835172 0.4920344 0.4507714 0.4552674 0.4593033 0.5738038 0.5974869 0.5280722 0.5681344 0.5161916 0.6555005 0.4505032 0.5296150 0.5297529 0.5726159 0.5298693 0.5241966 0.5228628 0.5109773 0.5435018 0.5296232 0.5639816 0.7852886 0.8354886 0.9116420 0.4072178 0.8346904 0.8244360 0.8643051 1.2280685 0.6868448 0.4922511 0.5863900 0.6012416 0.5924483 0.5962099 0.5947865 0.5531784 0.5468918 0.8498904 0.8397152 0.9280463 0.9436161 0.9489609 0.9363740 0.9225598 0.9225598 0.9209159 0.8647527 0.9131206 0.8049682 0.8479355 0.8083394 0.8508043 0.8511678 0.8309181 1.0099210 0.7845199 0.9911012 0.6931953 2.4002606 
Solanum_lycopersicum_NP_001234330.1   0.4528928 0.4569218 0.4543733 0.4646827 0.4631761 0.4557441 0.4679069 0.4601334 0.3472193 0.2997189 0.3419505 0.3411766 0.3851796 0.4241450 0.3229494 0.4072016 0.4095339 0.4097446 0.3969869 0.3971350 0.3927837 0.3929107 0.4870400 0.1348557 0.1348557 0.1354326 0.0000000 0.0023915 0.0024005 0.0181721 0.0182415 0.0553017 0.1819556 0.1824633 0.4088975 0.4539361 0.4940700 0.4975868 0.4476222 0.4321929 0.4386267 0.4456032 0.5000219 0.5315959 0.5065019 0.4986393 0.4811004 0.4995690 0.5024841 0.4638077 0.4751058 0.4798576 0.5847566 0.6039325 0.5417552 0.5747661 0.5257939 0.6730088 0.4707957 0.5518526 0.5450947 0.5955519 0.5392397 0.5360828 0.5374846 0.5405073 0.5556750 0.5500352 0.5619054 0.7760812 0.7936625 0.8540321 0.4024115 0.8147770 0.8074501 0.8276925 1.1521240 0.6738052 0.4933592 0.6122764 0.6311290 0.6119969 0.6145236 0.6203827 0.5673086 0.5612218 0.8689723 0.8674646 0.9605594 0.9442846 0.9386169 0.9304224 0.9283260 0.9283260 0.9167427 0.8738734 0.9132168 0.8256143 0.8584121 0.8274135 0.8627532 0.8571909 0.8267019 0.9941341 0.7726388 0.9712468 0.6822193 2.5278484 
Solanum_lycopersicum_XP_010327687.1   0.4524504 0.4564720 0.4539270 0.4642179 0.4627102 0.4552930 0.4674255 0.4596702 0.3449763 0.2961693 0.3383068 0.3375278 0.3806863 0.4196311 0.3193581 0.4053017 0.4076854 0.4078872 0.3951618 0.3953011 0.3909733 0.3910916 0.4849355 0.1331827 0.1331827 0.1337514 0.0023915 0.0000000 0.0000010 0.0157347 0.0157948 0.0539139 0.1804514 0.1809549 0.4068399 0.4508404 0.4912961 0.4934746 0.4434472 0.4279638 0.4344564 0.4414543 0.4966770 0.5280348 0.5028498 0.4967340 0.4787072 0.4992149 0.5021261 0.4634792 0.4709556 0.4757134 0.5801627 0.5990558 0.5371039 0.5701847 0.5211766 0.6672179 0.4676187 0.5474826 0.5446896 0.5950422 0.5349234 0.5341729 0.5355517 0.5385858 0.5531711 0.5455691 0.5598586 0.7793128 0.7964222 0.8570411 0.4024115 0.8175256 0.8102040 0.8306581 1.1573677 0.6714747 0.4913227 0.6078416 0.6279955 0.6099974 0.6125084 0.6183535 0.5651876 0.5591190 0.8677353 0.8661789 0.9590368 0.9445449 0.9389111 0.9307471 0.9285805 0.9285805 0.9170283 0.8741192 0.9135331 0.8258520 0.8587192 0.8276514 0.8630615 0.8546534 0.8269295 0.9944848 0.7753777 0.9744553 0.6784976 2.5278484 
Solanum_lycopersicum_XP_010327688.1   0.4524504 0.4564720 0.4539270 0.4642179 0.4627102 0.4552930 0.4674255 0.4596702 0.3468167 0.2976649 0.3400370 0.3392569 0.3830577 0.4222241 0.3209777 0.4054973 0.4078872 0.4078872 0.3953011 0.3953011 0.3910916 0.3910916 0.4855893 0.1337514 0.1337514 0.1337514 0.0024005 0.0000010 0.0000000 0.0157948 0.0157948 0.0541269 0.1812747 0.1812747 0.4077705 0.4484113 0.4897383 0.4920073 0.4417130 0.4261290 0.4326795 0.4397212 0.4973250 0.5288738 0.5035880 0.4973839 0.4791691 0.4997712 0.5026977 0.4638786 0.4713812 0.4761602 0.5811695 0.6002191 0.5379142 0.5711416 0.5219027 0.6689921 0.4657798 0.5454026 0.5458255 0.5964193 0.5360508 0.5352799 0.5366747 0.5397078 0.5543715 0.5467536 0.5610965 0.7759671 0.7947409 0.8555172 0.4024115 0.8158583 0.8085007 0.8289219 1.1552034 0.6731361 0.4908143 0.6018343 0.6219380 0.6072065 0.6097083 0.6155640 0.5637154 0.5576251 0.8632694 0.8605034 0.9526483 0.9448509 0.9392251 0.9310421 0.9288004 0.9288004 0.9172093 0.8740527 0.9137115 0.8255226 0.8585301 0.8261387 0.8613604 0.8476392 0.8266201 0.9952186 0.7747649 0.9749987 0.6782227 2.5278484 
Solanum_pennellii_XP_015055777.1      0.4490279 0.4529743 0.4497933 0.4646021 0.4637863 0.4563833 0.4679939 0.4602443 0.3426271 0.2982969 0.3422040 0.3415021 0.3885938 0.4275157 0.3230383 0.4172725 0.4138708 0.4141030 0.4012425 0.4014113 0.4016549 0.4018249 0.5010127 0.1305329 0.1305329 0.1310905 0.0181721 0.0157347 0.0157948 0.0000000 0.0000010 0.0500152 0.1840703 0.1845858 0.4037642 0.4472188 0.4873130 0.4925735 0.4377472 0.4226080 0.4336456 0.4361765 0.4964563 0.5312541 0.5056366 0.4941130 0.4757872 0.5013267 0.5042473 0.4600500 0.4681586 0.4726204 0.5807158 0.5996632 0.5333626 0.5707262 0.5174577 0.6720270 0.4690137 0.5530567 0.5492779 0.6001594 0.5403276 0.5374867 0.5389016 0.5402409 0.5550099 0.5474261 0.5573438 0.7738631 0.7903027 0.8542421 0.3938034 0.8091719 0.8018426 0.8307517 1.1571389 0.6631948 0.4957006 0.6131398 0.6320877 0.6193517 0.6240774 0.6300001 0.5623635 0.5563297 0.8532704 0.8592379 0.9508819 0.9490738 0.9440315 0.9404687 0.9331534 0.9331534 0.9221665 0.8756409 0.9232181 0.8226534 0.8603697 0.8244835 0.8647449 0.8452679 0.8313954 0.9956683 0.7685200 0.9661628 0.6761335 2.4879264 
Solanum_pennellii_XP_015055781.1      0.4490279 0.4529743 0.4497933 0.4646021 0.4637863 0.4563833 0.4679939 0.4602443 0.3444542 0.2998056 0.3439570 0.3432561 0.3910257 0.4301658 0.3246787 0.4175293 0.4141030 0.4141030 0.4014113 0.4014113 0.4018249 0.4018249 0.5017594 0.1310905 0.1310905 0.1310905 0.0182415 0.0157948 0.0157948 0.0000010 0.0000000 0.0502123 0.1849131 0.1849131 0.4046867 0.4447887 0.4857468 0.4911075 0.4359929 0.4207529 0.4318664 0.4344259 0.4971029 0.5321110 0.5063903 0.4947515 0.4762343 0.5018932 0.5048293 0.4604328 0.4685713 0.4730528 0.5817264 0.6008310 0.5341535 0.5716869 0.5181644 0.6738354 0.4671775 0.5509945 0.5504217 0.6015463 0.5414650 0.5385967 0.5400276 0.5413615 0.5562107 0.5486109 0.5585720 0.7704997 0.7885958 0.8527071 0.3938034 0.8074699 0.8001044 0.8290133 1.1549683 0.6648079 0.4952048 0.6071293 0.6260349 0.6165707 0.6212918 0.6272255 0.5608864 0.5548311 0.8487943 0.8535571 0.9444858 0.9494045 0.9443773 0.9408303 0.9333979 0.9333979 0.9223787 0.8755823 0.9234615 0.8223065 0.8601916 0.8229567 0.8630507 0.8382559 0.8311088 0.9964111 0.7678696 0.9666548 0.6758464 2.4879264 
Solanum_tuberosum_XP_006339115.1      0.4450870 0.4483769 0.4455023 0.4557341 0.4613923 0.4536692 0.4682207 0.4604356 0.3452890 0.2952831 0.3391722 0.3384654 0.3876160 0.4264356 0.3198041 0.3938546 0.3915824 0.3917045 0.3813859 0.3814583 0.3787893 0.3788489 0.4725669 0.1150353 0.1150353 0.1155243 0.0553017 0.0539139 0.0541269 0.0500152 0.0502123 0.0000000 0.1687685 0.1692391 0.3960175 0.4394244 0.4716029 0.4743638 0.4275167 0.4136348 0.4224837 0.4343611 0.4741113 0.5118246 0.4843247 0.4823479 0.4654799 0.4818833 0.4826353 0.4483532 0.4546561 0.4591034 0.5568989 0.5701581 0.5189883 0.5554034 0.5114486 0.6567420 0.4553659 0.5382899 0.5349932 0.5839623 0.5236443 0.5235385 0.5242596 0.5174947 0.5397778 0.5320353 0.5382883 0.7668537 0.7879672 0.8541864 0.3874945 0.8061043 0.7963581 0.8264514 1.1572233 0.6569451 0.4804738 0.5906959 0.5977555 0.5918943 0.5909227 0.5966685 0.5550588 0.5490466 0.8278451 0.8374034 0.9243195 0.9214057 0.9251962 0.9147905 0.9049110 0.9049110 0.9025069 0.8426659 0.8967442 0.8038794 0.8425832 0.8109851 0.8502523 0.8293267 0.8163805 0.9800194 0.7735804 0.9715049 0.6648424 2.5038159 
Nicotiana_attenuata_XP_019229094.1    0.4120673 0.4161914 0.4086116 0.4237418 0.4313507 0.4217296 0.4233190 0.4204828 0.3251277 0.2675206 0.3197209 0.3213499 0.3765470 0.4061776 0.2991452 0.3628994 0.3536549 0.3535942 0.3437056 0.3435976 0.3489856 0.3489035 0.4481493 0.1763753 0.1763753 0.1771953 0.1819556 0.1804514 0.1812747 0.1840703 0.1849131 0.1687685 0.0000000 0.0000010 0.3684144 0.4148837 0.4528354 0.4466335 0.4028475 0.3836839 0.3905572 0.4009310 0.4620088 0.4920163 0.4712431 0.4504275 0.4487657 0.4520016 0.4497452 0.4186641 0.4397587 0.4415769 0.5432534 0.5632782 0.5066495 0.5408120 0.4982212 0.6365474 0.4247397 0.5065583 0.4897397 0.5390938 0.4927861 0.4909488 0.4888226 0.4821597 0.4704793 0.4644717 0.5245616 0.7658369 0.7788661 0.8497396 0.3988308 0.7663711 0.7562934 0.7901909 1.1493490 0.6330915 0.4599819 0.5611457 0.5743793 0.5548432 0.5529390 0.5586790 0.5314950 0.5278042 0.8049326 0.7946186 0.8858883 0.8847574 0.8997113 0.8542605 0.8782952 0.8782952 0.8882808 0.8248188 0.8495566 0.7844049 0.8173188 0.7957258 0.8304270 0.8071129 0.7987070 0.9659265 0.7297984 0.9355941 0.7147009 2.3097106 
Nicotiana_attenuata_XP_019229095.1    0.4120673 0.4161914 0.4086116 0.4237418 0.4313507 0.4217296 0.4233190 0.4204828 0.3262239 0.2683679 0.3207513 0.3223897 0.3780545 0.4077824 0.3000982 0.3641576 0.3548614 0.3535942 0.3448646 0.3435976 0.3501576 0.3489035 0.4499053 0.1768766 0.1768766 0.1771953 0.1824633 0.1809549 0.1812747 0.1845858 0.1849131 0.1692391 0.0000010 0.0000000 0.3692539 0.4135150 0.4523287 0.4461066 0.4021655 0.3829300 0.3898393 0.4002423 0.4636421 0.4938390 0.4730636 0.4519937 0.4503645 0.4535714 0.4513110 0.4201642 0.4413084 0.4431262 0.5453065 0.5655314 0.5086238 0.5428638 0.5001642 0.6395295 0.4240352 0.5058838 0.4907688 0.5403525 0.4938353 0.4919781 0.4898556 0.4831694 0.4715092 0.4654879 0.5257428 0.7662718 0.7792909 0.8505102 0.3988308 0.7667376 0.7566209 0.7906875 1.1506524 0.6329596 0.4593864 0.5578469 0.5710679 0.5545056 0.5525948 0.5583506 0.5311943 0.5274925 0.8012285 0.7898553 0.8803992 0.8855518 0.9006887 0.8551170 0.8790597 0.8790597 0.8892009 0.8253941 0.8503838 0.7848340 0.8180181 0.7961988 0.8311915 0.8033184 0.7991674 0.9673556 0.7300197 0.9367568 0.7116883 2.3097106 
Carica_papaya_XP_021908636.1          0.2936152 0.2921809 0.2930379 0.2878154 0.3056372 0.3064531 0.3048476 0.3050498 0.2885255 0.2505043 0.3004881 0.3059047 0.3619604 0.4051863 0.2897345 0.4028249 0.4014883 0.4024071 0.3871562 0.3880375 0.3882038 0.3890883 0.5100704 0.4048565 0.4048565 0.4057831 0.4088975 0.4068399 0.4077705 0.4037642 0.4046867 0.3960175 0.3684144 0.3692539 0.0000000 0.2312311 0.2534637 0.2868965 0.2584957 0.2386663 0.2581745 0.2569616 0.2862770 0.3149180 0.2954691 0.2621095 0.2695836 0.2636925 0.2611327 0.2317586 0.2609859 0.2665351 0.3738890 0.3869463 0.3440588 0.3722658 0.3388239 0.4240809 0.2933468 0.3457824 0.3582654 0.3985234 0.3465061 0.3606187 0.3719320 0.3448449 0.3405118 0.3418107 0.3768708 0.7674001 0.7429888 0.8070350 0.3934377 0.7310613 0.7214474 0.7555753 1.0639338 0.5603228 0.4114835 0.4338544 0.4528087 0.4317381 0.4276290 0.4306434 0.4163528 0.4164087 0.6998793 0.7122222 0.7834627 0.8238071 0.8539982 0.8272349 0.8076113 0.8076113 0.8356522 0.7498001 0.8062628 0.7188979 0.7352260 0.7133930 0.7268189 0.7799670 0.7272255 0.8679703 0.7444865 0.9525165 0.6901188 2.3049343 
