6
Arabidopsis_lyrata_XP_002892208.1   0.0000000 0.0514906 0.1081884 0.1645095 0.1783776 0.1735382 
Arabidopsis_thaliana_NP_001323287.1 0.0514906 0.0000000 0.1135731 0.1705173 0.1766314 0.1769475 
Capsella_rubella_XP_006306986.1     0.1081884 0.1135731 0.0000000 0.1567710 0.1579478 0.1596985 
Eutrema_salsugineum_XP_006418141.1  0.1645095 0.1705173 0.1567710 0.0000000 0.1511033 0.1439249 
Brassica_oleracea_XP_013638399.1    0.1783776 0.1766314 0.1579478 0.1511033 0.0000000 0.0260054 
Brassica_rapa_XP_009119315.1        0.1735382 0.1769475 0.1596985 0.1439249 0.0260054 0.0000000 
