90
Arabidopsis_lyrata_XP_002865872.1     0.0000000 0.0000010 0.0219932 0.0292952 0.0440680 0.0592354 0.1056572 0.1039178 0.0942955 0.0925127 0.5785861 0.5873986 0.5759387 0.5699963 0.5498455 0.5360576 0.5194461 0.4694623 0.4372359 0.4051198 0.4994717 0.4823831 0.4838519 0.5002737 0.4871629 0.5366599 0.4883225 0.4831645 0.4944710 0.4997082 0.4997082 0.5034221 0.5337953 0.5331265 0.4966007 0.4953637 0.4494811 0.5640926 0.5370826 0.5910038 0.6052797 0.6329266 0.6001067 0.6151502 0.6021398 0.7004130 0.6146775 0.6161472 0.6468930 0.6481716 0.6628251 0.6628251 0.6686743 0.6686743 0.6733014 0.6926457 0.7250272 0.7035019 0.6746493 0.6618511 0.6563249 0.6698079 0.6719767 0.6570240 0.6611552 0.6668169 0.7273696 0.7254382 0.7205951 0.5949007 0.5964543 0.7281819 0.8040850 0.7473163 0.8035183 0.7970513 0.8361953 0.8608229 0.8809906 0.8702076 0.8780656 0.8015535 0.7930295 0.7996713 0.8061993 0.8090636 0.8667845 0.8664244 0.8530363 0.8689610 
Arabidopsis_lyrata_XP_020884717.1     0.0000010 0.0000000 0.0239053 0.0311933 0.0446146 0.0560392 0.1104266 0.1085928 0.0982870 0.0964035 0.5896603 0.6036776 0.5913939 0.5851406 0.5543542 0.5410726 0.5196829 0.4664682 0.4432119 0.4094430 0.4997378 0.4729077 0.4744267 0.4986946 0.4887156 0.5442780 0.4909087 0.4853983 0.4979145 0.5012584 0.5012584 0.5049089 0.5331501 0.5305095 0.4985833 0.4972662 0.4484922 0.5696396 0.5409200 0.5854013 0.6275644 0.6578982 0.6269056 0.6434522 0.6292029 0.7190838 0.6326171 0.6344323 0.6615834 0.6630630 0.6732767 0.6732767 0.6795548 0.6795548 0.6803575 0.7023531 0.7427034 0.7217516 0.6852142 0.6764179 0.6663197 0.6840293 0.6863846 0.6684905 0.6729268 0.6808487 0.7430826 0.7409950 0.7357914 0.6120935 0.6115795 0.7377191 0.8156610 0.7575651 0.8109971 0.8023880 0.8527988 0.8838736 0.8928105 0.8812093 0.8889224 0.8218471 0.8079959 0.8195890 0.8184523 0.8216250 0.8927228 0.8877759 0.8716948 0.8863524 
Arabidopsis_thaliana_NP_001330155.1   0.0219932 0.0239053 0.0000000 0.0000010 0.0503123 0.0610360 0.1011516 0.0988328 0.0829560 0.0805554 0.5829877 0.5788804 0.5678198 0.5572603 0.5641872 0.5556695 0.4950767 0.4418761 0.4497847 0.4161693 0.5043194 0.4968285 0.4988430 0.4969904 0.4754402 0.5335520 0.4833202 0.4765100 0.4765100 0.4977823 0.4977823 0.5080630 0.5505136 0.5435426 0.4568341 0.4516040 0.4516040 0.5693754 0.5508520 0.5786954 0.6143587 0.6224891 0.6272673 0.6491550 0.6196563 0.6627164 0.5943956 0.5956859 0.6138780 0.6152449 0.6340034 0.6340034 0.6340034 0.6340034 0.6434791 0.6559437 0.7011596 0.6900074 0.6215097 0.6047964 0.6008303 0.6290480 0.6316761 0.6456598 0.6510086 0.6047380 0.6914653 0.6890431 0.6885388 0.5468845 0.5530346 0.6732665 0.7537651 0.7508415 0.7726773 0.7629996 0.8159282 0.8632571 0.8106167 0.8024465 0.8047690 0.8005081 0.8052611 0.7998300 0.8233063 0.8272924 0.8587413 0.8586298 0.8450671 0.8937901 
Arabidopsis_thaliana_NP_199982.2      0.0292952 0.0311933 0.0000010 0.0000000 0.0486925 0.0655001 0.1100010 0.1082802 0.0966503 0.0948744 0.5968529 0.5875192 0.5759947 0.5767208 0.5718271 0.5556695 0.5118321 0.4624297 0.4417050 0.4064837 0.5073877 0.4852051 0.4866831 0.5006227 0.4964668 0.5335520 0.4803687 0.4742974 0.4814459 0.4912835 0.4912835 0.4948856 0.5343763 0.5337032 0.5024900 0.5012150 0.4516040 0.5815737 0.5516840 0.5756248 0.6114586 0.6380791 0.6095985 0.6248388 0.6107812 0.7053615 0.6381938 0.6399340 0.6682960 0.6697496 0.6804813 0.6804813 0.6864544 0.6864544 0.6911358 0.6757860 0.7192073 0.6904483 0.6793767 0.6660151 0.6604835 0.6739497 0.6761206 0.6560238 0.6601471 0.6650695 0.7351825 0.7332307 0.7234265 0.5947238 0.5941772 0.7214192 0.8073960 0.7508415 0.8010612 0.7952358 0.8535291 0.8777676 0.8751286 0.8628693 0.8754502 0.7954977 0.7870228 0.7936840 0.8001505 0.8029617 0.8604482 0.8601060 0.8575299 0.8734613 
Capsella_rubella_XP_023636072.1       0.0440680 0.0446146 0.0503123 0.0486925 0.0000000 0.0707742 0.1106411 0.1089129 0.1018260 0.1000595 0.5963557 0.6056701 0.5940796 0.5850910 0.5712267 0.5595946 0.5284916 0.4749084 0.4284371 0.3996505 0.4904353 0.4661298 0.4675536 0.4832954 0.4678837 0.5312156 0.4954867 0.4829675 0.4922111 0.4953800 0.4953800 0.4990673 0.5256848 0.5250301 0.4974624 0.4944185 0.4459152 0.5569939 0.5302824 0.5926939 0.6136399 0.6459079 0.6087542 0.6238853 0.6181537 0.7264275 0.6376629 0.6393809 0.6774435 0.6789638 0.6799363 0.6799363 0.6859124 0.6859124 0.6933318 0.6771605 0.7255442 0.7107712 0.6685983 0.6611594 0.6678245 0.6710283 0.6731919 0.6580265 0.6621504 0.6645888 0.7390362 0.7370816 0.7347307 0.6058739 0.6052253 0.7350911 0.8262052 0.7735605 0.8106062 0.8066987 0.8417828 0.8616901 0.8831599 0.8723240 0.8755266 0.8047412 0.7961867 0.8028218 0.7998599 0.8026653 0.8701386 0.8632615 0.8596034 0.8713871 
Eutrema_salsugineum_XP_024011619.1    0.0592354 0.0560392 0.0610360 0.0655001 0.0707742 0.0000000 0.0966929 0.0949536 0.0884257 0.0866454 0.5792392 0.5890622 0.5777882 0.5724972 0.5531796 0.5393222 0.5044652 0.4509555 0.4443739 0.4100772 0.4726532 0.4834887 0.4849374 0.4889326 0.4804128 0.5227247 0.4774794 0.4777885 0.4947577 0.4969699 0.4969699 0.5000673 0.5212238 0.5192634 0.4969789 0.4927219 0.4418828 0.5465921 0.5296497 0.5541783 0.5969558 0.6206936 0.5922171 0.6082039 0.5893841 0.6855457 0.6150929 0.6165538 0.6352677 0.6364446 0.6447601 0.6447601 0.6536358 0.6536358 0.6576087 0.6768209 0.7173416 0.6969773 0.6814460 0.6532289 0.6478762 0.6626855 0.6647949 0.6488604 0.6529491 0.6401013 0.7214795 0.7195889 0.7174133 0.5756129 0.5855476 0.7090968 0.7755345 0.7382693 0.8031790 0.7976859 0.8467095 0.8745305 0.8711779 0.8586582 0.8725885 0.8132438 0.8063768 0.8119012 0.8083612 0.8112237 0.8685419 0.8567198 0.8444649 0.8729290 
Brassica_oleracea_XP_013621567.1      0.1056572 0.1104266 0.1011516 0.1100010 0.1106411 0.0966929 0.0000000 0.0000010 0.0222442 0.0224024 0.5883749 0.6035486 0.5921240 0.5857848 0.5653167 0.5472232 0.5356422 0.4902789 0.4875530 0.4478020 0.4964456 0.5123497 0.5139018 0.5072600 0.5102354 0.5452227 0.4862408 0.4833704 0.5078469 0.5083379 0.5083379 0.5080387 0.5270100 0.5213619 0.5162694 0.5118957 0.4743688 0.5784412 0.5610253 0.5679050 0.6305461 0.6722178 0.5955846 0.6101541 0.5958746 0.7212682 0.6347430 0.6364181 0.6582140 0.6595748 0.6794627 0.6794627 0.6887513 0.6887513 0.6889678 0.7211555 0.7330599 0.7167372 0.7120433 0.6951781 0.6894417 0.7137000 0.7178090 0.6903870 0.6945811 0.6956980 0.7615483 0.7666078 0.7576913 0.6080835 0.6109678 0.7433587 0.8274800 0.8017509 0.8670016 0.8583919 0.8746241 0.9036603 0.8899018 0.8864897 0.8964258 0.8599253 0.8519340 0.8584235 0.8533239 0.8566243 0.9121388 0.9079735 0.8866665 0.8979613 
Brassica_oleracea_XP_013621568.1      0.1039178 0.1085928 0.0988328 0.1082802 0.1089129 0.0949536 0.0000010 0.0000000 0.0224024 0.0224024 0.5853675 0.6006391 0.5891581 0.5827682 0.5622270 0.5428925 0.5300396 0.4902789 0.4833102 0.4478020 0.4931776 0.5091051 0.5091051 0.5040375 0.5069898 0.5408872 0.4829045 0.4800348 0.5041254 0.5051057 0.5051057 0.5047803 0.5198649 0.5142296 0.5130068 0.5086231 0.4698197 0.5713105 0.5538826 0.5601326 0.6245599 0.6663141 0.5883547 0.6028991 0.5886018 0.7188832 0.6347430 0.6364181 0.6555295 0.6568793 0.6769022 0.6769022 0.6862295 0.6862295 0.6864554 0.7188206 0.7294079 0.7130083 0.7042940 0.6926885 0.6869316 0.7113061 0.7154331 0.6878686 0.6920857 0.6932352 0.7594061 0.7644937 0.7555279 0.6051668 0.6080918 0.7411222 0.8204324 0.7923987 0.8591763 0.8505883 0.8713429 0.9004884 0.8884702 0.8850434 0.8886469 0.8531056 0.8451196 0.8516705 0.8464957 0.8497546 0.9040687 0.8999032 0.8797342 0.8911052 
Brassica_rapa_XP_009127276.1          0.0942955 0.0982870 0.0829560 0.0966503 0.1018260 0.0884257 0.0222442 0.0224024 0.0000000 0.0000010 0.5730801 0.5932689 0.5818325 0.5640705 0.5466235 0.5259364 0.5256782 0.4789927 0.4650675 0.4269153 0.4797825 0.4998816 0.5014071 0.5063755 0.5033660 0.5256549 0.4666873 0.4660289 0.4850894 0.4950244 0.4950244 0.4946225 0.5131975 0.5076090 0.5092106 0.5048530 0.4618840 0.5660949 0.5452429 0.5529551 0.6046617 0.6444991 0.5827850 0.6005088 0.5880356 0.6988960 0.6155190 0.6169999 0.6378620 0.6390758 0.6581640 0.6581640 0.6639899 0.6639899 0.6712986 0.6932516 0.7159439 0.7026325 0.6877812 0.6784251 0.6728018 0.6908776 0.6931088 0.6724084 0.6765672 0.6824367 0.7420608 0.7470771 0.7422855 0.5897700 0.5879841 0.7382580 0.8171125 0.7795052 0.8274283 0.8191944 0.8652484 0.8942195 0.8733357 0.8718475 0.8830131 0.8311591 0.8234042 0.8299762 0.8234176 0.8264448 0.8857974 0.8815031 0.8676702 0.8824996 
Brassica_rapa_XP_009127280.1          0.0925127 0.0964035 0.0805554 0.0948744 0.1000595 0.0866454 0.0224024 0.0224024 0.0000010 0.0000000 0.5699800 0.5902877 0.5787946 0.5609248 0.5434258 0.5214769 0.5200017 0.4789927 0.4607552 0.4269153 0.4764306 0.4965548 0.4965548 0.5031268 0.5000783 0.5211976 0.4632407 0.4625982 0.4812467 0.4917140 0.4917140 0.4912842 0.5059821 0.5004072 0.5058980 0.5015309 0.4572560 0.5589043 0.5380380 0.5451087 0.5985525 0.6384743 0.5754967 0.5932051 0.5807085 0.6963767 0.6155190 0.6169999 0.6350568 0.6362577 0.6554792 0.6554792 0.6613306 0.6613306 0.6686809 0.6907614 0.7122168 0.6988423 0.6799667 0.6758401 0.6701978 0.6883504 0.6905894 0.6697909 0.6739723 0.6798919 0.7397990 0.7448428 0.7400237 0.5867537 0.5849901 0.7359752 0.8099819 0.7700393 0.8194989 0.8112898 0.8619165 0.8909961 0.8717898 0.8703016 0.8751557 0.8242220 0.8164743 0.8231085 0.8164663 0.8194501 0.8776426 0.8733467 0.8606449 0.8755535 
Capsicum_annuum_XP_016564777.1        0.5785861 0.5896603 0.5829877 0.5968529 0.5963557 0.5792392 0.5883749 0.5853675 0.5730801 0.5699800 0.0000000 0.1332678 0.1311111 0.0938014 0.1279772 0.1016796 0.4633276 0.4396261 0.4621430 0.4459442 0.4006825 0.4940106 0.4954378 0.5127297 0.5081692 0.4633739 0.4065969 0.4040641 0.4175893 0.4143924 0.4447115 0.4174325 0.4421226 0.4429543 0.5333909 0.5379520 0.4460976 0.5359535 0.5304738 0.4575115 0.5510830 0.5863760 0.5594064 0.5655288 0.5644593 0.6464060 0.5144920 0.5149349 0.6110560 0.6120110 0.6172084 0.6172084 0.6289051 0.6289051 0.6087621 0.5990324 0.6281950 0.5991791 0.6621569 0.6113717 0.6023593 0.6261043 0.6218984 0.5797974 0.5835629 0.6185252 0.6202172 0.6154260 0.6174766 0.5867134 0.6011927 0.6376321 0.7065186 0.5753406 0.7294709 0.7443802 0.6905212 0.7208506 0.7196076 0.7107459 0.7336917 0.7476010 0.7422431 0.7464362 0.7736859 0.7761040 0.7359286 0.7300679 0.8041783 0.7432835 
Solanum_lycopersicum_XP_004234155.1   0.5873986 0.6036776 0.5788804 0.5875192 0.6056701 0.5890622 0.6035486 0.6006391 0.5932689 0.5902877 0.1332678 0.0000000 0.0093760 0.0503123 0.1433518 0.1277890 0.4483193 0.4309630 0.4516582 0.4397936 0.3916992 0.5026348 0.5040840 0.5390366 0.5208217 0.4827936 0.4069959 0.4026016 0.4138868 0.4029414 0.4402819 0.4065487 0.4359923 0.4368111 0.5073816 0.5146006 0.4210698 0.5535491 0.5482845 0.4720355 0.5813412 0.6073135 0.5648523 0.5656252 0.5848392 0.6444383 0.5248689 0.5254136 0.6146793 0.6156570 0.6136686 0.6136686 0.6296113 0.6296113 0.6026316 0.6369399 0.6290228 0.6171738 0.6864124 0.6224313 0.6191026 0.6372939 0.6408807 0.5890212 0.5927780 0.6541756 0.6315653 0.6267642 0.6310914 0.6126148 0.6148726 0.6678148 0.7054076 0.5939455 0.7459026 0.7670953 0.6667747 0.7162990 0.7110852 0.6988155 0.7161873 0.7736567 0.7646477 0.7701112 0.8039789 0.8066424 0.7539504 0.7556428 0.8190421 0.7397451 
Solanum_pennellii_XP_015070880.1      0.5759387 0.5913939 0.5678198 0.5759947 0.5940796 0.5777882 0.5921240 0.5891581 0.5818325 0.5787946 0.1311111 0.0093760 0.0000000 0.0481880 0.1395481 0.1221322 0.4405291 0.4226923 0.4418026 0.4291751 0.3808744 0.4988605 0.5003038 0.5330253 0.5147678 0.4684765 0.3916504 0.3872971 0.3992999 0.3940381 0.4313862 0.3976213 0.4281150 0.4289256 0.5035387 0.5107204 0.4151478 0.5434739 0.5381906 0.4623702 0.5753896 0.6043733 0.5687986 0.5695822 0.5842852 0.6421596 0.5121951 0.5126158 0.6044262 0.6053321 0.6102982 0.6102982 0.6261534 0.6261534 0.5993136 0.6257075 0.6333890 0.6138873 0.6800820 0.6166235 0.6133245 0.6314153 0.6349903 0.5835547 0.5872835 0.6470299 0.6351180 0.6303295 0.6346482 0.6084440 0.6085735 0.6636128 0.6975505 0.5808003 0.7412916 0.7623879 0.6632260 0.7159888 0.7015850 0.6894260 0.7066230 0.7675294 0.7586131 0.7640769 0.7968624 0.7994616 0.7478545 0.7495798 0.8147690 0.7320919 
Solanum_tuberosum_XP_006348054.1      0.5699963 0.5851406 0.5572603 0.5767208 0.5850910 0.5724972 0.5857848 0.5827682 0.5640705 0.5609248 0.0938014 0.0503123 0.0481880 0.0000000 0.0980926 0.1009196 0.4084025 0.3751705 0.4515697 0.4298430 0.3941266 0.4243418 0.4255995 0.4461148 0.4342895 0.4467598 0.4058006 0.4020558 0.4122500 0.3988663 0.3988663 0.4025120 0.4289456 0.4297652 0.4547906 0.4551128 0.4167513 0.5521151 0.5458731 0.4083227 0.5122954 0.5742384 0.5185385 0.5189907 0.5330159 0.5817530 0.5064578 0.5068299 0.5467258 0.5472649 0.5482079 0.5482079 0.5561618 0.5561618 0.5385222 0.5319684 0.5727005 0.5513483 0.6235242 0.5498109 0.5502232 0.5817500 0.5767917 0.5216627 0.5254103 0.5559860 0.5696308 0.5648981 0.5677506 0.5431237 0.5453502 0.6089241 0.6522732 0.6003265 0.6845343 0.7058285 0.6450337 0.7103849 0.6971462 0.6873858 0.7110255 0.6867078 0.6817646 0.6912701 0.7014630 0.7033414 0.7021908 0.6990405 0.6921395 0.7130348 
Nicotiana_attenuata_XP_019236061.1    0.5498455 0.5543542 0.5641872 0.5718271 0.5712267 0.5531796 0.5653167 0.5622270 0.5466235 0.5434258 0.1279772 0.1433518 0.1395481 0.0980926 0.0000000 0.0000010 0.4305520 0.3979473 0.4009471 0.3823093 0.3614049 0.4376157 0.4388637 0.4889057 0.4715123 0.4336486 0.3829789 0.3830395 0.3973668 0.3940420 0.4299768 0.3963839 0.4338504 0.4346704 0.4750861 0.4793924 0.3937828 0.5186534 0.5075041 0.4686422 0.5459709 0.5710602 0.5619469 0.5724187 0.5649738 0.6253096 0.4595906 0.4595216 0.5836238 0.5843838 0.5933414 0.5933414 0.6030840 0.6030840 0.5939194 0.6036583 0.6199040 0.6076718 0.6459756 0.5789804 0.5590638 0.5989074 0.5992789 0.5512584 0.5549205 0.6247190 0.6076203 0.6118083 0.6075264 0.5922199 0.6009148 0.6474637 0.7044568 0.5783893 0.7315877 0.7489986 0.6266991 0.6744438 0.6736613 0.6655987 0.6809370 0.7631097 0.7561725 0.7488147 0.7761229 0.7785428 0.7576196 0.7480210 0.7847737 0.7008998 
Nicotiana_attenuata_XP_019236062.1    0.5360576 0.5410726 0.5556695 0.5556695 0.5595946 0.5393222 0.5472232 0.5428925 0.5259364 0.5214769 0.1016796 0.1277890 0.1221322 0.1009196 0.0000010 0.0000000 0.3180860 0.2819815 0.3907514 0.3618190 0.3545525 0.4195112 0.4212035 0.4207115 0.3732001 0.4336486 0.3733429 0.3763133 0.3763133 0.3907695 0.3907695 0.3969655 0.4404187 0.4359178 0.3731857 0.3676354 0.3676354 0.4678197 0.4694888 0.3831274 0.4553446 0.4624593 0.4462107 0.4619366 0.4621661 0.4765285 0.4164431 0.4159849 0.4406209 0.4403919 0.4406411 0.4406411 0.4406411 0.4406411 0.4422562 0.4537090 0.4699428 0.4716543 0.4927752 0.4381013 0.4365256 0.4621485 0.4622891 0.4213890 0.4259872 0.4337829 0.4408643 0.4459360 0.4372470 0.4403865 0.4431652 0.4797132 0.5520900 0.5520900 0.5673745 0.5823304 0.5333131 0.5826871 0.5216310 0.5165930 0.5431709 0.6214598 0.6282445 0.6255112 0.6492675 0.6512021 0.6407543 0.6369995 0.6601108 0.6952823 
Vitis_vinifera_XP_002268932.2         0.5194461 0.5196829 0.4950767 0.5118321 0.5284916 0.5044652 0.5356422 0.5300396 0.5256782 0.5200017 0.4633276 0.4483193 0.4405291 0.4084025 0.4305520 0.3180860 0.0000000 0.0000010 0.3378470 0.3099449 0.3191966 0.3511175 0.3495127 0.3891244 0.4152677 0.3422933 0.3041877 0.3151534 0.3175331 0.3126505 0.3445871 0.3222445 0.3837431 0.3861764 0.4086517 0.4214126 0.3225663 0.4353819 0.4270323 0.3964642 0.4877637 0.4877778 0.4460156 0.4797652 0.4922883 0.5218548 0.3982271 0.3976315 0.4734338 0.4734716 0.4901073 0.4901073 0.4982871 0.4982871 0.4906644 0.4921182 0.5283310 0.5056567 0.4959208 0.4738547 0.4657647 0.4637627 0.4654209 0.4325806 0.4358701 0.4685857 0.5150044 0.5188449 0.5127104 0.4851614 0.4913785 0.4932936 0.6694901 0.5595321 0.5853696 0.5866845 0.5812132 0.6056758 0.6198101 0.6107253 0.5970834 0.6348194 0.6486382 0.6572586 0.6823157 0.6839224 0.7081266 0.6996582 0.6679304 0.6195652 
Vitis_vinifera_XP_010662365.1         0.4694623 0.4664682 0.4418761 0.4624297 0.4749084 0.4509555 0.4902789 0.4902789 0.4789927 0.4789927 0.4396261 0.4309630 0.4226923 0.3751705 0.3979473 0.2819815 0.0000010 0.0000000 0.3099449 0.3099449 0.2934794 0.3315422 0.3315422 0.3629471 0.3768812 0.3146266 0.2781758 0.2881483 0.2858560 0.2895245 0.3240892 0.2970181 0.3476159 0.3502215 0.3767181 0.3893552 0.2750436 0.4044070 0.3968796 0.3751999 0.4670994 0.4714261 0.4137493 0.4481937 0.4613333 0.4868130 0.3982271 0.3976315 0.4536570 0.4535691 0.4628759 0.4628759 0.4715191 0.4715191 0.4634056 0.4547656 0.4911843 0.4691519 0.4635596 0.4432170 0.4364631 0.4376828 0.4338645 0.3773244 0.3807252 0.4385869 0.4767963 0.4808364 0.4701058 0.4543059 0.4630858 0.4784918 0.6209788 0.4962298 0.5186760 0.5218524 0.5147218 0.5478874 0.5840935 0.5786819 0.5686636 0.6226815 0.6374703 0.6465792 0.6716829 0.6733189 0.6640574 0.6568551 0.6438287 0.5865981 
Carica_papaya_XP_021909254.1          0.4372359 0.4432119 0.4497847 0.4417050 0.4284371 0.4443739 0.4875530 0.4833102 0.4650675 0.4607552 0.4621430 0.4516582 0.4418026 0.4515697 0.4009471 0.3907514 0.3378470 0.3099449 0.0000000 0.0000010 0.2674692 0.2936213 0.2944482 0.3032730 0.3134870 0.3358978 0.3040152 0.2996493 0.2992284 0.3118310 0.3118310 0.3134319 0.3757837 0.3796118 0.3132847 0.3156542 0.2821324 0.4067480 0.4091633 0.4352200 0.4499635 0.4649689 0.4318584 0.4505690 0.4437031 0.5125274 0.4410491 0.4408183 0.4555007 0.4554277 0.4770577 0.4770577 0.4840237 0.4840237 0.4736371 0.5123844 0.4690227 0.4754397 0.4923105 0.4598438 0.4643032 0.4890404 0.4828122 0.4108429 0.4142647 0.4921874 0.5180713 0.5221182 0.5167972 0.4108756 0.4110556 0.5478766 0.5758798 0.5552522 0.6015877 0.6028693 0.6007786 0.6353486 0.6976899 0.6735602 0.6544646 0.6132295 0.6193984 0.6220068 0.6203197 0.6215134 0.6590585 0.6575726 0.6512429 0.6841463 
Carica_papaya_XP_021909255.1          0.4051198 0.4094430 0.4161693 0.4064837 0.3996505 0.4100772 0.4478020 0.4478020 0.4269153 0.4269153 0.4459442 0.4397936 0.4291751 0.4298430 0.3823093 0.3618190 0.3099449 0.3099449 0.0000010 0.0000000 0.2617149 0.2833574 0.2833574 0.2903635 0.2986909 0.3171536 0.2870771 0.2916385 0.2898582 0.2950988 0.2950988 0.3003970 0.3547052 0.3587932 0.2856541 0.2883359 0.2441775 0.4012291 0.4037967 0.4152345 0.4164557 0.4365330 0.3938753 0.4123146 0.4083412 0.4793803 0.4410491 0.4408183 0.4450714 0.4449223 0.4585258 0.4585258 0.4658970 0.4658970 0.4548284 0.4872259 0.4441143 0.4597244 0.4750217 0.4360999 0.4435572 0.4732704 0.4690669 0.3684435 0.3720285 0.4655220 0.4998626 0.5042139 0.4939161 0.3929411 0.3952833 0.5340842 0.5216066 0.4934158 0.5588432 0.5587458 0.5410135 0.5922523 0.6607335 0.6385385 0.6182481 0.6038098 0.6104654 0.6132853 0.6064048 0.6075746 0.6315612 0.6310528 0.6354882 0.6577813 
Citrus_sinensis_XP_006490258.1        0.4994717 0.4997378 0.5043194 0.5073877 0.4904353 0.4726532 0.4964456 0.4931776 0.4797825 0.4764306 0.4006825 0.3916992 0.3808744 0.3941266 0.3614049 0.3545525 0.3191966 0.2934794 0.2674692 0.2617149 0.0000000 0.2698226 0.2705752 0.2788777 0.2954814 0.2838208 0.2754464 0.2765446 0.2918434 0.2733671 0.2733671 0.2744789 0.3471093 0.3527251 0.3044428 0.3017446 0.2594525 0.4085403 0.4114210 0.3928955 0.4381322 0.5055876 0.4276696 0.4357538 0.4625253 0.5604520 0.4356280 0.4353460 0.4611680 0.4611298 0.4904896 0.4904896 0.4976816 0.4976816 0.4949998 0.4780404 0.4678643 0.4636957 0.5096260 0.4380274 0.4400845 0.4950070 0.4957871 0.4596668 0.4631871 0.4702365 0.5019206 0.5058727 0.5031250 0.4187326 0.4267715 0.4873063 0.6247954 0.5837292 0.6013817 0.5977108 0.5758598 0.6217632 0.6557447 0.6584754 0.6454127 0.6224935 0.6181367 0.6344177 0.6187391 0.6199027 0.6588798 0.6487052 0.6624407 0.6764108 
Jatropha_curcas_XP_012090384.1        0.4823831 0.4729077 0.4968285 0.4852051 0.4661298 0.4834887 0.5123497 0.5091051 0.4998816 0.4965548 0.4940106 0.5026348 0.4988605 0.4243418 0.4376157 0.4195112 0.3511175 0.3315422 0.2936213 0.2833574 0.2698226 0.0000000 0.0000010 0.1694927 0.2194616 0.3065259 0.2876063 0.2866413 0.2915987 0.2644344 0.2837082 0.2690335 0.3447511 0.3521704 0.3140874 0.3128479 0.2512668 0.4376076 0.4225478 0.4485374 0.4662850 0.4997777 0.4484023 0.4639857 0.4641829 0.6193007 0.5035892 0.5039246 0.5347044 0.5351331 0.5546209 0.5546209 0.5683713 0.5683713 0.5653342 0.5516700 0.5835830 0.5704863 0.5191380 0.4803729 0.4789127 0.5309697 0.5330619 0.4861479 0.4896386 0.5632697 0.5932206 0.5973703 0.5913903 0.4848602 0.4907954 0.5611098 0.6889811 0.5985302 0.6841536 0.6881955 0.6439807 0.6737495 0.7187044 0.7029748 0.6887823 0.7420583 0.7297641 0.7421752 0.7451173 0.7472727 0.7706999 0.7667154 0.7669350 0.7149863 
Jatropha_curcas_XP_037492284.1        0.4838519 0.4744267 0.4988430 0.4866831 0.4675536 0.4849374 0.5139018 0.5091051 0.5014071 0.4965548 0.4954378 0.5040840 0.5003038 0.4255995 0.4388637 0.4212035 0.3495127 0.3315422 0.2944482 0.2833574 0.2705752 0.0000010 0.0000000 0.1699306 0.2200395 0.3077182 0.2884057 0.2874379 0.2925399 0.2651641 0.2844700 0.2697735 0.3423951 0.3498129 0.3149630 0.3137245 0.2522195 0.4352314 0.4201580 0.4458360 0.4648522 0.4984106 0.4460879 0.4616683 0.4618492 0.6211965 0.5035892 0.5039246 0.5362906 0.5367305 0.5562690 0.5562690 0.5700654 0.5700654 0.5670147 0.5533065 0.5853115 0.5721914 0.5162629 0.4817786 0.4803117 0.5325524 0.5346533 0.4875860 0.4910872 0.5649373 0.5949850 0.5991486 0.5931558 0.4862886 0.4922316 0.5627881 0.6866590 0.5952631 0.6812248 0.6852656 0.6460526 0.6759332 0.7210907 0.7052894 0.6856326 0.7398302 0.7275431 0.7399671 0.7428978 0.7450397 0.7674032 0.7634326 0.7646812 0.7125990 
Manihot_esculenta_XP_021592085.1      0.5002737 0.4986946 0.4969904 0.5006227 0.4832954 0.4889326 0.5072600 0.5040375 0.5063755 0.5031268 0.5127297 0.5390366 0.5330253 0.4461148 0.4889057 0.4207115 0.3891244 0.3629471 0.3032730 0.2903635 0.2788777 0.1694927 0.1699306 0.0000000 0.1469649 0.3196683 0.2988829 0.3055716 0.3138879 0.2917250 0.2992004 0.2967558 0.3670301 0.3768075 0.3141115 0.3079773 0.2523907 0.4246313 0.4207282 0.4509436 0.5093548 0.5423228 0.5046045 0.5101405 0.5091752 0.6179587 0.4827852 0.4829261 0.5567921 0.5573618 0.5608399 0.5608399 0.5762509 0.5762509 0.5729378 0.5804948 0.5871005 0.5934811 0.5556416 0.5169550 0.5158638 0.5616596 0.5638251 0.4881661 0.4916067 0.5623065 0.6305613 0.6347836 0.6302411 0.5206936 0.5287858 0.6194764 0.6841432 0.6051943 0.7192972 0.7274118 0.6307220 0.6513722 0.6917297 0.7024114 0.6807402 0.7741602 0.7791393 0.7908879 0.7685201 0.7708364 0.7960123 0.7972555 0.7782169 0.7112888 
Manihot_esculenta_XP_021616259.1      0.4871629 0.4887156 0.4754402 0.4964668 0.4678837 0.4804128 0.5102354 0.5069898 0.5033660 0.5000783 0.5081692 0.5208217 0.5147678 0.4342895 0.4715123 0.3732001 0.4152677 0.3768812 0.3134870 0.2986909 0.2954814 0.2194616 0.2200395 0.1469649 0.0000000 0.3030303 0.3211110 0.3187530 0.3181110 0.2989245 0.3193578 0.3023273 0.3817268 0.3917422 0.3318436 0.3257533 0.2576355 0.4184950 0.4086052 0.4524689 0.5032217 0.5331561 0.5027526 0.5088136 0.5117451 0.6284066 0.4505882 0.4504394 0.5589171 0.5595044 0.5647988 0.5647988 0.5791672 0.5791672 0.5744268 0.5690904 0.5956042 0.5850020 0.5627545 0.5171648 0.5112174 0.5718524 0.5678100 0.5103801 0.5139121 0.5742958 0.6396189 0.6439142 0.6377940 0.5193078 0.5248190 0.6332904 0.7015604 0.5886423 0.7190833 0.7252301 0.6283285 0.6535885 0.6635264 0.6888608 0.6661312 0.7908821 0.7873885 0.7962900 0.7977552 0.8003404 0.8081867 0.8231149 0.8030552 0.7203977 
Fragaria_vesca_XP_011470445.1         0.5366599 0.5442780 0.5335520 0.5335520 0.5312156 0.5227247 0.5452227 0.5408872 0.5256549 0.5211976 0.4633739 0.4827936 0.4684765 0.4467598 0.4336486 0.4336486 0.3422933 0.3146266 0.3358978 0.3171536 0.2838208 0.3065259 0.3077182 0.3196683 0.3030303 0.0000000 0.1338669 0.1390659 0.1390659 0.1407487 0.1407487 0.1450116 0.3567205 0.3612678 0.3011427 0.2849584 0.2849584 0.4404497 0.4318600 0.4058263 0.3701365 0.3771253 0.3680007 0.3935567 0.3748964 0.4894555 0.4265721 0.4262036 0.4399435 0.4397074 0.4560746 0.4560746 0.4560746 0.4560746 0.4632907 0.4304337 0.4211726 0.4483668 0.4675682 0.3822652 0.3907606 0.4258390 0.4208368 0.3960029 0.4005287 0.4260764 0.4426917 0.4411109 0.4452999 0.4085987 0.4219517 0.4525944 0.5755442 0.5755442 0.5872416 0.5748707 0.5337010 0.5781302 0.5609119 0.5540015 0.5800124 0.5828892 0.5853363 0.5900806 0.6012501 0.6026539 0.6110567 0.6084552 0.6034982 0.6718394 
Malus_domestica_XP_008343708.1        0.4883225 0.4909087 0.4833202 0.4803687 0.4954867 0.4774794 0.4862408 0.4829045 0.4666873 0.4632407 0.4065969 0.4069959 0.3916504 0.4058006 0.3829789 0.3733429 0.3041877 0.2781758 0.3040152 0.2870771 0.2754464 0.2876063 0.2884057 0.2988829 0.3211110 0.1338669 0.0000000 0.0180174 0.0185975 0.1070333 0.1070333 0.1045358 0.3261477 0.3315569 0.3343677 0.3386552 0.3006114 0.4015316 0.3924499 0.3977956 0.3964904 0.4356523 0.3878052 0.3963369 0.4108727 0.5366111 0.4395191 0.4392714 0.4645618 0.4645452 0.4836936 0.4836936 0.4907234 0.4907234 0.4881882 0.5128495 0.4946775 0.4891508 0.5250354 0.4587547 0.4602848 0.5130099 0.5112984 0.4435054 0.4443898 0.4952687 0.5199710 0.5186126 0.5155108 0.4401240 0.4468048 0.5430141 0.5805784 0.5345201 0.6353041 0.6371132 0.6275007 0.6551718 0.7112206 0.6966172 0.7046692 0.6157708 0.6234843 0.6282757 0.6280232 0.6292731 0.6616629 0.6572552 0.6577579 0.7062014 
Pyrus_x_bretschneideri_XP_009374544.1 0.4831645 0.4853983 0.4765100 0.4742974 0.4829675 0.4777885 0.4833704 0.4800348 0.4660289 0.4625982 0.4040641 0.4026016 0.3872971 0.4020558 0.3830395 0.3763133 0.3151534 0.2881483 0.2996493 0.2916385 0.2765446 0.2866413 0.2874379 0.3055716 0.3187530 0.1390659 0.0180174 0.0000000 0.0022856 0.1052801 0.1052801 0.1027851 0.3268870 0.3323138 0.3374752 0.3417793 0.3055113 0.3982341 0.3891926 0.3832654 0.3998779 0.4411300 0.3816021 0.3900133 0.4122343 0.5501213 0.4510995 0.4509540 0.4781991 0.4782693 0.5015916 0.5015916 0.5088267 0.5088267 0.5062101 0.5092993 0.4938752 0.4874064 0.5151821 0.4493915 0.4509602 0.5031435 0.5014286 0.4254095 0.4262562 0.4939251 0.5151230 0.5137707 0.5130088 0.4297555 0.4364602 0.5341429 0.5778741 0.5307993 0.6278132 0.6296439 0.6195832 0.6470814 0.7008704 0.6918395 0.6953490 0.6002925 0.6080604 0.6129036 0.6125110 0.6136388 0.6453761 0.6382531 0.6483729 0.6964438 
Pyrus_x_bretschneideri_XP_018506959.1 0.4944710 0.4979145 0.4765100 0.4814459 0.4922111 0.4947577 0.5078469 0.5041254 0.4850894 0.4812467 0.4175893 0.4138868 0.3992999 0.4122500 0.3973668 0.3763133 0.3175331 0.2858560 0.2992284 0.2898582 0.2918434 0.2915987 0.2925399 0.3138879 0.3181110 0.1390659 0.0185975 0.0022856 0.0000000 0.0966984 0.0966984 0.0965440 0.3175960 0.3242893 0.3316381 0.3316831 0.3055113 0.3820509 0.3801106 0.3804508 0.4067614 0.4197378 0.3907330 0.4057417 0.4185981 0.5296235 0.4352031 0.4349133 0.4608687 0.4608225 0.4858167 0.4858167 0.4912024 0.4912024 0.4888197 0.4980759 0.4790902 0.4814680 0.4936194 0.4473680 0.4494171 0.5011760 0.4991984 0.4354770 0.4364613 0.4717575 0.5087055 0.5071635 0.5105373 0.4152862 0.4184512 0.5227246 0.5815323 0.5307993 0.6419854 0.6391845 0.6194767 0.6438997 0.6544122 0.6453364 0.6694088 0.5961098 0.6051322 0.6107517 0.6117907 0.6130894 0.6481360 0.6431814 0.6695285 0.7155511 
Prunus_mume_XP_008234348.1            0.4997082 0.5012584 0.4977823 0.4912835 0.4953800 0.4969699 0.5083379 0.5051057 0.4950244 0.4917140 0.4143924 0.4029414 0.3940381 0.3988663 0.3940420 0.3907695 0.3126505 0.2895245 0.3118310 0.2950988 0.2733671 0.2644344 0.2651641 0.2917250 0.2989245 0.1407487 0.1070333 0.1052801 0.0966984 0.0000000 0.0000010 0.0177893 0.3133766 0.3187573 0.3429835 0.3396384 0.3080138 0.4469951 0.4413279 0.3890920 0.4011720 0.4426262 0.3844776 0.3979629 0.4129049 0.5422998 0.4473590 0.4471816 0.4776483 0.4777148 0.5067262 0.5067262 0.5139724 0.5139724 0.5127914 0.5127736 0.4811837 0.4963078 0.4988307 0.4563111 0.4598338 0.4966523 0.4995790 0.4456882 0.4465785 0.4878624 0.5009483 0.4996530 0.5085215 0.4511468 0.4506345 0.5386699 0.5732825 0.5241398 0.6262320 0.6223678 0.6256851 0.6626089 0.6840377 0.6571156 0.6739751 0.5943656 0.6062813 0.6099594 0.6115273 0.6126299 0.6477945 0.6491912 0.6388168 0.6749854 
Prunus_mume_XP_016650302.1            0.4997082 0.5012584 0.4977823 0.4912835 0.4953800 0.4969699 0.5083379 0.5051057 0.4950244 0.4917140 0.4447115 0.4402819 0.4313862 0.3988663 0.4299768 0.3907695 0.3445871 0.3240892 0.3118310 0.2950988 0.2733671 0.2837082 0.2844700 0.2992004 0.3193578 0.1407487 0.1070333 0.1052801 0.0966984 0.0000010 0.0000000 0.0177893 0.3133766 0.3187573 0.3599501 0.3544118 0.3080138 0.4469951 0.4413279 0.4186347 0.4471595 0.4686478 0.4262062 0.4440361 0.4473423 0.5640320 0.4473590 0.4471816 0.5109452 0.5112211 0.5381879 0.5381879 0.5510665 0.5510665 0.5456197 0.5445774 0.5009074 0.5264779 0.5246421 0.4800691 0.4825528 0.5034327 0.5062913 0.4722264 0.4731402 0.5355171 0.5459105 0.5445438 0.5558507 0.4816884 0.4873498 0.5693765 0.6166456 0.5241398 0.6737006 0.6697564 0.6256851 0.6626089 0.6840377 0.6571156 0.6739751 0.6198375 0.6359713 0.6403606 0.6507432 0.6521104 0.6690103 0.6667726 0.6901287 0.6749854 
Prunus_persica_XP_007219026.1         0.5034221 0.5049089 0.5080630 0.4948856 0.4990673 0.5000673 0.5080387 0.5047803 0.4946225 0.4912842 0.4174325 0.4065487 0.3976213 0.4025120 0.3963839 0.3969655 0.3222445 0.2970181 0.3134319 0.3003970 0.2744789 0.2690335 0.2697735 0.2967558 0.3023273 0.1450116 0.1045358 0.1027851 0.0965440 0.0177893 0.0177893 0.0000000 0.3177904 0.3231818 0.3404310 0.3370815 0.3060155 0.4402676 0.4346390 0.3844510 0.4030465 0.4480829 0.3856277 0.3991770 0.4141972 0.5427731 0.4571756 0.4510232 0.4857615 0.4814812 0.5003668 0.5003668 0.5075302 0.5075302 0.5063659 0.5197672 0.4862387 0.5033822 0.5056894 0.4589380 0.4624537 0.5005034 0.5034550 0.4505899 0.4514874 0.5018158 0.5057064 0.5043955 0.5133305 0.4553594 0.4567267 0.5387355 0.5770227 0.5293430 0.6269744 0.6199689 0.6288104 0.6570681 0.6929792 0.6707646 0.6824837 0.6046465 0.6166170 0.6213741 0.6219478 0.6180303 0.6600470 0.6613903 0.6388641 0.6803498 
Cucumis_melo_XP_008439119.1           0.5337953 0.5331501 0.5505136 0.5343763 0.5256848 0.5212238 0.5270100 0.5198649 0.5131975 0.5059821 0.4421226 0.4359923 0.4281150 0.4289456 0.4338504 0.4404187 0.3837431 0.3476159 0.3757837 0.3547052 0.3471093 0.3447511 0.3423951 0.3670301 0.3817268 0.3567205 0.3261477 0.3268870 0.3175960 0.3133766 0.3133766 0.3177904 0.0000000 0.0118988 0.4133905 0.4046367 0.3786432 0.4455064 0.4359262 0.4028608 0.4371357 0.4850844 0.4344876 0.4400362 0.4295499 0.5601076 0.4783613 0.4784630 0.5134295 0.5137282 0.5154352 0.5154352 0.5227923 0.5227923 0.5196525 0.5314191 0.5756243 0.5419747 0.5605060 0.5102003 0.5115560 0.5630569 0.5651187 0.4924769 0.4960773 0.5059002 0.5703049 0.5745155 0.5713286 0.4890291 0.4960193 0.5874236 0.6685128 0.6097875 0.6382126 0.6422530 0.6889534 0.7109035 0.7522866 0.7443976 0.7185150 0.6556034 0.6714650 0.6589761 0.6736697 0.6752634 0.6974493 0.7113011 0.6668898 0.6804865 
Cucumis_sativus_XP_004148155.1        0.5331265 0.5305095 0.5435426 0.5337032 0.5250301 0.5192634 0.5213619 0.5142296 0.5076090 0.5004072 0.4429543 0.4368111 0.4289256 0.4297652 0.4346704 0.4359178 0.3861764 0.3502215 0.3796118 0.3587932 0.3527251 0.3521704 0.3498129 0.3768075 0.3917422 0.3612678 0.3315569 0.3323138 0.3242893 0.3187573 0.3187573 0.3231818 0.0118988 0.0000000 0.4239587 0.4151322 0.3874600 0.4475236 0.4379701 0.4025288 0.4383295 0.4772561 0.4265565 0.4430128 0.4325185 0.5622522 0.4881789 0.4883707 0.5198450 0.5201856 0.5175497 0.5175497 0.5249141 0.5249141 0.5217696 0.5380868 0.5824691 0.5484908 0.5651897 0.5155636 0.5168991 0.5698657 0.5719597 0.4994419 0.5030551 0.5124701 0.5730119 0.5772310 0.5740436 0.4955664 0.4960579 0.5947806 0.6742918 0.6171315 0.6425799 0.6466021 0.6934149 0.7155729 0.7563003 0.7455400 0.7196700 0.6633528 0.6746935 0.6660829 0.6809044 0.6825538 0.6965096 0.7103182 0.6797794 0.6911925 
Populus_euphratica_XP_011041679.1     0.4966007 0.4985833 0.4568341 0.5024900 0.4974624 0.4969789 0.5162694 0.5130068 0.5092106 0.5058980 0.5333909 0.5073816 0.5035387 0.4547906 0.4750861 0.3731857 0.4086517 0.3767181 0.3132847 0.2856541 0.3044428 0.3140874 0.3149630 0.3141115 0.3318436 0.3011427 0.3343677 0.3374752 0.3316381 0.3429835 0.3599501 0.3404310 0.4133905 0.4239587 0.0000000 0.0403569 0.0294905 0.4725626 0.4548957 0.4906436 0.5287729 0.5580492 0.5224818 0.5175046 0.4974891 0.5731122 0.4200490 0.4196202 0.5074410 0.5076986 0.5370488 0.5370488 0.5493524 0.5493524 0.5510306 0.5571465 0.5428768 0.4873167 0.5031270 0.4744387 0.4653701 0.4983517 0.5041989 0.4629186 0.4663364 0.5153380 0.5374128 0.5413539 0.5323403 0.5168864 0.5133417 0.5379608 0.6649468 0.5607376 0.6809968 0.6820704 0.5797033 0.6196306 0.6687649 0.6619448 0.6645240 0.6671026 0.6634686 0.6533236 0.6931630 0.6948817 0.7490980 0.7503334 0.7419149 0.6949757 
Populus_trichocarpa_XP_024442625.1    0.4953637 0.4972662 0.4516040 0.5012150 0.4944185 0.4927219 0.5118957 0.5086231 0.5048530 0.5015309 0.5379520 0.5146006 0.5107204 0.4551128 0.4793924 0.3676354 0.4214126 0.3893552 0.3156542 0.2883359 0.3017446 0.3128479 0.3137245 0.3079773 0.3257533 0.2849584 0.3386552 0.3417793 0.3316831 0.3396384 0.3544118 0.3370815 0.4046367 0.4151322 0.0403569 0.0000000 0.0000010 0.4570359 0.4396591 0.5082509 0.5285778 0.5525737 0.5284552 0.5235139 0.5020261 0.5782832 0.4210047 0.4205838 0.5125888 0.5128812 0.5411831 0.5411831 0.5485602 0.5485602 0.5502484 0.5560059 0.5448454 0.5089095 0.5012306 0.4650029 0.4559551 0.4962934 0.5021827 0.4862390 0.4897353 0.5222911 0.5456680 0.5496523 0.5449463 0.5276380 0.5239480 0.5475813 0.6886240 0.5702864 0.6951761 0.6962381 0.5964318 0.6286618 0.6825641 0.6791156 0.6827762 0.6707390 0.6670779 0.6583842 0.6976744 0.6994326 0.7559097 0.7551953 0.7265671 0.6888095 
Populus_trichocarpa_XP_024442627.1    0.4494811 0.4484922 0.4516040 0.4516040 0.4459152 0.4418828 0.4743688 0.4698197 0.4618840 0.4572560 0.4460976 0.4210698 0.4151478 0.4167513 0.3937828 0.3676354 0.3225663 0.2750436 0.2821324 0.2441775 0.2594525 0.2512668 0.2522195 0.2523907 0.2576355 0.2849584 0.3006114 0.3055113 0.3055113 0.3080138 0.3080138 0.3060155 0.3786432 0.3874600 0.0294905 0.0000010 0.0000000 0.4211602 0.4029651 0.4340935 0.4433612 0.4477911 0.4461772 0.4523536 0.4248476 0.4629589 0.3773394 0.3765274 0.3939449 0.3933337 0.4218917 0.4218917 0.4218917 0.4218917 0.4306349 0.4190305 0.4184193 0.3867504 0.3833364 0.3517553 0.3502910 0.3683069 0.3752068 0.3869535 0.3913534 0.3640035 0.4281778 0.4331080 0.4240051 0.3959122 0.3976388 0.4088935 0.5733270 0.5702864 0.5437089 0.5444437 0.5416031 0.5807440 0.5552013 0.5550129 0.5717362 0.5575893 0.5655190 0.5546886 0.5860979 0.5873273 0.6315654 0.6241932 0.6076247 0.6525569 
Gossypium_hirsutum_XP_016720767.1     0.5640926 0.5696396 0.5693754 0.5815737 0.5569939 0.5465921 0.5784412 0.5713105 0.5660949 0.5589043 0.5359535 0.5535491 0.5434739 0.5521151 0.5186534 0.4678197 0.4353819 0.4044070 0.4067480 0.4012291 0.4085403 0.4376076 0.4352314 0.4246313 0.4184950 0.4404497 0.4015316 0.3982341 0.3820509 0.4469951 0.4469951 0.4402676 0.4455064 0.4475236 0.4725626 0.4570359 0.4211602 0.0000000 0.0455429 0.4516067 0.5584270 0.6270566 0.5510187 0.5552918 0.5702288 0.6646426 0.5705325 0.5729040 0.5886849 0.5905058 0.6120113 0.6120113 0.6176543 0.6176543 0.6035534 0.6052888 0.6807857 0.6184203 0.6070215 0.6379455 0.6392173 0.6701666 0.6746850 0.5468642 0.5507191 0.5998875 0.6416228 0.6461898 0.6462897 0.5388790 0.5599176 0.6899577 0.7282650 0.6583791 0.7453638 0.7561927 0.7603789 0.7589363 0.8226836 0.8154935 0.8091531 0.7360125 0.7430231 0.7308227 0.7365813 0.7387961 0.8035207 0.8014396 0.7400243 0.8078297 
Gossypium_hirsutum_XP_016744516.1     0.5370826 0.5409200 0.5508520 0.5516840 0.5302824 0.5296497 0.5610253 0.5538826 0.5452429 0.5380380 0.5304738 0.5482845 0.5381906 0.5458731 0.5075041 0.4694888 0.4270323 0.3968796 0.4091633 0.4037967 0.4114210 0.4225478 0.4201580 0.4207282 0.4086052 0.4318600 0.3924499 0.3891926 0.3801106 0.4413279 0.4413279 0.4346390 0.4359262 0.4379701 0.4548957 0.4396591 0.4029651 0.0455429 0.0000000 0.4582713 0.5389644 0.5991691 0.5269260 0.5454354 0.5500003 0.6520479 0.5638803 0.5661728 0.5869485 0.5887645 0.6050136 0.6050136 0.6099687 0.6099687 0.6013535 0.6035411 0.6780178 0.6154885 0.6056086 0.6279715 0.6270219 0.6645493 0.6690613 0.5493944 0.5532700 0.6137119 0.6364262 0.6409917 0.6410854 0.5351486 0.5562155 0.6832222 0.7368820 0.6651729 0.7323827 0.7431601 0.7858179 0.7776948 0.8208040 0.8162834 0.8206191 0.7553868 0.7585477 0.7495335 0.7692622 0.7717910 0.8284062 0.8286076 0.7481928 0.8123846 
Helianthus_annuus_XP_022029671.1      0.5910038 0.5854013 0.5786954 0.5756248 0.5926939 0.5541783 0.5679050 0.5601326 0.5529551 0.5451087 0.4575115 0.4720355 0.4623702 0.4083227 0.4686422 0.3831274 0.3964642 0.3751999 0.4352200 0.4152345 0.3928955 0.4485374 0.4458360 0.4509436 0.4524689 0.4058263 0.3977956 0.3832654 0.3804508 0.3890920 0.4186347 0.3844510 0.4028608 0.4025288 0.4906436 0.5082509 0.4340935 0.4516067 0.4582713 0.0000000 0.5579666 0.5868896 0.5496339 0.5701830 0.5689959 0.5933901 0.4385233 0.4382698 0.5448041 0.5453049 0.5572702 0.5572702 0.5759363 0.5759363 0.5710887 0.4962565 0.5550104 0.5276259 0.4935222 0.4852689 0.4780083 0.5489986 0.5433758 0.4816300 0.4851065 0.5303490 0.5726340 0.5767008 0.5770356 0.4667364 0.4809041 0.5366109 0.6942236 0.5863018 0.6293091 0.6376329 0.6013506 0.6198916 0.6133711 0.6130490 0.5843963 0.6675387 0.6519518 0.6557531 0.6926678 0.6943723 0.6868154 0.7059838 0.7228884 0.7016512 
Cicer_arietinum_XP_004506280.1        0.6052797 0.6275644 0.6143587 0.6114586 0.6136399 0.5969558 0.6305461 0.6245599 0.6046617 0.5985525 0.5510830 0.5813412 0.5753896 0.5122954 0.5459709 0.4553446 0.4877637 0.4670994 0.4499635 0.4164557 0.4381322 0.4662850 0.4648522 0.5093548 0.5032217 0.3701365 0.3964904 0.3998779 0.4067614 0.4011720 0.4471595 0.4030465 0.4371357 0.4383295 0.5287729 0.5285778 0.4433612 0.5584270 0.5389644 0.5579666 0.0000000 0.1071568 0.2149668 0.2156074 0.2033218 0.7058514 0.5555193 0.5563545 0.6902418 0.6917789 0.6693815 0.6693815 0.6850050 0.6850050 0.6731324 0.7019717 0.6479803 0.6439258 0.6508034 0.6175032 0.6067907 0.6576043 0.6628088 0.6406264 0.6445290 0.6770568 0.6852601 0.6835621 0.6900995 0.5883842 0.6022519 0.6900148 0.7526320 0.6352627 0.7666855 0.7759849 0.7490067 0.7495676 0.7582662 0.7753411 0.7907326 0.8354781 0.8288797 0.8136350 0.8636976 0.8669454 0.8760913 0.8776696 0.8505948 0.8084700 
Medicago_truncatula_XP_013452470.1    0.6329266 0.6578982 0.6224891 0.6380791 0.6459079 0.6206936 0.6722178 0.6663141 0.6444991 0.6384743 0.5863760 0.6073135 0.6043733 0.5742384 0.5710602 0.4624593 0.4877778 0.4714261 0.4649689 0.4365330 0.5055876 0.4997777 0.4984106 0.5423228 0.5331561 0.3771253 0.4356523 0.4411300 0.4197378 0.4426262 0.4686478 0.4480829 0.4850844 0.4772561 0.5580492 0.5525737 0.4477911 0.6270566 0.5991691 0.5868896 0.1071568 0.0000000 0.2426750 0.2592897 0.2423282 0.6978788 0.5734413 0.5744635 0.6833788 0.6848670 0.6559280 0.6559280 0.6642516 0.6642516 0.6642513 0.7036985 0.6488763 0.6616338 0.6626009 0.6420765 0.6298299 0.6679130 0.6705117 0.6278590 0.6317809 0.6841135 0.6892795 0.6875505 0.6841091 0.5947185 0.6120337 0.6955055 0.7695060 0.6559688 0.7717068 0.7848756 0.7874913 0.7886313 0.8301258 0.8305344 0.8390221 0.8237046 0.8170380 0.8042228 0.8572215 0.8604455 0.8511199 0.8537600 0.8559581 0.8156220 
