61
Arabidopsis_lyrata_XP_020891032.1     0.0000000 0.0107861 0.0204339 0.0409786 0.0364670 0.0261885 0.1655111 0.1857934 0.1822510 0.1756007 0.1920040 0.1842899 0.1861800 0.1814498 0.1705667 0.1340228 0.1723390 0.1951818 0.2004966 0.1985215 0.1996466 0.2440229 0.1792801 0.1751709 0.1761551 0.1952830 0.1926407 0.1976504 0.2195135 0.2195135 0.2465050 0.2450745 0.2122570 0.2480896 0.2245164 0.1961106 0.2155116 0.2530824 0.2201184 0.2091864 0.2199004 0.2611217 0.3071617 0.2931374 0.2653314 0.2153627 0.2388494 0.2420426 0.2313458 0.2326743 0.2262939 0.2277761 0.2290789 0.2226859 0.2351195 0.2364673 0.2347746 0.2641029 0.2727397 0.2994453 0.3098288 
Arabidopsis_thaliana_NP_176808.3      0.0107861 0.0000000 0.0176746 0.0407614 0.0362717 0.0247907 0.1638037 0.1858401 0.1841739 0.1747671 0.1939272 0.1844297 0.1863212 0.1817619 0.1708601 0.1318107 0.1683140 0.1934175 0.1987282 0.1967565 0.1978719 0.2417258 0.1775478 0.1734470 0.1744218 0.1935095 0.1908773 0.1958974 0.2170015 0.2170015 0.2510008 0.2495409 0.2099809 0.2525647 0.2247667 0.1982536 0.2200891 0.2588254 0.2263688 0.2153991 0.2261531 0.2631721 0.3093360 0.2952854 0.2674306 0.2131581 0.2409455 0.2422261 0.2329625 0.2342985 0.2279442 0.2293864 0.2306966 0.2243294 0.2367334 0.2380887 0.2349528 0.2643057 0.2729485 0.3016185 0.3160147 
Capsella_rubella_XP_006300779.1       0.0204339 0.0176746 0.0000000 0.0451813 0.0406400 0.0290708 0.1727872 0.1931735 0.1901289 0.1830795 0.2016149 0.1875878 0.1894926 0.1852073 0.1742568 0.1362805 0.1730186 0.2011854 0.2071008 0.2051027 0.2062696 0.2504466 0.1851922 0.1803594 0.1813723 0.2029133 0.2002210 0.2051979 0.2251274 0.2251274 0.2529552 0.2514833 0.2156838 0.2522059 0.2250251 0.1956876 0.2219488 0.2615943 0.2254653 0.2168402 0.2313607 0.2666530 0.3125095 0.2984920 0.2707024 0.2178681 0.2498920 0.2513479 0.2428898 0.2442830 0.2380370 0.2392447 0.2406116 0.2343498 0.2466745 0.2480867 0.2462303 0.2642563 0.2728710 0.3078570 0.3135025 
Brassica_oleracea_XP_013591391.1      0.0409786 0.0407614 0.0451813 0.0000000 0.0121674 0.0346571 0.1751871 0.1926814 0.1849949 0.1773476 0.2027538 0.1842784 0.1848882 0.1856700 0.1744511 0.1343939 0.1722406 0.2131488 0.2020250 0.2015594 0.2027130 0.2465506 0.1827500 0.1785665 0.1795834 0.1996388 0.1984830 0.2034993 0.2201248 0.2196834 0.2574878 0.2559798 0.2161378 0.2545078 0.2339281 0.2137775 0.2258031 0.2642353 0.2281832 0.2171188 0.2298003 0.2673519 0.3060164 0.2920043 0.2696131 0.2130231 0.2478219 0.2478014 0.2428679 0.2442636 0.2364445 0.2392160 0.2405854 0.2327549 0.2465707 0.2479844 0.2467043 0.2674104 0.2761710 0.3056333 0.3149657 
Brassica_rapa_XP_009105200.1          0.0364670 0.0362717 0.0406400 0.0121674 0.0000000 0.0274931 0.1682910 0.1848348 0.1792635 0.1731012 0.1954520 0.1782725 0.1788681 0.1804788 0.1693641 0.1324429 0.1718868 0.2028435 0.1981846 0.1977325 0.1988557 0.2410856 0.1762882 0.1721605 0.1731362 0.1918021 0.1918397 0.1968650 0.2129912 0.2125675 0.2491949 0.2477379 0.2105654 0.2463017 0.2255199 0.2049369 0.2174813 0.2553694 0.2192620 0.2083828 0.2208611 0.2588673 0.2977708 0.2839696 0.2619311 0.2110247 0.2393974 0.2396595 0.2347922 0.2361340 0.2282662 0.2312155 0.2325318 0.2246553 0.2384682 0.2398281 0.2385867 0.2573300 0.2659160 0.2989071 0.3091473 
Eutrema_salsugineum_XP_006391377.1    0.0261885 0.0247907 0.0290708 0.0346571 0.0274931 0.0000000 0.1564933 0.1781960 0.1709148 0.1675787 0.1841279 0.1656420 0.1674883 0.1661088 0.1555003 0.1247595 0.1606645 0.1860656 0.1870104 0.1850733 0.1861183 0.2262160 0.1678674 0.1638394 0.1647559 0.1806952 0.1790956 0.1842968 0.2052421 0.2052421 0.2404174 0.2390142 0.2027949 0.2376685 0.2190170 0.1946641 0.2111131 0.2482771 0.2111716 0.2004330 0.2128234 0.2500823 0.2945765 0.2807766 0.2533768 0.2044353 0.2294033 0.2261148 0.2200480 0.2213117 0.2148104 0.2165561 0.2177948 0.2112838 0.2238044 0.2250877 0.2238985 0.2449786 0.2534523 0.2892200 0.2978167 
Carica_papaya_XP_021894230.1          0.1655111 0.1638037 0.1727872 0.1751871 0.1682910 0.1564933 0.0000000 0.1334663 0.1410447 0.1289033 0.1463537 0.1376530 0.1394524 0.1288798 0.1272486 0.0978281 0.1269520 0.1457809 0.1430708 0.1412638 0.1420487 0.1682512 0.1297884 0.1248460 0.1255256 0.1371287 0.1407238 0.1418739 0.1570923 0.1570923 0.1900836 0.1890088 0.1540907 0.1935170 0.1662307 0.1546280 0.1554845 0.1944813 0.1826975 0.1726546 0.1798432 0.2095382 0.2380248 0.2256342 0.2124359 0.1890347 0.1931159 0.1807305 0.1654867 0.1663884 0.1604142 0.1666137 0.1675214 0.1615605 0.1763135 0.1772790 0.1759921 0.2176892 0.2256470 0.2418044 0.2761630 
Citrus_sinensis_NP_001275863.1        0.1857934 0.1858401 0.1931735 0.1926814 0.1848348 0.1781960 0.1334663 0.0000000 0.1426443 0.1344241 0.1412495 0.1316592 0.1386384 0.1351304 0.1272082 0.0996571 0.1286976 0.1371064 0.1378084 0.1360534 0.1367924 0.1675778 0.1243022 0.1194507 0.1200919 0.1283654 0.1231035 0.1315376 0.1643457 0.1643457 0.2028405 0.2017083 0.1707219 0.2030863 0.1824825 0.1644391 0.1716701 0.2093105 0.1960605 0.1870184 0.1932758 0.2264871 0.2709655 0.2594543 0.2360177 0.1949066 0.2062180 0.1929116 0.1746664 0.1756463 0.1715936 0.1707255 0.1716764 0.1675978 0.1793780 0.1803765 0.1851338 0.2145620 0.2224420 0.2641644 0.2797078 
Manihot_esculenta_XP_021617838.1      0.1822510 0.1841739 0.1901289 0.1849949 0.1792635 0.1709148 0.1410447 0.1426443 0.0000000 0.0162497 0.0829428 0.1169722 0.1235669 0.1306491 0.1170489 0.1019348 0.1385542 0.1434438 0.1397778 0.1379809 0.1370719 0.1574336 0.1273554 0.1230454 0.1220833 0.1380100 0.1347453 0.1487104 0.1681423 0.1681423 0.1802681 0.1810151 0.1602708 0.2012892 0.1677292 0.1487833 0.1618812 0.1943305 0.1898189 0.1806562 0.1874082 0.2246180 0.2675719 0.2537854 0.2338366 0.2082175 0.2042716 0.1929176 0.1855176 0.1848053 0.1768152 0.1862668 0.1855613 0.1776198 0.2005082 0.1998588 0.1866666 0.2251093 0.2331796 0.2722425 0.2803383 
Manihot_esculenta_XP_021617840.1      0.1756007 0.1747671 0.1830795 0.1773476 0.1731012 0.1675787 0.1289033 0.1344241 0.0162497 0.0000000 0.1018685 0.1194681 0.1254908 0.1292473 0.1299746 0.1019348 0.1212600 0.1515837 0.1340208 0.1319072 0.1319072 0.1525377 0.1307769 0.1267920 0.1267920 0.1367198 0.1367198 0.1535776 0.1603694 0.1603694 0.1725957 0.1725957 0.1572496 0.1893350 0.1711330 0.1485871 0.1621444 0.1859622 0.1733870 0.1628039 0.1705627 0.2130127 0.2639470 0.2481855 0.2319970 0.2017870 0.1998856 0.1877005 0.1812715 0.1812715 0.1710535 0.1820908 0.1820908 0.1719458 0.1961459 0.1961459 0.1873604 0.2027717 0.2120130 0.2240485 0.2408080 
Manihot_esculenta_XP_021625986.1      0.1920040 0.1939272 0.2016149 0.2027538 0.1954520 0.1841279 0.1463537 0.1412495 0.0829428 0.1018685 0.0000000 0.1181515 0.1238001 0.1286659 0.1129434 0.0974158 0.1377052 0.1352829 0.1483845 0.1465935 0.1473954 0.1645699 0.1328830 0.1316712 0.1323883 0.1371332 0.1349968 0.1486351 0.1715044 0.1715044 0.1959675 0.1948742 0.1786029 0.2044880 0.1573084 0.1394029 0.1516297 0.1865602 0.2043728 0.1950440 0.1998394 0.2325112 0.2819619 0.2671084 0.2453885 0.2170271 0.2167944 0.2032260 0.1968589 0.1979615 0.1904810 0.1936113 0.1946912 0.1872050 0.2042172 0.2053555 0.1929657 0.2332699 0.2413582 0.2619928 0.2852914 
Populus_euphratica_XP_011009895.1     0.1842899 0.1844297 0.1875878 0.1842784 0.1782725 0.1656420 0.1376530 0.1316592 0.1169722 0.1194681 0.1181515 0.0000000 0.0162804 0.0834962 0.0721978 0.0621151 0.0887335 0.1328255 0.1248989 0.1231645 0.1238366 0.1427711 0.1225304 0.1176349 0.1182730 0.1208747 0.1184041 0.1252772 0.1645953 0.1645953 0.2003348 0.1992014 0.1707338 0.2068311 0.1642428 0.1451149 0.1545036 0.1898321 0.1847392 0.1778345 0.1841468 0.2137895 0.2400243 0.2297191 0.2070927 0.1832157 0.1888700 0.1751697 0.1749108 0.1758804 0.1701314 0.1718482 0.1727966 0.1670340 0.1804820 0.1814795 0.1711494 0.1925496 0.2001513 0.2487879 0.2630974 
Populus_trichocarpa_XP_002299688.1    0.1861800 0.1863212 0.1894926 0.1848882 0.1788681 0.1674883 0.1394524 0.1386384 0.1235669 0.1254908 0.1238001 0.0162804 0.0000000 0.0867617 0.0753761 0.0677457 0.0945723 0.1388832 0.1306130 0.1288556 0.1295629 0.1522336 0.1225107 0.1176174 0.1182552 0.1296754 0.1271222 0.1340952 0.1714539 0.1714539 0.2087738 0.2075911 0.1805050 0.2152985 0.1726250 0.1526919 0.1644289 0.1958631 0.1884440 0.1814931 0.1878468 0.2232149 0.2467679 0.2363555 0.2135413 0.1908713 0.1986374 0.1837576 0.1834756 0.1844916 0.1788609 0.1803566 0.1813510 0.1757041 0.1890561 0.1901000 0.1796248 0.1959121 0.2035870 0.2498857 0.2692551 
Populus_euphratica_XP_011044844.1     0.1814498 0.1817619 0.1852073 0.1856700 0.1804788 0.1661088 0.1288798 0.1351304 0.1306491 0.1292473 0.1286659 0.0834962 0.0867617 0.0000000 0.0261520 0.0216384 0.0193051 0.1447369 0.1342796 0.1339968 0.1347339 0.1544051 0.1229515 0.1148116 0.1154368 0.1290697 0.1276520 0.1277859 0.1625381 0.1622292 0.2014337 0.2002875 0.1698022 0.2006392 0.1699900 0.1510038 0.1618184 0.1978197 0.1863291 0.1798565 0.1862042 0.2259797 0.2644832 0.2498765 0.2325052 0.1966780 0.2010918 0.1942795 0.1899231 0.1909961 0.1837813 0.1874914 0.1885422 0.1813527 0.1936018 0.1946904 0.1892994 0.1982677 0.2024436 0.2578211 0.2833246 
Populus_trichocarpa_XP_006385310.1    0.1705667 0.1708601 0.1742568 0.1744511 0.1693641 0.1555003 0.1272486 0.1272082 0.1170489 0.1299746 0.1129434 0.0721978 0.0753761 0.0261520 0.0000000 0.0016242 0.0396212 0.1357218 0.1265889 0.1248473 0.1255299 0.1402955 0.1106715 0.1058429 0.1064149 0.1231460 0.1186679 0.1220030 0.1576620 0.1576620 0.1955550 0.1944517 0.1738241 0.2013035 0.1602246 0.1450077 0.1522651 0.1873750 0.1790146 0.1726212 0.1788904 0.2106057 0.2519361 0.2377029 0.2207185 0.1967372 0.1883347 0.1822601 0.1793125 0.1803125 0.1745861 0.1762007 0.1771790 0.1714375 0.1821607 0.1831755 0.1759803 0.1864487 0.1904927 0.2519282 0.2744192 
Populus_trichocarpa_XP_024453424.1    0.1340228 0.1318107 0.1362805 0.1343939 0.1324429 0.1247595 0.0978281 0.0996571 0.1019348 0.1019348 0.0974158 0.0621151 0.0677457 0.0216384 0.0016242 0.0000000 0.0216384 0.1187416 0.1104917 0.1084443 0.1084443 0.1200375 0.1017197 0.0978529 0.0978529 0.1077230 0.1077230 0.1133747 0.1228447 0.1228447 0.1566882 0.1566882 0.1566882 0.1616365 0.1375314 0.1238228 0.1308217 0.1624378 0.1463421 0.1390304 0.1462027 0.1773618 0.2162163 0.2022563 0.1848793 0.1848793 0.1628656 0.1580436 0.1519768 0.1519768 0.1457731 0.1484562 0.1484562 0.1422148 0.1582661 0.1582661 0.1576580 0.1469706 0.1515115 0.1941650 0.2061600 
Populus_euphratica_XP_011044845.1     0.1723390 0.1683140 0.1730186 0.1722406 0.1718868 0.1606645 0.1269520 0.1286976 0.1385542 0.1212600 0.1377052 0.0887335 0.0945723 0.0193051 0.0396212 0.0216384 0.0000000 0.1499792 0.1392083 0.1388643 0.1388643 0.1649306 0.1333903 0.1257105 0.1257105 0.1362598 0.1354742 0.1391644 0.1564191 0.1560740 0.1900330 0.1900330 0.1771607 0.1937256 0.1694582 0.1470524 0.1616037 0.1945688 0.1775684 0.1700743 0.1774225 0.2140681 0.2558841 0.2413047 0.2224982 0.1966642 0.1971247 0.1940771 0.1882093 0.1882093 0.1810747 0.1844375 0.1844375 0.1772534 0.1947789 0.1947789 0.1943369 0.1910851 0.1958767 0.2348955 0.2485976 
Fragaria_vesca_XP_004288086.1         0.1951818 0.1934175 0.2011854 0.2131488 0.2028435 0.1860656 0.1457809 0.1371064 0.1434438 0.1515837 0.1352829 0.1328255 0.1388832 0.1447369 0.1357218 0.1187416 0.1499792 0.0000000 0.0824735 0.0809012 0.0813243 0.0941337 0.0690599 0.0654663 0.0658056 0.0719517 0.0734572 0.0772829 0.1760101 0.1760101 0.1983350 0.1972160 0.1703578 0.1993537 0.1657135 0.1470021 0.1608749 0.1966447 0.1733172 0.1645789 0.1705746 0.2337524 0.2745043 0.2598190 0.2403687 0.2013013 0.2061034 0.2008777 0.1986488 0.1997516 0.1942622 0.1998317 0.2009415 0.1954663 0.2067320 0.2078780 0.1908771 0.2354342 0.2435554 0.2565679 0.2845959 
Malus_domestica_NP_001280831.1        0.2004966 0.1987282 0.2071008 0.2020250 0.1981846 0.1870104 0.1430708 0.1378084 0.1397778 0.1340208 0.1483845 0.1248989 0.1306130 0.1342796 0.1265889 0.1104917 0.1392083 0.0824735 0.0000000 0.0013188 0.0013253 0.0166015 0.0606043 0.0562177 0.0565065 0.0550267 0.0545465 0.0570831 0.1725371 0.1725371 0.1861618 0.1851206 0.1539894 0.1883726 0.1529415 0.1413350 0.1465510 0.1806735 0.1706984 0.1621699 0.1680204 0.2218009 0.2600367 0.2482453 0.2300195 0.1910143 0.1997673 0.1959872 0.1927582 0.1938234 0.1853337 0.1922508 0.1933144 0.1848126 0.1972708 0.1983599 0.1823905 0.2209414 0.2289234 0.2740411 0.2831766 
Malus_domestica_XP_008338216.2        0.1985215 0.1967565 0.2051027 0.2015594 0.1977325 0.1850733 0.1412638 0.1360534 0.1379809 0.1319072 0.1465935 0.1231645 0.1288556 0.1339968 0.1248473 0.1084443 0.1388643 0.0809012 0.0013188 0.0000000 0.0000010 0.0149131 0.0591051 0.0547290 0.0550099 0.0535335 0.0543529 0.0568815 0.1706760 0.1721622 0.1862889 0.1852463 0.1541098 0.1899986 0.1511188 0.1393825 0.1447385 0.1800460 0.1688631 0.1603681 0.1661945 0.2197631 0.2578604 0.2460982 0.2279388 0.1887027 0.1977228 0.2115176 0.2062262 0.2073692 0.1834108 0.2057286 0.2068704 0.1828890 0.2107879 0.2119551 0.1957702 0.2189178 0.2268781 0.2718258 0.2808968 
Malus_domestica_XP_028949082.1        0.1996466 0.1978719 0.2062696 0.2027130 0.1988557 0.1861183 0.1420487 0.1367924 0.1370719 0.1319072 0.1473954 0.1238366 0.1295629 0.1347339 0.1255299 0.1084443 0.1388643 0.0813243 0.0013253 0.0000010 0.0000000 0.0150051 0.0594088 0.0550099 0.0550099 0.0538095 0.0546303 0.0571700 0.1716179 0.1731110 0.1862889 0.1862889 0.1541098 0.1910577 0.1519554 0.1402216 0.1455416 0.1810703 0.1697841 0.1612357 0.1670992 0.2183838 0.2564787 0.2447078 0.2265497 0.1887027 0.1962866 0.2127049 0.2073692 0.2073692 0.1844408 0.2068704 0.2068704 0.1839171 0.2119551 0.2119551 0.1968601 0.2201595 0.2281672 0.2734195 0.2825758 
Pyrus_x_bretschneideri_XP_009376488.2 0.2440229 0.2417258 0.2504466 0.2465506 0.2410856 0.2262160 0.1682512 0.1675778 0.1574336 0.1525377 0.1645699 0.1427711 0.1522336 0.1544051 0.1402955 0.1200375 0.1649306 0.0941337 0.0166015 0.0149131 0.0150051 0.0000000 0.0684793 0.0666020 0.0670277 0.0632792 0.0626021 0.0657031 0.1932847 0.1932847 0.2288060 0.2271807 0.1966912 0.2264871 0.1850741 0.1700478 0.1769408 0.2145171 0.2047034 0.1934383 0.2024164 0.2412365 0.2875382 0.2712890 0.2483749 0.1985394 0.2212466 0.2103018 0.2065860 0.2080105 0.2065860 0.2074403 0.2088766 0.2074403 0.2181696 0.2196747 0.1988332 0.2782418 0.2865308 0.3197993 0.3324548 
Prunus_mume_XP_008218930.1            0.1792801 0.1775478 0.1851922 0.1827500 0.1762882 0.1678674 0.1297884 0.1243022 0.1273554 0.1307769 0.1328830 0.1225304 0.1225107 0.1229515 0.1106715 0.1017197 0.1333903 0.0690599 0.0606043 0.0591051 0.0594088 0.0684793 0.0000000 0.0066211 0.0066538 0.0577125 0.0560526 0.0572011 0.1493507 0.1493507 0.1807160 0.1797146 0.1547016 0.1825857 0.1564014 0.1418337 0.1490210 0.1820157 0.1547251 0.1502433 0.1559677 0.2063889 0.2528886 0.2424718 0.2195211 0.1857228 0.1901298 0.1841548 0.1780392 0.1790189 0.1716786 0.1791887 0.1801748 0.1728485 0.1859523 0.1869738 0.1747022 0.2089762 0.2147791 0.2507479 0.2716354 
Prunus_persica_XP_007225223.1         0.1751709 0.1734470 0.1803594 0.1785665 0.1721605 0.1638394 0.1248460 0.1194507 0.1230454 0.1267920 0.1316712 0.1176349 0.1176174 0.1148116 0.1058429 0.0978529 0.1257105 0.0654663 0.0562177 0.0547290 0.0550099 0.0666020 0.0066211 0.0000000 0.0000010 0.0533375 0.0517006 0.0528685 0.1448621 0.1448621 0.1754254 0.1744530 0.1506553 0.1773626 0.1518312 0.1370123 0.1438926 0.1801778 0.1502593 0.1458335 0.1514915 0.2060443 0.2485892 0.2382231 0.2154178 0.1832110 0.1860712 0.1788824 0.1728491 0.1738006 0.1680230 0.1739940 0.1749518 0.1691889 0.1807402 0.1817335 0.1695123 0.2035529 0.2113254 0.2507774 0.2744515 
Prunus_persica_XP_020420391.1         0.1761551 0.1744218 0.1813723 0.1795834 0.1731362 0.1647559 0.1255256 0.1200919 0.1220833 0.1267920 0.1323883 0.1182730 0.1182552 0.1154368 0.1064149 0.0978529 0.1257105 0.0658056 0.0565065 0.0550099 0.0550099 0.0670277 0.0066538 0.0000010 0.0000000 0.0536116 0.0519653 0.0531374 0.1456593 0.1456593 0.1754254 0.1754254 0.1506553 0.1783418 0.1526725 0.1378329 0.1446930 0.1812001 0.1510750 0.1466208 0.1523141 0.2046598 0.2471897 0.2368176 0.2140113 0.1832110 0.1846141 0.1798783 0.1738006 0.1738006 0.1689685 0.1749518 0.1749518 0.1701409 0.1817335 0.1817335 0.1704477 0.2046983 0.2125167 0.2522432 0.2760907 
Malus_domestica_NP_001280890.1        0.1952830 0.1935095 0.2029133 0.1996388 0.1918021 0.1806952 0.1371287 0.1283654 0.1380100 0.1367198 0.1371332 0.1208747 0.1296754 0.1290697 0.1231460 0.1077230 0.1362598 0.0719517 0.0550267 0.0535335 0.0538095 0.0632792 0.0577125 0.0533375 0.0536116 0.0000000 0.0066902 0.0203313 0.1668615 0.1668615 0.1905935 0.1895218 0.1606011 0.1863924 0.1591133 0.1478995 0.1527185 0.1921033 0.1638807 0.1553892 0.1611821 0.2179429 0.2524696 0.2451774 0.2294931 0.1933917 0.1909799 0.1821574 0.1776169 0.1785961 0.1728703 0.1771016 0.1780789 0.1723417 0.1855438 0.1865653 0.1723012 0.2043039 0.2121042 0.2545137 0.2731488 
Malus_domestica_XP_008394303.1        0.1926407 0.1908773 0.2002210 0.1984830 0.1918397 0.1790956 0.1407238 0.1231035 0.1347453 0.1367198 0.1349968 0.1184041 0.1271222 0.1276520 0.1186679 0.1077230 0.1354742 0.0734572 0.0545465 0.0543529 0.0546303 0.0626021 0.0560526 0.0517006 0.0519653 0.0066902 0.0000000 0.0188277 0.1627388 0.1642333 0.1913810 0.1903039 0.1606011 0.1886667 0.1609904 0.1498479 0.1545522 0.1942772 0.1639856 0.1555020 0.1612896 0.2180296 0.2524495 0.2451814 0.2295467 0.1944240 0.1911434 0.1844719 0.1798939 0.1808860 0.1731041 0.1793796 0.1803697 0.1725756 0.1878338 0.1888681 0.1745707 0.2010392 0.2087582 0.2554825 0.2750136 
Pyrus_x_bretschneideri_XP_009366243.1 0.1976504 0.1958974 0.2051979 0.2034993 0.1968650 0.1842968 0.1418739 0.1315376 0.1487104 0.1535776 0.1486351 0.1252772 0.1340952 0.1277859 0.1220030 0.1133747 0.1391644 0.0772829 0.0570831 0.0568815 0.0571700 0.0657031 0.0572011 0.0528685 0.0531374 0.0203313 0.0188277 0.0000000 0.1685217 0.1700057 0.1947705 0.1936829 0.1685464 0.1904877 0.1644588 0.1517526 0.1580622 0.1959166 0.1649274 0.1549516 0.1606721 0.2168371 0.2543778 0.2471565 0.2288777 0.1965210 0.1969804 0.1821373 0.1775747 0.1785587 0.1707148 0.1770569 0.1780388 0.1701828 0.1855403 0.1865667 0.1731284 0.2105368 0.2183408 0.2595788 0.2771287 
Vitis_vinifera_NP_001268102.1         0.2195135 0.2170015 0.2251274 0.2201248 0.2129912 0.2052421 0.1570923 0.1643457 0.1681423 0.1603694 0.1715044 0.1645953 0.1714539 0.1625381 0.1576620 0.1228447 0.1564191 0.1760101 0.1725371 0.1706760 0.1716179 0.1932847 0.1493507 0.1448621 0.1456593 0.1668615 0.1627388 0.1685217 0.0000000 0.0000010 0.2337864 0.2324483 0.2002785 0.2273528 0.1893423 0.1747264 0.1898055 0.2224998 0.2116184 0.2021127 0.2103020 0.2378881 0.2772760 0.2645514 0.2464691 0.1942165 0.2161171 0.2002085 0.1966500 0.1977484 0.1899125 0.1929481 0.1940245 0.1861644 0.2015909 0.2027137 0.1961578 0.2414877 0.2496807 0.2765092 0.2911167 
Vitis_vinifera_XP_010644801.1         0.2195135 0.2170015 0.2251274 0.2196834 0.2125675 0.2052421 0.1570923 0.1643457 0.1681423 0.1603694 0.1715044 0.1645953 0.1714539 0.1622292 0.1576620 0.1228447 0.1560740 0.1760101 0.1725371 0.1721622 0.1731110 0.1932847 0.1493507 0.1448621 0.1456593 0.1668615 0.1642333 0.1700057 0.0000010 0.0000000 0.2337864 0.2324483 0.2002785 0.2269027 0.1893423 0.1747264 0.1898055 0.2224998 0.2116184 0.2021127 0.2103020 0.2378881 0.2772760 0.2645514 0.2464691 0.1942165 0.2161171 0.2016925 0.1981477 0.1992529 0.1899125 0.1944450 0.1955281 0.1861644 0.2030828 0.2042122 0.1976543 0.2414877 0.2496807 0.2765092 0.2911167 
Cicer_arietinum_XP_004515179.1        0.2465050 0.2510008 0.2529552 0.2574878 0.2491949 0.2404174 0.1900836 0.2028405 0.1802681 0.1725957 0.1959675 0.2003348 0.2087738 0.2014337 0.1955550 0.1566882 0.1900330 0.1983350 0.1861618 0.1862889 0.1862889 0.2288060 0.1807160 0.1754254 0.1754254 0.1905935 0.1913810 0.1947705 0.2337864 0.2337864 0.0000000 0.0000010 0.0079396 0.0685256 0.0959064 0.0897713 0.0913612 0.1243972 0.2059324 0.2001129 0.2051113 0.2838703 0.3001296 0.2886935 0.2722204 0.2388810 0.2469629 0.2530102 0.2442574 0.2442574 0.2444843 0.2427854 0.2427854 0.2429764 0.2549840 0.2549840 0.2505314 0.2745031 0.2832028 0.2976246 0.3160542 
Cicer_arietinum_XP_027186575.1        0.2450745 0.2495409 0.2514833 0.2559798 0.2477379 0.2390142 0.1890088 0.2017083 0.1810151 0.1725957 0.1948742 0.1992014 0.2075911 0.2002875 0.1944517 0.1566882 0.1900330 0.1972160 0.1851206 0.1852463 0.1862889 0.2271807 0.1797146 0.1744530 0.1754254 0.1895218 0.1903039 0.1936829 0.2324483 0.2324483 0.0000010 0.0000000 0.0079396 0.0681666 0.0954022 0.0892571 0.0908807 0.1237340 0.2047805 0.1989940 0.2039577 0.2852560 0.3015203 0.2900908 0.2736325 0.2388810 0.2484211 0.2515568 0.2428597 0.2442574 0.2430529 0.2414065 0.2427854 0.2415648 0.2535247 0.2549840 0.2490987 0.2729092 0.2815553 0.2958798 0.3141715 
Cicer_arietinum_XP_004515182.1        0.2122570 0.2099809 0.2156838 0.2161378 0.2105654 0.2027949 0.1540907 0.1707219 0.1602708 0.1572496 0.1786029 0.1707338 0.1805050 0.1698022 0.1738241 0.1566882 0.1771607 0.1703578 0.1539894 0.1541098 0.1541098 0.1966912 0.1547016 0.1506553 0.1506553 0.1606011 0.1606011 0.1685464 0.2002785 0.2002785 0.0079396 0.0079396 0.0000000 0.0702061 0.0833453 0.0747360 0.0798044 0.1074327 0.1776731 0.1710621 0.1765602 0.2527144 0.2662408 0.2556043 0.2431623 0.2321035 0.2130641 0.2238535 0.2185588 0.2185588 0.2181349 0.2162212 0.2162212 0.2157381 0.2278059 0.2278059 0.2259102 0.2328118 0.2425564 0.2454643 0.2573823 
Medicago_truncatula_XP_024638620.1    0.2480896 0.2525647 0.2522059 0.2545078 0.2463017 0.2376685 0.1935170 0.2030863 0.2012892 0.1893350 0.2044880 0.2068311 0.2152985 0.2006392 0.2013035 0.1616365 0.1937256 0.1993537 0.1883726 0.1899986 0.1910577 0.2264871 0.1825857 0.1773626 0.1783418 0.1863924 0.1886667 0.1904877 0.2273528 0.2269027 0.0685256 0.0681666 0.0702061 0.0000000 0.1148450 0.1063493 0.1095228 0.1439763 0.2043578 0.1965624 0.2010275 0.2904772 0.3111189 0.2972696 0.2792976 0.2384055 0.2481286 0.2542639 0.2561060 0.2575883 0.2550456 0.2529545 0.2544077 0.2518267 0.2601100 0.2616090 0.2584255 0.2818807 0.2905952 0.2954098 0.3168267 
Glycine_max_XP_003534452.1            0.2245164 0.2247667 0.2250251 0.2339281 0.2255199 0.2190170 0.1662307 0.1824825 0.1677292 0.1711330 0.1573084 0.1642428 0.1726250 0.1699900 0.1602246 0.1375314 0.1694582 0.1657135 0.1529415 0.1511188 0.1519554 0.1850741 0.1564014 0.1518312 0.1526725 0.1591133 0.1609904 0.1644588 0.1893423 0.1893423 0.0959064 0.0954022 0.0833453 0.1148450 0.0000000 0.0000010 0.0134249 0.0566842 0.1868110 0.1801035 0.1848766 0.2610216 0.2858574 0.2718002 0.2555100 0.2201473 0.2278296 0.2192447 0.2191982 0.2204513 0.2209394 0.2157286 0.2169567 0.2173762 0.2241258 0.2253985 0.2171419 0.2508079 0.2591110 0.2862952 0.3070860 
Glycine_max_XP_006586749.1            0.1961106 0.1982536 0.1956876 0.2137775 0.2049369 0.1946641 0.1546280 0.1644391 0.1487833 0.1485871 0.1394029 0.1451149 0.1526919 0.1510038 0.1450077 0.1238228 0.1470524 0.1470021 0.1413350 0.1393825 0.1402216 0.1700478 0.1418337 0.1370123 0.1378329 0.1478995 0.1498479 0.1517526 0.1747264 0.1747264 0.0897713 0.0892571 0.0747360 0.1063493 0.0000010 0.0000000 0.0132067 0.0509977 0.1676596 0.1606061 0.1657332 0.2377497 0.2694285 0.2573314 0.2405015 0.1993700 0.2124994 0.1995910 0.2016334 0.2028901 0.2030594 0.1979877 0.1992159 0.1993097 0.2050448 0.2063111 0.2009949 0.2278596 0.2367028 0.2521367 0.2724096 
Glycine_max_XP_006592983.1            0.2155116 0.2200891 0.2219488 0.2258031 0.2174813 0.2111131 0.1554845 0.1716701 0.1618812 0.1621444 0.1516297 0.1545036 0.1644289 0.1618184 0.1522651 0.1308217 0.1616037 0.1608749 0.1465510 0.1447385 0.1455416 0.1769408 0.1490210 0.1438926 0.1446930 0.1527185 0.1545522 0.1580622 0.1898055 0.1898055 0.0913612 0.0908807 0.0798044 0.1095228 0.0134249 0.0132067 0.0000000 0.0533071 0.1848320 0.1781927 0.1829112 0.2540709 0.2748040 0.2651362 0.2470287 0.2147013 0.2202234 0.2133709 0.2111780 0.2123843 0.2127183 0.2077665 0.2089484 0.2092161 0.2161238 0.2173501 0.2110305 0.2470608 0.2553463 0.2826998 0.3032582 
Phaseolus_vulgaris_XP_007133875.1     0.2530824 0.2588254 0.2615943 0.2642353 0.2553694 0.2482771 0.1944813 0.2093105 0.1943305 0.1859622 0.1865602 0.1898321 0.1958631 0.1978197 0.1873750 0.1624378 0.1945688 0.1966447 0.1806735 0.1800460 0.1810703 0.2145171 0.1820157 0.1801778 0.1812001 0.1921033 0.1942772 0.1959166 0.2224998 0.2224998 0.1243972 0.1237340 0.1074327 0.1439763 0.0566842 0.0509977 0.0533071 0.0000000 0.2260102 0.2178053 0.2191437 0.2957982 0.3185501 0.3039075 0.2848775 0.2449098 0.2570597 0.2550838 0.2496724 0.2511257 0.2503048 0.2459271 0.2473529 0.2464637 0.2538199 0.2552908 0.2477079 0.2810928 0.2898219 0.2982794 0.3262356 
Cucumis_melo_NP_001284453.1           0.2201184 0.2263688 0.2254653 0.2281832 0.2192620 0.2111716 0.1826975 0.1960605 0.1898189 0.1733870 0.2043728 0.1847392 0.1884440 0.1863291 0.1790146 0.1463421 0.1775684 0.1733172 0.1706984 0.1688631 0.1697841 0.2047034 0.1547251 0.1502593 0.1510750 0.1638807 0.1639856 0.1649274 0.2116184 0.2116184 0.2059324 0.2047805 0.1776731 0.2043578 0.1868110 0.1676596 0.1848320 0.2260102 0.0000000 0.0080419 0.0190373 0.2750571 0.3053173 0.2964386 0.2822720 0.2361311 0.2474622 0.2488202 0.2471771 0.2485791 0.2412112 0.2435435 0.2449194 0.2375393 0.2497614 0.2511708 0.2429961 0.2598753 0.2683344 0.3106477 0.3301645 
Cucumis_melo_XP_008450396.1           0.2091864 0.2153991 0.2168402 0.2171188 0.2083828 0.2004330 0.1726546 0.1870184 0.1806562 0.1628039 0.1950440 0.1778345 0.1814931 0.1798565 0.1726212 0.1390304 0.1700743 0.1645789 0.1621699 0.1603681 0.1612357 0.1934383 0.1502433 0.1458335 0.1466208 0.1553892 0.1555020 0.1549516 0.2021127 0.2021127 0.2001129 0.1989940 0.1710621 0.1965624 0.1801035 0.1606061 0.1781927 0.2178053 0.0080419 0.0000000 0.0121311 0.2626988 0.2920460 0.2833530 0.2695169 0.2220539 0.2374212 0.2387655 0.2371711 0.2385073 0.2310758 0.2336291 0.2349401 0.2274994 0.2397681 0.2411122 0.2330094 0.2553702 0.2637870 0.2963717 0.3163365 
Cucumis_sativus_NP_001267562.1        0.2199004 0.2261531 0.2313607 0.2298003 0.2208611 0.2128234 0.1798432 0.1932758 0.1874082 0.1705627 0.1998394 0.1841468 0.1878468 0.1862042 0.1788904 0.1462027 0.1774225 0.1705746 0.1680204 0.1661945 0.1670992 0.2024164 0.1559677 0.1514915 0.1523141 0.1611821 0.1612896 0.1606721 0.2103020 0.2103020 0.2051113 0.2039577 0.1765602 0.2010275 0.1848766 0.1657332 0.1829112 0.2191437 0.0190373 0.0121311 0.0000000 0.2735176 0.3016586 0.2927478 0.2807512 0.2339535 0.2480506 0.2476769 0.2460317 0.2474326 0.2399533 0.2423920 0.2437666 0.2362765 0.2486296 0.2500380 0.2422116 0.2625080 0.2710464 0.3093805 0.3258403 
Capsicum_annuum_XP_016552559.1        0.2611217 0.2631721 0.2666530 0.2673519 0.2588673 0.2500823 0.2095382 0.2264871 0.2246180 0.2130127 0.2325112 0.2137895 0.2232149 0.2259797 0.2106057 0.1773618 0.2140681 0.2337524 0.2218009 0.2197631 0.2183838 0.2412365 0.2063889 0.2060443 0.2046598 0.2179429 0.2180296 0.2168371 0.2378881 0.2378881 0.2838703 0.2852560 0.2527144 0.2904772 0.2610216 0.2377497 0.2540709 0.2957982 0.2750571 0.2626988 0.2735176 0.0000000 0.1250151 0.1152133 0.1012275 0.0873600 0.0921144 0.1464376 0.1518342 0.1504323 0.1467937 0.1472368 0.1458377 0.1421768 0.1483260 0.1469334 0.1480541 0.2729722 0.2776957 0.2845184 0.3024404 
Solanum_lycopersicum_NP_001234153.2   0.3071617 0.3093360 0.3125095 0.3060164 0.2977708 0.2945765 0.2380248 0.2709655 0.2675719 0.2639470 0.2819619 0.2400243 0.2467679 0.2644832 0.2519361 0.2162163 0.2558841 0.2745043 0.2600367 0.2578604 0.2564787 0.2875382 0.2528886 0.2485892 0.2471897 0.2524696 0.2524495 0.2543778 0.2772760 0.2772760 0.3001296 0.3015203 0.2662408 0.3111189 0.2858574 0.2694285 0.2748040 0.3185501 0.3053173 0.2920460 0.3016586 0.1250151 0.0000000 0.0094396 0.0407934 0.0331446 0.1228050 0.1942655 0.1900348 0.1886271 0.1830757 0.1867602 0.1853563 0.1798109 0.1916264 0.1902192 0.1841051 0.3041205 0.3084326 0.3093860 0.3175828 
Solanum_pennellii_XP_015080294.1      0.2931374 0.2952854 0.2984920 0.2920043 0.2839696 0.2807766 0.2256342 0.2594543 0.2537854 0.2481855 0.2671084 0.2297191 0.2363555 0.2498765 0.2377029 0.2022563 0.2413047 0.2598190 0.2482453 0.2460982 0.2447078 0.2712890 0.2424718 0.2382231 0.2368176 0.2451774 0.2451814 0.2471565 0.2645514 0.2645514 0.2886935 0.2900908 0.2556043 0.2972696 0.2718002 0.2573314 0.2651362 0.3039075 0.2964386 0.2833530 0.2927478 0.1152133 0.0094396 0.0000000 0.0320766 0.0246360 0.1101573 0.1846025 0.1820987 0.1806895 0.1751092 0.1788903 0.1774853 0.1719124 0.1836714 0.1822627 0.1761388 0.2902044 0.2944506 0.2996811 0.3044031 
Solanum_tuberosum_XP_006348376.1      0.2653314 0.2674306 0.2707024 0.2696131 0.2619311 0.2533768 0.2124359 0.2360177 0.2338366 0.2319970 0.2453885 0.2070927 0.2135413 0.2325052 0.2207185 0.1848793 0.2224982 0.2403687 0.2300195 0.2279388 0.2265497 0.2483749 0.2195211 0.2154178 0.2140113 0.2294931 0.2295467 0.2288777 0.2464691 0.2464691 0.2722204 0.2736325 0.2431623 0.2792976 0.2555100 0.2405015 0.2470287 0.2848775 0.2822720 0.2695169 0.2807512 0.1012275 0.0407934 0.0320766 0.0000000 0.0015959 0.0975742 0.1684802 0.1639094 0.1625008 0.1568748 0.1608607 0.1594566 0.1538420 0.1654349 0.1640266 0.1615024 0.2734173 0.2775958 0.2885083 0.3065139 
Solanum_tuberosum_XP_015164676.1      0.2153627 0.2131581 0.2178681 0.2130231 0.2110247 0.2044353 0.1890347 0.1949066 0.2082175 0.2017870 0.2170271 0.1832157 0.1908713 0.1966780 0.1967372 0.1848793 0.1966642 0.2013013 0.1910143 0.1887027 0.1887027 0.1985394 0.1857228 0.1832110 0.1832110 0.1933917 0.1944240 0.1965210 0.1942165 0.1942165 0.2388810 0.2388810 0.2321035 0.2384055 0.2201473 0.1993700 0.2147013 0.2449098 0.2361311 0.2220539 0.2339535 0.0873600 0.0331446 0.0246360 0.0015959 0.0000000 0.0814076 0.1574448 0.1515641 0.1515641 0.1431907 0.1480102 0.1480102 0.1396635 0.1553135 0.1553135 0.1492772 0.2410006 0.2457421 0.2450064 0.2538791 
Nicotiana_attenuata_XP_019226569.1    0.2388494 0.2409455 0.2498920 0.2478219 0.2393974 0.2294033 0.1931159 0.2062180 0.2042716 0.1998856 0.2167944 0.1888700 0.1986374 0.2010918 0.1883347 0.1628656 0.1971247 0.2061034 0.1997673 0.1977228 0.1962866 0.2212466 0.1901298 0.1860712 0.1846141 0.1909799 0.1911434 0.1969804 0.2161171 0.2161171 0.2469629 0.2484211 0.2130641 0.2481286 0.2278296 0.2124994 0.2202234 0.2570597 0.2474622 0.2374212 0.2480506 0.0921144 0.1228050 0.1101573 0.0975742 0.0814076 0.0000000 0.1286627 0.1317085 0.1302452 0.1242707 0.1303112 0.1288562 0.1229149 0.1322000 0.1307467 0.1176938 0.2301236 0.2387232 0.2702211 0.2914157 
Capsicum_annuum_XP_016555239.1        0.2420426 0.2422261 0.2513479 0.2478014 0.2396595 0.2261148 0.1807305 0.1929116 0.1929176 0.1877005 0.2032260 0.1751697 0.1837576 0.1942795 0.1822601 0.1580436 0.1940771 0.2008777 0.1959872 0.2115176 0.2127049 0.2103018 0.1841548 0.1788824 0.1798783 0.1821574 0.1844719 0.1821373 0.2002085 0.2016925 0.2530102 0.2515568 0.2238535 0.2542639 0.2192447 0.1995910 0.2133709 0.2550838 0.2488202 0.2387655 0.2476769 0.1464376 0.1942655 0.1846025 0.1684802 0.1574448 0.1286627 0.0000000 0.0406628 0.0408655 0.0410524 0.0406153 0.0408177 0.0410023 0.0433770 0.0435931 0.0448761 0.2301984 0.2376084 0.2450244 0.2744509 
Solanum_lycopersicum_NP_001234149.1   0.2313458 0.2329625 0.2428898 0.2428679 0.2347922 0.2200480 0.1654867 0.1746664 0.1855176 0.1812715 0.1968589 0.1749108 0.1834756 0.1899231 0.1793125 0.1519768 0.1882093 0.1986488 0.1927582 0.2062262 0.2073692 0.2065860 0.1780392 0.1728491 0.1738006 0.1776169 0.1798939 0.1775747 0.1966500 0.1981477 0.2442574 0.2428597 0.2185588 0.2561060 0.2191982 0.2016334 0.2111780 0.2496724 0.2471771 0.2371711 0.2460317 0.1518342 0.1900348 0.1820987 0.1639094 0.1515641 0.1317085 0.0406628 0.0000000 0.0000010 0.0000010 0.0052361 0.0052616 0.0054659 0.0185575 0.0186487 0.0448141 0.2298963 0.2379078 0.2503542 0.2734085 
Solanum_lycopersicum_XP_010313639.1   0.2326743 0.2342985 0.2442830 0.2442636 0.2361340 0.2213117 0.1663884 0.1756463 0.1848053 0.1812715 0.1979615 0.1758804 0.1844916 0.1909961 0.1803125 0.1519768 0.1882093 0.1997516 0.1938234 0.2073692 0.2073692 0.2080105 0.1790189 0.1738006 0.1738006 0.1785961 0.1808860 0.1785587 0.1977484 0.1992529 0.2442574 0.2442574 0.2185588 0.2575883 0.2204513 0.2028901 0.2123843 0.2511257 0.2485791 0.2385073 0.2474326 0.1504323 0.1886271 0.1806895 0.1625008 0.1515641 0.1302452 0.0408655 0.0000010 0.0000000 0.0000010 0.0052616 0.0052616 0.0054937 0.0186487 0.0186487 0.0450377 0.2311940 0.2392533 0.2518194 0.2750212 
Solanum_lycopersicum_XP_010313640.1   0.2262939 0.2279442 0.2380370 0.2364445 0.2282662 0.2148104 0.1604142 0.1715936 0.1768152 0.1710535 0.1904810 0.1701314 0.1788609 0.1837813 0.1745861 0.1457731 0.1810747 0.1942622 0.1853337 0.1834108 0.1844408 0.2065860 0.1716786 0.1680230 0.1689685 0.1728703 0.1731041 0.1707148 0.1899125 0.1899125 0.2444843 0.2430529 0.2181349 0.2550456 0.2209394 0.2030594 0.2127183 0.2503048 0.2412112 0.2310758 0.2399533 0.1467937 0.1830757 0.1751092 0.1568748 0.1431907 0.1242707 0.0410524 0.0000010 0.0000010 0.0000000 0.0054659 0.0054937 0.0054659 0.0193828 0.0194824 0.0454018 0.2279531 0.2361348 0.2445708 0.2641162 
Solanum_pennellii_XP_015061763.1      0.2277761 0.2293864 0.2392447 0.2392160 0.2312155 0.2165561 0.1666137 0.1707255 0.1862668 0.1820908 0.1936113 0.1718482 0.1803566 0.1874914 0.1762007 0.1484562 0.1844375 0.1998317 0.1922508 0.2057286 0.2068704 0.2074403 0.1791887 0.1739940 0.1749518 0.1771016 0.1793796 0.1770569 0.1929481 0.1944450 0.2427854 0.2414065 0.2162212 0.2529545 0.2157286 0.1979877 0.2077665 0.2459271 0.2435435 0.2336291 0.2423920 0.1472368 0.1867602 0.1788903 0.1608607 0.1480102 0.1303112 0.0406153 0.0052361 0.0052616 0.0054659 0.0000000 0.0000010 0.0000010 0.0158763 0.0159543 0.0447605 0.2267135 0.2346357 0.2472247 0.2700259 
Solanum_pennellii_XP_015061764.1      0.2290789 0.2306966 0.2406116 0.2405854 0.2325318 0.2177948 0.1675214 0.1716764 0.1855613 0.1820908 0.1946912 0.1727966 0.1813510 0.1885422 0.1771790 0.1484562 0.1844375 0.2009415 0.1933144 0.2068704 0.2068704 0.2088766 0.1801748 0.1749518 0.1749518 0.1780789 0.1803697 0.1780388 0.1940245 0.1955281 0.2427854 0.2427854 0.2162212 0.2544077 0.2169567 0.1992159 0.2089484 0.2473529 0.2449194 0.2349401 0.2437666 0.1458377 0.1853563 0.1774853 0.1594566 0.1480102 0.1288562 0.0408177 0.0052616 0.0052616 0.0054937 0.0000010 0.0000000 0.0000010 0.0159543 0.0159543 0.0449837 0.2279830 0.2359521 0.2486608 0.2716071 
Solanum_pennellii_XP_027769444.1      0.2226859 0.2243294 0.2343498 0.2327549 0.2246553 0.2112838 0.1615605 0.1675978 0.1776198 0.1719458 0.1872050 0.1670340 0.1757041 0.1813527 0.1714375 0.1422148 0.1772534 0.1954663 0.1848126 0.1828890 0.1839171 0.2074403 0.1728485 0.1691889 0.1701409 0.1723417 0.1725756 0.1701828 0.1861644 0.1861644 0.2429764 0.2415648 0.2157381 0.2518267 0.2173762 0.1993097 0.2092161 0.2464637 0.2375393 0.2274994 0.2362765 0.1421768 0.1798109 0.1719124 0.1538420 0.1396635 0.1229149 0.0410023 0.0054659 0.0054937 0.0054659 0.0000010 0.0000010 0.0000000 0.0165809 0.0166660 0.0453450 0.2247183 0.2328063 0.2414250 0.2607675 
Solanum_tuberosum_XP_006349996.1      0.2351195 0.2367334 0.2466745 0.2465707 0.2384682 0.2238044 0.1763135 0.1793780 0.2005082 0.1961459 0.2042172 0.1804820 0.1890561 0.1936018 0.1821607 0.1582661 0.1947789 0.2067320 0.1972708 0.2107879 0.2119551 0.2181696 0.1859523 0.1807402 0.1817335 0.1855438 0.1878338 0.1855403 0.2015909 0.2030828 0.2549840 0.2535247 0.2278059 0.2601100 0.2241258 0.2050448 0.2161238 0.2538199 0.2497614 0.2397681 0.2486296 0.1483260 0.1916264 0.1836714 0.1654349 0.1553135 0.1322000 0.0433770 0.0185575 0.0186487 0.0193828 0.0158763 0.0159543 0.0165809 0.0000000 0.0000010 0.0475322 0.2340673 0.2420729 0.2520848 0.2800255 
Solanum_tuberosum_XP_006349997.1      0.2364673 0.2380887 0.2480867 0.2479844 0.2398281 0.2250877 0.1772790 0.1803765 0.1998588 0.1961459 0.2053555 0.1814795 0.1901000 0.1946904 0.1831755 0.1582661 0.1947789 0.2078780 0.1983599 0.2119551 0.2119551 0.2196747 0.1869738 0.1817335 0.1817335 0.1865653 0.1888681 0.1865667 0.2027137 0.2042122 0.2549840 0.2549840 0.2278059 0.2616090 0.2253985 0.2063111 0.2173501 0.2552908 0.2511708 0.2411122 0.2500380 0.1469334 0.1902192 0.1822627 0.1640266 0.1553135 0.1307467 0.0435931 0.0186487 0.0186487 0.0194824 0.0159543 0.0159543 0.0166660 0.0000010 0.0000000 0.0477691 0.2353820 0.2434351 0.2535527 0.2816811 
Nicotiana_attenuata_XP_019239919.1    0.2347746 0.2349528 0.2462303 0.2467043 0.2385867 0.2238985 0.1759921 0.1851338 0.1866666 0.1873604 0.1929657 0.1711494 0.1796248 0.1892994 0.1759803 0.1576580 0.1943369 0.1908771 0.1823905 0.1957702 0.1968601 0.1988332 0.1747022 0.1695123 0.1704477 0.1723012 0.1745707 0.1731284 0.1961578 0.1976543 0.2505314 0.2490987 0.2259102 0.2584255 0.2171419 0.2009949 0.2110305 0.2477079 0.2429961 0.2330094 0.2422116 0.1480541 0.1841051 0.1761388 0.1615024 0.1492772 0.1176938 0.0448761 0.0448141 0.0450377 0.0454018 0.0447605 0.0449837 0.0453450 0.0475322 0.0477691 0.0000000 0.2199381 0.2278666 0.2427419 0.2654785 
Papaver_somniferum_XP_026393070.1     0.2641029 0.2643057 0.2642563 0.2674104 0.2573300 0.2449786 0.2176892 0.2145620 0.2251093 0.2027717 0.2332699 0.1925496 0.1959121 0.1982677 0.1864487 0.1469706 0.1910851 0.2354342 0.2209414 0.2189178 0.2201595 0.2782418 0.2089762 0.2035529 0.2046983 0.2043039 0.2010392 0.2105368 0.2414877 0.2414877 0.2745031 0.2729092 0.2328118 0.2818807 0.2508079 0.2278596 0.2470608 0.2810928 0.2598753 0.2553702 0.2625080 0.2729722 0.3041205 0.2902044 0.2734173 0.2410006 0.2301236 0.2301984 0.2298963 0.2311940 0.2279531 0.2267135 0.2279830 0.2247183 0.2340673 0.2353820 0.2199381 0.0000000 0.0053277 0.3114025 0.3283637 
Papaver_somniferum_XP_026405705.1     0.2727397 0.2729485 0.2728710 0.2761710 0.2659160 0.2534523 0.2256470 0.2224420 0.2331796 0.2120130 0.2413582 0.2001513 0.2035870 0.2024436 0.1904927 0.1515115 0.1958767 0.2435554 0.2289234 0.2268781 0.2281672 0.2865308 0.2147791 0.2113254 0.2125167 0.2121042 0.2087582 0.2183408 0.2496807 0.2496807 0.2832028 0.2815553 0.2425564 0.2905952 0.2591110 0.2367028 0.2553463 0.2898219 0.2683344 0.2637870 0.2710464 0.2776957 0.3084326 0.2944506 0.2775958 0.2457421 0.2387232 0.2376084 0.2379078 0.2392533 0.2361348 0.2346357 0.2359521 0.2328063 0.2420729 0.2434351 0.2278666 0.0053277 0.0000000 0.3182798 0.3354124 
Helianthus_annuus_XP_021969162.1      0.2994453 0.3016185 0.3078570 0.3056333 0.2989071 0.2892200 0.2418044 0.2641644 0.2722425 0.2240485 0.2619928 0.2487879 0.2498857 0.2578211 0.2519282 0.1941650 0.2348955 0.2565679 0.2740411 0.2718258 0.2734195 0.3197993 0.2507479 0.2507774 0.2522432 0.2545137 0.2554825 0.2595788 0.2765092 0.2765092 0.2976246 0.2958798 0.2454643 0.2954098 0.2862952 0.2521367 0.2826998 0.2982794 0.3106477 0.2963717 0.3093805 0.2845184 0.3093860 0.2996811 0.2885083 0.2450064 0.2702211 0.2450244 0.2503542 0.2518194 0.2445708 0.2472247 0.2486608 0.2414250 0.2520848 0.2535527 0.2427419 0.3114025 0.3182798 0.0000000 0.1251575 
Helianthus_annuus_XP_035842487.1      0.3098288 0.3160147 0.3135025 0.3149657 0.3091473 0.2978167 0.2761630 0.2797078 0.2803383 0.2408080 0.2852914 0.2630974 0.2692551 0.2833246 0.2744192 0.2061600 0.2485976 0.2845959 0.2831766 0.2808968 0.2825758 0.3324548 0.2716354 0.2744515 0.2760907 0.2731488 0.2750136 0.2771287 0.2911167 0.2911167 0.3160542 0.3141715 0.2573823 0.3168267 0.3070860 0.2724096 0.3032582 0.3262356 0.3301645 0.3163365 0.3258403 0.3024404 0.3175828 0.3044031 0.3065139 0.2538791 0.2914157 0.2744509 0.2734085 0.2750212 0.2641162 0.2700259 0.2716071 0.2607675 0.2800255 0.2816811 0.2654785 0.3283637 0.3354124 0.1251575 0.0000000 
