61
Arabidopsis_lyrata_XP_020891032.1     0.0000000 0.0108540 0.0204424 0.0409158 0.0366316 0.0260846 0.1562984 0.1734156 0.1700394 0.1630795 0.1788641 0.1731128 0.1746136 0.1692838 0.1591935 0.1279438 0.1607856 0.1802852 0.1844423 0.1828544 0.1837540 0.2229089 0.1667495 0.1631514 0.1639468 0.1814961 0.1780592 0.1827246 0.2035305 0.2035305 0.2007225 0.1919776 0.1997685 0.2218826 0.2207743 0.1942929 0.2236864 0.2068193 0.1823665 0.1994274 0.2274179 0.2341321 0.2683952 0.2578017 0.2353295 0.1947952 0.2178814 0.2223618 0.2131404 0.2142085 0.2086611 0.2101970 0.2112499 0.2056632 0.2162450 0.2173318 0.2156409 0.2405186 0.2475384 0.2671824 0.2738048 
Arabidopsis_thaliana_NP_176808.3      0.0108540 0.0000000 0.0176837 0.0405451 0.0362930 0.0246872 0.1546276 0.1734186 0.1714785 0.1617232 0.1803017 0.1730941 0.1745948 0.1692455 0.1591577 0.1259337 0.1568961 0.1785735 0.1827289 0.1811435 0.1820339 0.2206581 0.1650718 0.1614824 0.1622690 0.1797725 0.1763511 0.1810191 0.2009287 0.2009287 0.2062759 0.1975087 0.2053109 0.2240502 0.2229321 0.1919857 0.2266990 0.2066704 0.1840258 0.2019414 0.2310748 0.2358216 0.2701570 0.2595501 0.2370407 0.1927267 0.2196372 0.2223372 0.2146727 0.2157482 0.2102246 0.2117282 0.2127885 0.2072255 0.2177821 0.2188762 0.2156172 0.2404916 0.2475106 0.2690018 0.2789944 
Capsella_rubella_XP_006300779.1       0.0204424 0.0176837 0.0000000 0.0446818 0.0404200 0.0288637 0.1625468 0.1796771 0.1764205 0.1688434 0.1868085 0.1756896 0.1771942 0.1720101 0.1619213 0.1295085 0.1604690 0.1850784 0.1895343 0.1879401 0.1888664 0.2276304 0.1720338 0.1675050 0.1683205 0.1878720 0.1843872 0.1890301 0.2076338 0.2076338 0.2052851 0.1985170 0.2095915 0.2267116 0.2255774 0.1962404 0.2267579 0.2068842 0.1822102 0.2045179 0.2346821 0.2393051 0.2738673 0.2632386 0.2406612 0.1972231 0.2269848 0.2299567 0.2231238 0.2242439 0.2188300 0.2201614 0.2212662 0.2158120 0.2262719 0.2274110 0.2251441 0.2404092 0.2473964 0.2743876 0.2774664 
Brassica_oleracea_XP_013591391.1      0.0409158 0.0405451 0.0446818 0.0000000 0.0122399 0.0344394 0.1637492 0.1788833 0.1694960 0.1621538 0.1858191 0.1722598 0.1725336 0.1714729 0.1616123 0.1282349 0.1603992 0.1954596 0.1850581 0.1847162 0.1856270 0.2237436 0.1694819 0.1658484 0.1666629 0.1851603 0.1829405 0.1875964 0.2022657 0.2017809 0.2071492 0.1983487 0.2077860 0.2270116 0.2258718 0.1971243 0.2268830 0.2127033 0.1961325 0.2040567 0.2325793 0.2411343 0.2680685 0.2574570 0.2400367 0.1953902 0.2262286 0.2275555 0.2237731 0.2248971 0.2182307 0.2208082 0.2219169 0.2152067 0.2268977 0.2280404 0.2264025 0.2407821 0.2478349 0.2732741 0.2784096 
Brassica_rapa_XP_009105200.1          0.0366316 0.0362930 0.0404200 0.0122399 0.0000000 0.0274683 0.1586810 0.1723402 0.1657556 0.1585022 0.1805373 0.1681602 0.1684290 0.1683332 0.1584530 0.1263981 0.1602022 0.1868993 0.1828016 0.1824633 0.1833646 0.2209159 0.1642072 0.1605847 0.1613748 0.1779581 0.1776480 0.1823342 0.1969913 0.1965205 0.2012625 0.1925006 0.2019090 0.2204413 0.2193349 0.1922256 0.2203456 0.2067943 0.1897860 0.1981729 0.2265729 0.2349401 0.2638249 0.2532421 0.2358925 0.1935390 0.2206239 0.2218161 0.2180510 0.2191452 0.2123961 0.2150970 0.2161759 0.2093837 0.2211514 0.2222641 0.2206805 0.2344242 0.2414318 0.2692097 0.2743735 
Eutrema_salsugineum_XP_006391377.1    0.0260846 0.0246872 0.0288637 0.0344394 0.0274683 0.0000000 0.1486249 0.1671496 0.1585142 0.1541418 0.1708280 0.1572278 0.1587146 0.1562618 0.1462762 0.1200006 0.1516319 0.1721700 0.1734845 0.1719072 0.1727512 0.2086882 0.1575408 0.1539801 0.1547295 0.1686426 0.1665884 0.1718116 0.1912539 0.1912539 0.1944638 0.1857691 0.1953575 0.2156042 0.2145299 0.1866198 0.2141054 0.2015474 0.1805192 0.1942653 0.2223269 0.2265075 0.2597457 0.2491934 0.2268503 0.1866500 0.2109401 0.2094918 0.2043385 0.2053625 0.1996908 0.2014080 0.2024168 0.1967065 0.2074089 0.2084512 0.2069967 0.2237723 0.2307101 0.2600877 0.2650555 
Carica_papaya_XP_021894230.1          0.1562984 0.1546276 0.1625468 0.1637492 0.1586810 0.1486249 0.0000000 0.1269618 0.1342678 0.1242825 0.1383455 0.1311882 0.1326528 0.1221795 0.1205138 0.0942255 0.1192946 0.1367220 0.1339046 0.1323739 0.1330150 0.1574377 0.1240057 0.1194675 0.1200386 0.1290266 0.1322865 0.1334658 0.1491267 0.1491267 0.1689397 0.1606059 0.1660911 0.1753252 0.1744671 0.1435916 0.1776087 0.1560097 0.1457582 0.1475683 0.1795641 0.1916517 0.2134637 0.2034895 0.1927794 0.1727714 0.1779823 0.1693383 0.1572119 0.1579724 0.1528769 0.1576745 0.1584375 0.1533473 0.1657333 0.1665379 0.1640903 0.2025348 0.2092654 0.2225519 0.2501323 
Citrus_sinensis_NP_001275863.1        0.1734156 0.1734186 0.1796771 0.1788833 0.1723402 0.1671496 0.1269618 0.0000000 0.1367519 0.1280020 0.1344209 0.1270614 0.1332073 0.1287894 0.1214265 0.0967823 0.1218712 0.1303958 0.1302951 0.1287932 0.1294061 0.1579594 0.1187582 0.1142893 0.1148285 0.1217836 0.1168961 0.1245987 0.1530278 0.1530278 0.1819202 0.1746740 0.1795727 0.1855969 0.1846933 0.1576665 0.1860629 0.1713738 0.1558129 0.1618720 0.1924357 0.2044964 0.2397784 0.2311962 0.2118307 0.1779126 0.1895547 0.1790561 0.1631802 0.1639802 0.1606029 0.1598777 0.1606591 0.1572377 0.1673874 0.1682063 0.1719566 0.1983688 0.2050301 0.2413826 0.2514898 
Manihot_esculenta_XP_021617838.1      0.1700394 0.1714785 0.1764205 0.1694960 0.1657556 0.1585142 0.1342678 0.1367519 0.0000000 0.0163791 0.0822460 0.1144502 0.1203915 0.1255817 0.1133521 0.0999506 0.1317215 0.1354577 0.1328082 0.1312833 0.1303766 0.1498024 0.1235277 0.1192324 0.1182817 0.1340332 0.1307352 0.1411757 0.1566040 0.1566040 0.1747793 0.1675135 0.1724329 0.1646058 0.1653817 0.1472343 0.1845287 0.1549462 0.1395661 0.1495456 0.1757715 0.2019008 0.2365286 0.2259520 0.2093986 0.1884326 0.1860641 0.1786477 0.1733217 0.1725793 0.1658261 0.1746289 0.1738929 0.1671656 0.1861920 0.1855014 0.1726875 0.2053054 0.2120368 0.2479688 0.2532025 
Manihot_esculenta_XP_021617840.1      0.1630795 0.1617232 0.1688434 0.1621538 0.1585022 0.1541418 0.1242825 0.1280020 0.0163791 0.0000000 0.1007170 0.1207098 0.1261801 0.1250481 0.1256200 0.0999506 0.1165020 0.1442571 0.1299086 0.1281078 0.1281078 0.1477362 0.1286700 0.1250625 0.1250625 0.1349751 0.1349751 0.1475405 0.1514133 0.1514133 0.1610901 0.1526507 0.1583886 0.1588997 0.1588997 0.1442436 0.1750654 0.1598064 0.1417616 0.1515248 0.1705272 0.1946142 0.2361880 0.2239397 0.2100989 0.1833925 0.1843256 0.1775632 0.1730814 0.1730814 0.1642655 0.1745114 0.1745114 0.1657424 0.1855070 0.1855070 0.1765365 0.1870222 0.1948185 0.2093804 0.2226006 
Manihot_esculenta_XP_021625986.1      0.1788641 0.1803017 0.1868085 0.1858191 0.1805373 0.1708280 0.1383455 0.1344209 0.0822460 0.1007170 0.0000000 0.1131679 0.1188651 0.1222114 0.1082781 0.0941006 0.1295888 0.1285960 0.1387711 0.1372532 0.1379110 0.1549970 0.1266461 0.1253553 0.1259539 0.1291067 0.1270893 0.1392790 0.1603993 0.1603993 0.1884782 0.1811207 0.1844808 0.1797022 0.1788288 0.1644279 0.1898788 0.1469134 0.1313434 0.1415477 0.1706660 0.2083297 0.2469533 0.2354988 0.2174824 0.1936331 0.1974774 0.1868724 0.1818425 0.1827335 0.1762582 0.1790108 0.1798872 0.1733764 0.1881547 0.1890777 0.1776043 0.2155717 0.2223454 0.2382925 0.2542897 
Populus_euphratica_XP_011009895.1     0.1731128 0.1730941 0.1756896 0.1722598 0.1681602 0.1572278 0.1311882 0.1270614 0.1144502 0.1207098 0.1131679 0.0000000 0.0163535 0.0810765 0.0705860 0.0614174 0.0859483 0.1271390 0.1191417 0.1176356 0.1181995 0.1365119 0.1176891 0.1131794 0.1137185 0.1152234 0.1126700 0.1189106 0.1557301 0.1557301 0.1721271 0.1667564 0.1716907 0.1835099 0.1826093 0.1593532 0.1914324 0.1553693 0.1381232 0.1459865 0.1754587 0.1952500 0.2140687 0.2061905 0.1873016 0.1681686 0.1755427 0.1651985 0.1652700 0.1660772 0.1611457 0.1624742 0.1632671 0.1582952 0.1697241 0.1705524 0.1608446 0.1810240 0.1875620 0.2299413 0.2391928 
Populus_trichocarpa_XP_002299688.1    0.1746136 0.1745948 0.1771942 0.1725336 0.1684290 0.1587146 0.1326528 0.1332073 0.1203915 0.1261801 0.1188651 0.0163535 0.0000000 0.0839918 0.0734711 0.0666848 0.0911791 0.1325138 0.1238430 0.1223310 0.1229186 0.1444670 0.1176437 0.1131357 0.1136744 0.1229600 0.1203278 0.1266170 0.1618668 0.1618668 0.1751993 0.1698152 0.1747586 0.1905298 0.1895930 0.1676399 0.1984986 0.1622021 0.1445355 0.1543282 0.1796687 0.2032550 0.2193670 0.2114481 0.1924473 0.1744545 0.1840315 0.1725868 0.1726557 0.1734986 0.1686874 0.1698489 0.1706774 0.1658254 0.1771134 0.1779776 0.1676092 0.1836103 0.1901669 0.2315719 0.2436394 
Populus_euphratica_XP_011044844.1     0.1692838 0.1692455 0.1720101 0.1714729 0.1683332 0.1562618 0.1221795 0.1287894 0.1255817 0.1250481 0.1222114 0.0810765 0.0839918 0.0000000 0.0261081 0.0216657 0.0192235 0.1362281 0.1262356 0.1260100 0.1266146 0.1454689 0.1166016 0.1090982 0.1096183 0.1220144 0.1205490 0.1206972 0.1537701 0.1534163 0.1725738 0.1670698 0.1720058 0.1826763 0.1817774 0.1566940 0.1836456 0.1591978 0.1436524 0.1513684 0.1800899 0.2041857 0.2334922 0.2220995 0.2074943 0.1776780 0.1843882 0.1800591 0.1755871 0.1764518 0.1703496 0.1738061 0.1746596 0.1685449 0.1784361 0.1793140 0.1747745 0.1843637 0.1876609 0.2358056 0.2544925 
Populus_trichocarpa_XP_006385310.1    0.1591935 0.1591577 0.1619213 0.1616123 0.1584530 0.1462762 0.1205138 0.1214265 0.1133521 0.1256200 0.1082781 0.0705860 0.0734711 0.0261081 0.0000000 0.0016422 0.0391539 0.1285900 0.1194973 0.1179935 0.1185582 0.1329238 0.1054968 0.1010281 0.1015075 0.1168286 0.1126134 0.1158049 0.1492763 0.1492763 0.1661242 0.1606415 0.1655594 0.1784222 0.1775475 0.1605952 0.1853581 0.1507544 0.1380785 0.1430273 0.1714058 0.1913588 0.2235958 0.2123491 0.1979621 0.1786223 0.1738963 0.1701917 0.1672977 0.1681161 0.1632091 0.1644940 0.1652980 0.1603507 0.1690717 0.1698998 0.1638574 0.1743907 0.1776368 0.2314901 0.2482424 
Populus_trichocarpa_XP_024453424.1    0.1279438 0.1259337 0.1295085 0.1282349 0.1263981 0.1200006 0.0942255 0.0967823 0.0999506 0.0999506 0.0941006 0.0614174 0.0666848 0.0216657 0.0016422 0.0000000 0.0216657 0.1138731 0.1052385 0.1034380 0.1034380 0.1148892 0.0978217 0.0942338 0.0942338 0.1030476 0.1030476 0.1084405 0.1187675 0.1187675 0.1374725 0.1309880 0.1368165 0.1455094 0.1455094 0.1455094 0.1509652 0.1303162 0.1186655 0.1243159 0.1505872 0.1638390 0.1951010 0.1838640 0.1685915 0.1685915 0.1521115 0.1501910 0.1451069 0.1451069 0.1396453 0.1417187 0.1417187 0.1361840 0.1494288 0.1494288 0.1489519 0.1390536 0.1428502 0.1821652 0.1912084 
Populus_euphratica_XP_011044845.1     0.1607856 0.1568961 0.1604690 0.1603992 0.1602022 0.1516319 0.1192946 0.1218712 0.1317215 0.1165020 0.1295888 0.0859483 0.0911791 0.0192235 0.0391539 0.0216657 0.0000000 0.1406827 0.1293526 0.1290849 0.1290849 0.1530626 0.1253099 0.1183281 0.1183281 0.1269444 0.1266562 0.1300479 0.1471884 0.1467979 0.1627764 0.1564379 0.1621238 0.1726620 0.1726620 0.1621895 0.1769860 0.1575959 0.1392700 0.1507034 0.1769972 0.1919521 0.2234367 0.2123191 0.1968672 0.1773054 0.1792127 0.1790724 0.1740078 0.1740078 0.1679194 0.1706500 0.1706500 0.1644835 0.1783394 0.1783394 0.1781429 0.1755332 0.1793065 0.2137937 0.2230138 
Fragaria_vesca_XP_004288086.1         0.1802852 0.1785735 0.1850784 0.1954596 0.1868993 0.1721700 0.1367220 0.1303958 0.1354577 0.1442571 0.1285960 0.1271390 0.1325138 0.1362281 0.1285900 0.1138731 0.1406827 0.0000000 0.0798498 0.0784178 0.0787809 0.0918452 0.0683934 0.0645165 0.0648137 0.0703319 0.0716199 0.0749922 0.1643079 0.1643079 0.1624132 0.1553257 0.1596206 0.1794686 0.1785977 0.1559182 0.1828824 0.1550836 0.1383233 0.1504482 0.1793146 0.2104767 0.2408515 0.2294944 0.2141389 0.1825728 0.1893940 0.1854376 0.1839167 0.1848124 0.1801375 0.1843989 0.1852975 0.1806273 0.1906195 0.1915490 0.1766361 0.2164555 0.2232076 0.2311352 0.2525227 
Malus_domestica_NP_001280831.1        0.1844423 0.1827289 0.1895343 0.1850581 0.1828016 0.1734845 0.1339046 0.1302951 0.1328082 0.1299086 0.1387711 0.1191417 0.1238430 0.1262356 0.1194973 0.1052385 0.1293526 0.0798498 0.0000000 0.0013332 0.0013392 0.0167876 0.0601053 0.0558689 0.0561254 0.0547515 0.0535853 0.0561701 0.1616900 0.1616900 0.1606035 0.1535962 0.1578432 0.1701533 0.1693307 0.1426490 0.1733910 0.1445323 0.1347149 0.1384041 0.1656183 0.2015196 0.2306287 0.2209934 0.2073461 0.1751911 0.1851757 0.1811223 0.1795957 0.1804698 0.1735573 0.1784949 0.1793640 0.1724354 0.1831472 0.1840393 0.1698910 0.2044833 0.2111582 0.2479624 0.2517226 
Malus_domestica_XP_008338216.2        0.1828544 0.1811435 0.1879401 0.1847162 0.1824633 0.1719072 0.1323739 0.1287932 0.1312833 0.1281078 0.1372532 0.1176356 0.1223310 0.1260100 0.1179935 0.1034380 0.1290849 0.0784178 0.0013332 0.0000000 0.0000010 0.0151014 0.0586972 0.0544630 0.0547130 0.0533388 0.0533761 0.0559515 0.1601416 0.1613977 0.1590602 0.1520649 0.1563055 0.1702101 0.1693870 0.1427036 0.1746916 0.1430026 0.1330561 0.1368790 0.1651529 0.1999122 0.2289698 0.2193423 0.2057213 0.1733221 0.1835086 0.1939791 0.1908872 0.1918126 0.1719642 0.1897923 0.1907128 0.1708426 0.1944450 0.1953884 0.1811616 0.2028726 0.2095401 0.2462644 0.2500154 
Malus_domestica_XP_028949082.1        0.1837540 0.1820339 0.1888664 0.1856270 0.1833646 0.1727512 0.1330150 0.1294061 0.1303766 0.1281078 0.1379110 0.1181995 0.1229186 0.1266146 0.1185582 0.1034380 0.1290849 0.0787809 0.0013392 0.0000010 0.0000000 0.0151859 0.0589667 0.0547130 0.0547130 0.0535850 0.0536185 0.0562048 0.1609171 0.1621781 0.1598283 0.1527956 0.1570584 0.1702101 0.1702101 0.1427036 0.1755382 0.1436916 0.1337545 0.1375382 0.1659579 0.1989172 0.2280340 0.2183810 0.2047334 0.1733221 0.1824246 0.1949252 0.1918126 0.1918126 0.1728169 0.1907128 0.1907128 0.1716900 0.1953884 0.1953884 0.1820379 0.2038765 0.2105789 0.2475257 0.2513008 
Pyrus_x_bretschneideri_XP_009376488.2 0.2229089 0.2206581 0.2276304 0.2237436 0.2209159 0.2086882 0.1574377 0.1579594 0.1498024 0.1477362 0.1549970 0.1365119 0.1444670 0.1454689 0.1329238 0.1148892 0.1530626 0.0918452 0.0167876 0.0151014 0.0151859 0.0000000 0.0685046 0.0667385 0.0671232 0.0635212 0.0619328 0.0651384 0.1822565 0.1822565 0.1918606 0.1827582 0.1897518 0.2065723 0.2052990 0.1793583 0.2063057 0.1741357 0.1621932 0.1663101 0.1955779 0.2194784 0.2563983 0.2429548 0.2254052 0.1839256 0.2059933 0.1954033 0.1937613 0.1949524 0.1937613 0.1940657 0.1952606 0.1940657 0.2039612 0.2052183 0.1863204 0.2549766 0.2615557 0.2876633 0.2950691 
Prunus_mume_XP_008218930.1            0.1667495 0.1650718 0.1720338 0.1694819 0.1642072 0.1575408 0.1240057 0.1187582 0.1235277 0.1286700 0.1266461 0.1176891 0.1176437 0.1166016 0.1054968 0.0978217 0.1253099 0.0683934 0.0601053 0.0586972 0.0589667 0.0685046 0.0000000 0.0066878 0.0067166 0.0573911 0.0556465 0.0563825 0.1421989 0.1421989 0.1482590 0.1446159 0.1488188 0.1664694 0.1656678 0.1442369 0.1686960 0.1489961 0.1370507 0.1415592 0.1681198 0.1878888 0.2242157 0.2159084 0.1975871 0.1700198 0.1759629 0.1719786 0.1674381 0.1682486 0.1617254 0.1679064 0.1687195 0.1622004 0.1740514 0.1748946 0.1638097 0.1951263 0.2000812 0.2293621 0.2437707 
Prunus_persica_XP_007225223.1         0.1631514 0.1614824 0.1675050 0.1658484 0.1605847 0.1539801 0.1194675 0.1142893 0.1192324 0.1250625 0.1253553 0.1131794 0.1131357 0.1090982 0.1010281 0.0942338 0.1183281 0.0645165 0.0558689 0.0544630 0.0547130 0.0667385 0.0066878 0.0000000 0.0000010 0.0531504 0.0514345 0.0521880 0.1378261 0.1378261 0.1438727 0.1402563 0.1444350 0.1617730 0.1609946 0.1406365 0.1640253 0.1445763 0.1322996 0.1369390 0.1665311 0.1877267 0.2207214 0.2124344 0.1941893 0.1679897 0.1724955 0.1672581 0.1627593 0.1635466 0.1585746 0.1632246 0.1640145 0.1590478 0.1693551 0.1701750 0.1591481 0.1903170 0.1968917 0.2282737 0.2453280 
Prunus_persica_XP_020420391.1         0.1639468 0.1622690 0.1683205 0.1666629 0.1613748 0.1547295 0.1200386 0.1148285 0.1182817 0.1250625 0.1259539 0.1137185 0.1136744 0.1096183 0.1015075 0.0942338 0.1183281 0.0648137 0.0561254 0.0547130 0.0547130 0.0671232 0.0067166 0.0000010 0.0000000 0.0533947 0.0516695 0.0524255 0.1384884 0.1384884 0.1445629 0.1409270 0.1451272 0.1617730 0.1617730 0.1406365 0.1648168 0.1452747 0.1329936 0.1376004 0.1673434 0.1867032 0.2197599 0.2114516 0.1931693 0.1679897 0.1713823 0.1680728 0.1635466 0.1635466 0.1593582 0.1640145 0.1640145 0.1598341 0.1701750 0.1701750 0.1599163 0.1912524 0.1978611 0.2294375 0.2465910 
Malus_domestica_NP_001280890.1        0.1814961 0.1797725 0.1878720 0.1851603 0.1779581 0.1686426 0.1290266 0.1217836 0.1340332 0.1349751 0.1291067 0.1152234 0.1229600 0.1220144 0.1168286 0.1030476 0.1269444 0.0703319 0.0547515 0.0533388 0.0535850 0.0635212 0.0573911 0.0531504 0.0533947 0.0000000 0.0067286 0.0203016 0.1557025 0.1557025 0.1558317 0.1488113 0.1533091 0.1736667 0.1728232 0.1478042 0.1706919 0.1498619 0.1405253 0.1437028 0.1762849 0.1960552 0.2233475 0.2170796 0.2051245 0.1754702 0.1749814 0.1692605 0.1662719 0.1670789 0.1621449 0.1651742 0.1659761 0.1610241 0.1728999 0.1737398 0.1609288 0.1910500 0.1976700 0.2308734 0.2451848 
Malus_domestica_XP_008394303.1        0.1780592 0.1763511 0.1843872 0.1829405 0.1776480 0.1665884 0.1322865 0.1168961 0.1307352 0.1349751 0.1270893 0.1126700 0.1203278 0.1205490 0.1126134 0.1030476 0.1266562 0.0716199 0.0535853 0.0533761 0.0536185 0.0619328 0.0556465 0.0514345 0.0516695 0.0067286 0.0000000 0.0187510 0.1522695 0.1535325 0.1555756 0.1485826 0.1530633 0.1738638 0.1730211 0.1478042 0.1721388 0.1514323 0.1422267 0.1452669 0.1778855 0.1959369 0.2230898 0.2168539 0.2049606 0.1764211 0.1749604 0.1706145 0.1676299 0.1684396 0.1619388 0.1665373 0.1673419 0.1608220 0.1742305 0.1750730 0.1623051 0.1884086 0.1949700 0.2317416 0.2463149 
Pyrus_x_bretschneideri_XP_009366243.1 0.1827246 0.1810191 0.1890301 0.1875964 0.1823342 0.1718116 0.1334658 0.1245987 0.1411757 0.1475405 0.1392790 0.1189106 0.1266170 0.1206972 0.1158049 0.1084405 0.1300479 0.0749922 0.0561701 0.0559515 0.0562048 0.0651384 0.0563825 0.0521880 0.0524255 0.0203016 0.0187510 0.0000000 0.1577126 0.1589655 0.1564293 0.1479905 0.1524357 0.1774576 0.1766003 0.1550366 0.1741738 0.1550398 0.1444467 0.1488892 0.1798405 0.1964524 0.2255435 0.2193249 0.2057004 0.1795043 0.1806474 0.1680841 0.1651143 0.1659131 0.1593613 0.1640203 0.1648140 0.1582431 0.1717175 0.1725489 0.1609169 0.1961840 0.2027749 0.2348211 0.2475333 
Vitis_vinifera_NP_001268102.1         0.2035305 0.2009287 0.2076338 0.2022657 0.1969913 0.1912539 0.1491267 0.1530278 0.1566040 0.1514133 0.1603993 0.1557301 0.1618668 0.1537701 0.1492763 0.1187675 0.1471884 0.1643079 0.1616900 0.1601416 0.1609171 0.1822565 0.1421989 0.1378261 0.1384884 0.1557025 0.1522695 0.1577126 0.0000000 0.0000010 0.1949608 0.1875280 0.1934259 0.2095368 0.2085021 0.1821747 0.2060286 0.1763661 0.1643303 0.1763678 0.2021964 0.2158593 0.2458242 0.2359671 0.2207628 0.1783579 0.1995318 0.1857738 0.1825365 0.1834286 0.1768918 0.1795285 0.1804062 0.1738258 0.1873926 0.1883102 0.1817468 0.2214492 0.2282476 0.2506292 0.2620388 
Vitis_vinifera_XP_010644801.1         0.2035305 0.2009287 0.2076338 0.2017809 0.1965205 0.1912539 0.1491267 0.1530278 0.1566040 0.1514133 0.1603993 0.1557301 0.1618668 0.1534163 0.1492763 0.1187675 0.1467979 0.1643079 0.1616900 0.1613977 0.1621781 0.1822565 0.1421989 0.1378261 0.1384884 0.1557025 0.1535325 0.1589655 0.0000010 0.0000000 0.1949608 0.1875280 0.1934259 0.2095368 0.2085021 0.1821747 0.2055418 0.1763661 0.1643303 0.1763678 0.2021964 0.2158593 0.2458242 0.2359671 0.2207628 0.1783579 0.1995318 0.1870081 0.1837771 0.1846739 0.1768918 0.1807731 0.1816555 0.1738258 0.1886298 0.1895521 0.1829869 0.2214492 0.2282476 0.2506292 0.2620388 
Cucumis_melo_NP_001284453.1           0.2007225 0.2062759 0.2052851 0.2071492 0.2012625 0.1944638 0.1689397 0.1819202 0.1747793 0.1610901 0.1884782 0.1721271 0.1751993 0.1725738 0.1661242 0.1374725 0.1627764 0.1624132 0.1606035 0.1590602 0.1598283 0.1918606 0.1482590 0.1438727 0.1445629 0.1558317 0.1555756 0.1564293 0.1949608 0.1949608 0.0000000 0.0081046 0.0190056 0.1876239 0.1867065 0.1654648 0.1896492 0.1748899 0.1588908 0.1720398 0.2047775 0.2454607 0.2665192 0.2597032 0.2492536 0.2117233 0.2246484 0.2264092 0.2247309 0.2258493 0.2197219 0.2217924 0.2228956 0.2167299 0.2272123 0.2283444 0.2200577 0.2359275 0.2428513 0.2765838 0.2912408 
Cucumis_melo_XP_008450396.1           0.1919776 0.1975087 0.1985170 0.1983487 0.1925006 0.1857691 0.1606059 0.1746740 0.1675135 0.1526507 0.1811207 0.1667564 0.1698152 0.1670698 0.1606415 0.1309880 0.1564379 0.1553257 0.1535962 0.1520649 0.1527956 0.1827582 0.1446159 0.1402563 0.1409270 0.1488113 0.1485826 0.1479905 0.1875280 0.1875280 0.0081046 0.0000000 0.0121652 0.1826830 0.1817908 0.1598086 0.1829727 0.1693943 0.1530187 0.1665728 0.1979462 0.2359589 0.2566499 0.2498999 0.2396024 0.2007463 0.2164690 0.2187228 0.2170793 0.2181548 0.2119472 0.2141644 0.2152247 0.2089800 0.2195351 0.2206241 0.2124363 0.2319830 0.2388884 0.2654301 0.2810206 
Cucumis_sativus_NP_001267562.1        0.1997685 0.2053109 0.2095915 0.2077860 0.2019090 0.1953575 0.1660911 0.1795727 0.1724329 0.1583886 0.1844808 0.1716907 0.1747586 0.1720058 0.1655594 0.1368165 0.1621238 0.1596206 0.1578432 0.1563055 0.1570584 0.1897518 0.1488188 0.1444350 0.1451272 0.1533091 0.1530633 0.1524357 0.1934259 0.1934259 0.0190056 0.0121652 0.0000000 0.1864542 0.1855408 0.1640694 0.1861422 0.1730871 0.1569462 0.1702436 0.1985093 0.2432451 0.2629847 0.2561591 0.2470174 0.2090091 0.2238883 0.2248598 0.2231863 0.2242974 0.2181579 0.2202486 0.2213446 0.2151667 0.2256658 0.2267907 0.2190756 0.2377323 0.2447024 0.2737804 0.2864260 
Cicer_arietinum_XP_004515179.1        0.2218826 0.2240502 0.2267116 0.2270116 0.2204413 0.2156042 0.1753252 0.1855969 0.1646058 0.1588997 0.1797022 0.1835099 0.1905298 0.1826763 0.1784222 0.1455094 0.1726620 0.1794686 0.1701533 0.1702101 0.1702101 0.2065723 0.1664694 0.1617730 0.1617730 0.1736667 0.1738638 0.1774576 0.2095368 0.2095368 0.1876239 0.1826830 0.1864542 0.0000000 0.0000010 0.0082250 0.0667847 0.0919790 0.0865908 0.0879198 0.1173751 0.2477755 0.2620522 0.2533417 0.2394799 0.2091792 0.2208004 0.2270736 0.2198418 0.2198418 0.2201534 0.2189878 0.2189878 0.2192785 0.2281943 0.2281943 0.2238341 0.2448344 0.2518405 0.2657252 0.2789176 
Cicer_arietinum_XP_027186575.1        0.2207743 0.2229321 0.2255774 0.2258718 0.2193349 0.2145299 0.1744671 0.1846933 0.1653817 0.1588997 0.1788288 0.1826093 0.1895930 0.1817774 0.1775475 0.1455094 0.1726620 0.1785977 0.1693307 0.1693870 0.1702101 0.2052990 0.1656678 0.1609946 0.1617730 0.1728232 0.1730211 0.1766003 0.2085021 0.2085021 0.1867065 0.1817908 0.1855408 0.0000010 0.0000000 0.0082250 0.0664754 0.0915529 0.0861525 0.0875125 0.1168267 0.2486670 0.2629149 0.2542275 0.2404006 0.2091792 0.2218033 0.2259405 0.2187496 0.2198418 0.2190344 0.2179038 0.2189878 0.2181681 0.2270586 0.2281943 0.2227254 0.2436034 0.2505718 0.2643692 0.2774810 
Cicer_arietinum_XP_004515182.1        0.1942929 0.1919857 0.1962404 0.1971243 0.1922256 0.1866198 0.1435916 0.1576665 0.1472343 0.1442436 0.1644279 0.1593532 0.1676399 0.1566940 0.1605952 0.1455094 0.1621895 0.1559182 0.1426490 0.1427036 0.1427036 0.1793583 0.1442369 0.1406365 0.1406365 0.1478042 0.1478042 0.1550366 0.1821747 0.1821747 0.1654648 0.1598086 0.1640694 0.0082250 0.0082250 0.0000000 0.0690734 0.0814448 0.0738573 0.0783482 0.1034874 0.2233516 0.2322061 0.2241927 0.2135431 0.2040550 0.1929824 0.2028155 0.1999466 0.1999466 0.1997733 0.1977452 0.1977452 0.1975134 0.2064946 0.2064946 0.2039824 0.2093356 0.2172877 0.2234828 0.2312504 
Medicago_truncatula_XP_024638620.1    0.2236864 0.2266990 0.2267579 0.2268830 0.2203456 0.2141054 0.1776087 0.1860629 0.1845287 0.1750654 0.1898788 0.1914324 0.1984986 0.1836456 0.1853581 0.1509652 0.1769860 0.1828824 0.1733910 0.1746916 0.1755382 0.2063057 0.1686960 0.1640253 0.1648168 0.1706919 0.1721388 0.1741738 0.2060286 0.2055418 0.1896492 0.1829727 0.1861422 0.0667847 0.0664754 0.0690734 0.0000000 0.1111008 0.1037246 0.1063758 0.1367833 0.2568692 0.2719233 0.2613495 0.2471434 0.2106029 0.2241694 0.2304188 0.2294894 0.2306393 0.2287798 0.2275036 0.2286408 0.2267471 0.2329818 0.2341498 0.2318902 0.2526834 0.2597379 0.2645268 0.2819434 
Glycine_max_XP_003534452.1            0.2068193 0.2066704 0.2068842 0.2127033 0.2067943 0.2015474 0.1560097 0.1713738 0.1549462 0.1598064 0.1469134 0.1553693 0.1622021 0.1591978 0.1507544 0.1303162 0.1575959 0.1550836 0.1445323 0.1430026 0.1436916 0.1741357 0.1489961 0.1445763 0.1452747 0.1498619 0.1514323 0.1550398 0.1763661 0.1763661 0.1748899 0.1693943 0.1730871 0.0919790 0.0915529 0.0814448 0.1111008 0.0000000 0.0000010 0.0135130 0.0562557 0.2337209 0.2509484 0.2404388 0.2280416 0.1966169 0.2093203 0.2030563 0.2011127 0.2021080 0.2026689 0.1982225 0.1992029 0.1997095 0.2052081 0.2062224 0.1990627 0.2304483 0.2372997 0.2584320 0.2747560 
Glycine_max_XP_006586749.1            0.1823665 0.1840258 0.1822102 0.1961325 0.1897860 0.1805192 0.1457582 0.1558129 0.1395661 0.1417616 0.1313434 0.1381232 0.1445355 0.1436524 0.1380785 0.1186655 0.1392700 0.1383233 0.1347149 0.1330561 0.1337545 0.1621932 0.1370507 0.1322996 0.1329936 0.1405253 0.1422267 0.1444467 0.1643303 0.1643303 0.1588908 0.1530187 0.1569462 0.0865908 0.0861525 0.0738573 0.1037246 0.0000010 0.0000000 0.0132983 0.0508573 0.2161691 0.2394276 0.2300692 0.2170782 0.1804329 0.1976608 0.1881413 0.1863973 0.1874010 0.1877151 0.1832790 0.1842652 0.1845159 0.1896108 0.1906300 0.1864929 0.2119723 0.2193636 0.2311053 0.2478133 
Glycine_max_XP_006592983.1            0.1994274 0.2019414 0.2045179 0.2040567 0.1981729 0.1942653 0.1475683 0.1618720 0.1495456 0.1515248 0.1415477 0.1459865 0.1543282 0.1513684 0.1430273 0.1243159 0.1507034 0.1504482 0.1384041 0.1368790 0.1375382 0.1663101 0.1415592 0.1369390 0.1376004 0.1437028 0.1452669 0.1488892 0.1763678 0.1763678 0.1720398 0.1665728 0.1702436 0.0879198 0.0875125 0.0783482 0.1063758 0.0135130 0.0132983 0.0000000 0.0526444 0.2267302 0.2421832 0.2353523 0.2213190 0.1923034 0.2014134 0.1960763 0.1939038 0.1948615 0.1952870 0.1910308 0.1919738 0.1923455 0.1979925 0.1989693 0.1935062 0.2266273 0.2334665 0.2562467 0.2727108 
Phaseolus_vulgaris_XP_007133875.1     0.2274179 0.2310748 0.2346821 0.2325793 0.2265729 0.2223269 0.1795641 0.1924357 0.1757715 0.1705272 0.1706660 0.1754587 0.1796687 0.1800899 0.1714058 0.1505872 0.1769972 0.1793146 0.1656183 0.1651529 0.1659579 0.1955779 0.1681198 0.1665311 0.1673434 0.1762849 0.1778855 0.1798405 0.2021964 0.2021964 0.2047775 0.1979462 0.1985093 0.1173751 0.1168267 0.1034874 0.1367833 0.0562557 0.0508573 0.0526444 0.0000000 0.2592747 0.2763094 0.2655090 0.2509466 0.2171307 0.2304062 0.2307708 0.2250464 0.2261708 0.2257369 0.2220956 0.2232048 0.2227139 0.2284521 0.2295942 0.2231128 0.2515969 0.2586052 0.2655481 0.2885055 
Capsicum_annuum_XP_016552559.1        0.2341321 0.2358216 0.2393051 0.2411343 0.2349401 0.2265075 0.1916517 0.2044964 0.2019008 0.1946142 0.2083297 0.1952500 0.2032550 0.2041857 0.1913588 0.1638390 0.1919521 0.2104767 0.2015196 0.1999122 0.1989172 0.2194784 0.1878888 0.1877267 0.1867032 0.1960552 0.1959369 0.1964524 0.2158593 0.2158593 0.2454607 0.2359589 0.2432451 0.2477755 0.2486670 0.2233516 0.2568692 0.2337209 0.2161691 0.2267302 0.2592747 0.0000000 0.1194554 0.1105675 0.0972276 0.0845874 0.0887418 0.1375768 0.1424173 0.1412950 0.1385940 0.1381340 0.1370025 0.1342495 0.1393060 0.1381796 0.1392537 0.2450591 0.2485428 0.2536356 0.2664518 
Solanum_lycopersicum_NP_001234153.2   0.2683952 0.2701570 0.2738673 0.2680685 0.2638249 0.2597457 0.2134637 0.2397784 0.2365286 0.2361880 0.2469533 0.2140687 0.2193670 0.2334922 0.2235958 0.1951010 0.2234367 0.2408515 0.2306287 0.2289698 0.2280340 0.2563983 0.2242157 0.2207214 0.2197599 0.2233475 0.2230898 0.2255435 0.2458242 0.2458242 0.2665192 0.2566499 0.2629847 0.2620522 0.2629149 0.2322061 0.2719233 0.2509484 0.2394276 0.2421832 0.2763094 0.1194554 0.0000000 0.0094940 0.0407339 0.0333216 0.1167090 0.1771633 0.1738026 0.1727380 0.1686898 0.1709538 0.1698827 0.1658031 0.1744744 0.1734100 0.1681604 0.2659787 0.2696076 0.2718605 0.2774738 
Solanum_pennellii_XP_015080294.1      0.2578017 0.2595501 0.2632386 0.2574570 0.2532421 0.2491934 0.2034895 0.2311962 0.2259520 0.2239397 0.2354988 0.2061905 0.2114481 0.2220995 0.2123491 0.1838640 0.2123191 0.2294944 0.2209934 0.2193423 0.2183810 0.2429548 0.2159084 0.2124344 0.2114516 0.2170796 0.2168539 0.2193249 0.2359671 0.2359671 0.2597032 0.2498999 0.2561591 0.2533417 0.2542275 0.2241927 0.2613495 0.2404388 0.2300692 0.2353523 0.2655090 0.1105675 0.0094940 0.0000000 0.0322550 0.0249607 0.1055457 0.1691699 0.1674219 0.1663418 0.1622191 0.1645863 0.1634998 0.1593464 0.1680832 0.1670032 0.1617525 0.2554834 0.2590812 0.2639189 0.2666919 
Solanum_tuberosum_XP_006348376.1      0.2353295 0.2370407 0.2406612 0.2400367 0.2358925 0.2268503 0.1927794 0.2118307 0.2093986 0.2100989 0.2174824 0.1873016 0.1924473 0.2074943 0.1979621 0.1685915 0.1968672 0.2141389 0.2073461 0.2057213 0.2047334 0.2254052 0.1975871 0.1941893 0.1931693 0.2051245 0.2049606 0.2057004 0.2207628 0.2207628 0.2492536 0.2396024 0.2470174 0.2394799 0.2404006 0.2135431 0.2471434 0.2280416 0.2170782 0.2213190 0.2509466 0.0972276 0.0407339 0.0322550 0.0000000 0.0016139 0.0937062 0.1554878 0.1519335 0.1508251 0.1465593 0.1491543 0.1480401 0.1437457 0.1525657 0.1514576 0.1495907 0.2414758 0.2450124 0.2563736 0.2700940 
Solanum_tuberosum_XP_015164676.1      0.1947952 0.1927267 0.1972231 0.1953902 0.1935390 0.1866500 0.1727714 0.1779126 0.1884326 0.1833925 0.1936331 0.1681686 0.1744545 0.1776780 0.1786223 0.1685915 0.1773054 0.1825728 0.1751911 0.1733221 0.1733221 0.1839256 0.1700198 0.1679897 0.1679897 0.1754702 0.1764211 0.1795043 0.1783579 0.1783579 0.2117233 0.2007463 0.2090091 0.2091792 0.2091792 0.2040550 0.2106029 0.1966169 0.1804329 0.1923034 0.2171307 0.0845874 0.0333216 0.0249607 0.0016139 0.0000000 0.0786872 0.1457057 0.1413028 0.1413028 0.1347570 0.1379632 0.1379632 0.1313739 0.1438863 0.1438863 0.1396192 0.2156083 0.2196800 0.2204617 0.2274042 
Nicotiana_attenuata_XP_019226569.1    0.2178814 0.2196372 0.2269848 0.2262286 0.2206239 0.2109401 0.1779823 0.1895547 0.1860641 0.1843256 0.1974774 0.1755427 0.1840315 0.1843882 0.1738963 0.1521115 0.1792127 0.1893940 0.1851757 0.1835086 0.1824246 0.2059933 0.1759629 0.1724955 0.1713823 0.1749814 0.1749604 0.1806474 0.1995318 0.1995318 0.2246484 0.2164690 0.2238883 0.2208004 0.2218033 0.1929824 0.2241694 0.2093203 0.1976608 0.2014134 0.2304062 0.0887418 0.1167090 0.1055457 0.0937062 0.0786872 0.0000000 0.1207445 0.1240734 0.1228583 0.1181247 0.1224991 0.1212843 0.1165492 0.1243350 0.1231250 0.1120063 0.2099234 0.2170363 0.2431213 0.2598174 
Capsicum_annuum_XP_016555239.1        0.2223618 0.2223372 0.2299567 0.2275555 0.2218161 0.2094918 0.1693383 0.1790561 0.1786477 0.1775632 0.1868724 0.1651985 0.1725868 0.1800591 0.1701917 0.1501910 0.1790724 0.1854376 0.1811223 0.1939791 0.1949252 0.1954033 0.1719786 0.1672581 0.1680728 0.1692605 0.1706145 0.1680841 0.1857738 0.1870081 0.2264092 0.2187228 0.2248598 0.2270736 0.2259405 0.2028155 0.2304188 0.2030563 0.1881413 0.1960763 0.2307708 0.1375768 0.1771633 0.1691699 0.1554878 0.1457057 0.1207445 0.0000000 0.0401061 0.0402843 0.0405485 0.0401356 0.0403140 0.0405796 0.0428295 0.0430199 0.0441548 0.2118764 0.2182717 0.2236033 0.2452191 
Solanum_lycopersicum_NP_001234149.1   0.2131404 0.2146727 0.2231238 0.2237731 0.2180510 0.2043385 0.1572119 0.1631802 0.1733217 0.1730814 0.1818425 0.1652700 0.1726557 0.1755871 0.1672977 0.1451069 0.1740078 0.1839167 0.1795957 0.1908872 0.1918126 0.1937613 0.1674381 0.1627593 0.1635466 0.1662719 0.1676299 0.1651143 0.1825365 0.1837771 0.2247309 0.2170793 0.2231863 0.2198418 0.2187496 0.1999466 0.2294894 0.2011127 0.1863973 0.1939038 0.2250464 0.1424173 0.1738026 0.1674219 0.1519335 0.1413028 0.1240734 0.0401061 0.0000000 0.0000010 0.0000010 0.0052524 0.0052754 0.0054891 0.0184944 0.0185757 0.0440939 0.2112447 0.2179466 0.2288041 0.2457499 
Solanum_lycopersicum_XP_010313639.1   0.2142085 0.2157482 0.2242439 0.2248971 0.2191452 0.2053625 0.1579724 0.1639802 0.1725793 0.1730814 0.1827335 0.1660772 0.1734986 0.1764518 0.1681161 0.1451069 0.1740078 0.1848124 0.1804698 0.1918126 0.1918126 0.1949524 0.1682486 0.1635466 0.1635466 0.1670789 0.1684396 0.1659131 0.1834286 0.1846739 0.2258493 0.2181548 0.2242974 0.2198418 0.2198418 0.1999466 0.2306393 0.2021080 0.1874010 0.1948615 0.2261708 0.1412950 0.1727380 0.1663418 0.1508251 0.1413028 0.1228583 0.0402843 0.0000010 0.0000000 0.0000010 0.0052754 0.0052754 0.0055143 0.0185757 0.0185757 0.0442896 0.2122904 0.2190276 0.2299735 0.2470048 
Solanum_lycopersicum_XP_010313640.1   0.2086611 0.2102246 0.2188300 0.2182307 0.2123961 0.1996908 0.1528769 0.1606029 0.1658261 0.1642655 0.1762582 0.1611457 0.1686874 0.1703496 0.1632091 0.1396453 0.1679194 0.1801375 0.1735573 0.1719642 0.1728169 0.1937613 0.1617254 0.1585746 0.1593582 0.1621449 0.1619388 0.1593613 0.1768918 0.1768918 0.2197219 0.2119472 0.2181579 0.2201534 0.2190344 0.1997733 0.2287798 0.2026689 0.1877151 0.1952870 0.2257369 0.1385940 0.1686898 0.1622191 0.1465593 0.1347570 0.1181247 0.0405485 0.0000010 0.0000010 0.0000000 0.0054891 0.0055143 0.0054891 0.0193329 0.0194218 0.0447074 0.2096979 0.2165454 0.2240206 0.2387623 
Solanum_pennellii_XP_015061763.1      0.2101970 0.2117282 0.2201614 0.2208082 0.2150970 0.2014080 0.1576745 0.1598777 0.1746289 0.1745114 0.1790108 0.1624742 0.1698489 0.1738061 0.1644940 0.1417187 0.1706500 0.1843989 0.1784949 0.1897923 0.1907128 0.1940657 0.1679064 0.1632246 0.1640145 0.1651742 0.1665373 0.1640203 0.1795285 0.1807731 0.2217924 0.2141644 0.2202486 0.2189878 0.2179038 0.1977452 0.2275036 0.1982225 0.1832790 0.1910308 0.2220956 0.1381340 0.1709538 0.1645863 0.1491543 0.1379632 0.1224991 0.0401356 0.0052524 0.0052754 0.0054891 0.0000000 0.0000010 0.0000010 0.0158512 0.0159209 0.0441261 0.2087132 0.2153756 0.2267804 0.2436778 
Solanum_pennellii_XP_015061764.1      0.2112499 0.2127885 0.2212662 0.2219169 0.2161759 0.2024168 0.1584375 0.1606591 0.1738929 0.1745114 0.1798872 0.1632671 0.1706774 0.1746596 0.1652980 0.1417187 0.1706500 0.1852975 0.1793640 0.1907128 0.1907128 0.1952606 0.1687195 0.1640145 0.1640145 0.1659761 0.1673419 0.1648140 0.1804062 0.1816555 0.2228956 0.2152247 0.2213446 0.2189878 0.2189878 0.1977452 0.2286408 0.1992029 0.1842652 0.1919738 0.2232048 0.1370025 0.1698827 0.1634998 0.1480401 0.1379632 0.1212843 0.0403140 0.0052754 0.0052754 0.0055143 0.0000010 0.0000000 0.0000010 0.0159209 0.0159209 0.0443221 0.2097416 0.2164391 0.2279368 0.2449194 
Solanum_pennellii_XP_027769444.1      0.2056632 0.2072255 0.2158120 0.2152067 0.2093837 0.1967065 0.1533473 0.1572377 0.1671656 0.1657424 0.1733764 0.1582952 0.1658254 0.1685449 0.1603507 0.1361840 0.1644835 0.1806273 0.1724354 0.1708426 0.1716900 0.1940657 0.1622004 0.1590478 0.1598341 0.1610241 0.1608220 0.1582431 0.1738258 0.1738258 0.2167299 0.2089800 0.2151667 0.2192785 0.2181681 0.1975134 0.2267471 0.1997095 0.1845159 0.1923455 0.2227139 0.1342495 0.1658031 0.1593464 0.1437457 0.1313739 0.1165492 0.0405796 0.0054891 0.0055143 0.0054891 0.0000010 0.0000010 0.0000000 0.0165698 0.0166460 0.0447415 0.2071177 0.2139238 0.2219663 0.2366724 
Solanum_tuberosum_XP_006349996.1      0.2162450 0.2177821 0.2262719 0.2268977 0.2211514 0.2074089 0.1657333 0.1673874 0.1861920 0.1855070 0.1881547 0.1697241 0.1771134 0.1784361 0.1690717 0.1494288 0.1783394 0.1906195 0.1831472 0.1944450 0.1953884 0.2039612 0.1740514 0.1693551 0.1701750 0.1728999 0.1742305 0.1717175 0.1873926 0.1886298 0.2272123 0.2195351 0.2256658 0.2281943 0.2270586 0.2064946 0.2329818 0.2052081 0.1896108 0.1979925 0.2284521 0.1393060 0.1744744 0.1680832 0.1525657 0.1438863 0.1243350 0.0428295 0.0184944 0.0185757 0.0193329 0.0158512 0.0159209 0.0165698 0.0000000 0.0000010 0.0468205 0.2146895 0.2213994 0.2304262 0.2506077 
Solanum_tuberosum_XP_006349997.1      0.2173318 0.2188762 0.2274110 0.2280404 0.2222641 0.2084512 0.1665379 0.1682063 0.1855014 0.1855070 0.1890777 0.1705524 0.1779776 0.1793140 0.1698998 0.1494288 0.1783394 0.1915490 0.1840393 0.1953884 0.1953884 0.2052183 0.1748946 0.1701750 0.1701750 0.1737398 0.1750730 0.1725489 0.1883102 0.1895521 0.2283444 0.2206241 0.2267907 0.2281943 0.2281943 0.2064946 0.2341498 0.2062224 0.1906300 0.1989693 0.2295942 0.1381796 0.1734100 0.1670032 0.1514576 0.1438863 0.1231250 0.0430199 0.0185757 0.0185757 0.0194218 0.0159209 0.0159209 0.0166460 0.0000010 0.0000000 0.0470286 0.2157513 0.2224966 0.2316030 0.2518921 
Nicotiana_attenuata_XP_019239919.1    0.2156409 0.2156172 0.2251441 0.2264025 0.2206805 0.2069967 0.1640903 0.1719566 0.1726875 0.1765365 0.1776043 0.1608446 0.1676092 0.1747745 0.1638574 0.1489519 0.1781429 0.1766361 0.1698910 0.1811616 0.1820379 0.1863204 0.1638097 0.1591481 0.1599163 0.1609288 0.1623051 0.1609169 0.1817468 0.1829869 0.2200577 0.2124363 0.2190756 0.2238341 0.2227254 0.2039824 0.2318902 0.1990627 0.1864929 0.1935062 0.2231128 0.1392537 0.1681604 0.1617525 0.1495907 0.1396192 0.1120063 0.0441548 0.0440939 0.0442896 0.0447074 0.0441261 0.0443221 0.0447415 0.0468205 0.0470286 0.0000000 0.2013956 0.2080166 0.2220243 0.2386001 
Papaver_somniferum_XP_026393070.1     0.2405186 0.2404916 0.2404092 0.2407821 0.2344242 0.2237723 0.2025348 0.1983688 0.2053054 0.1870222 0.2155717 0.1810240 0.1836103 0.1843637 0.1743907 0.1390536 0.1755332 0.2164555 0.2044833 0.2028726 0.2038765 0.2549766 0.1951263 0.1903170 0.1912524 0.1910500 0.1884086 0.1961840 0.2214492 0.2214492 0.2359275 0.2319830 0.2377323 0.2448344 0.2436034 0.2093356 0.2526834 0.2304483 0.2119723 0.2266273 0.2515969 0.2450591 0.2659787 0.2554834 0.2414758 0.2156083 0.2099234 0.2118764 0.2112447 0.2122904 0.2096979 0.2087132 0.2097416 0.2071177 0.2146895 0.2157513 0.2013956 0.0000000 0.0053780 0.2763971 0.2889263 
Papaver_somniferum_XP_026405705.1     0.2475384 0.2475106 0.2473964 0.2478349 0.2414318 0.2307101 0.2092654 0.2050301 0.2120368 0.1948185 0.2223454 0.1875620 0.1901669 0.1876609 0.1776368 0.1428502 0.1793065 0.2232076 0.2111582 0.2095401 0.2105789 0.2615557 0.2000812 0.1968917 0.1978611 0.1976700 0.1949700 0.2027749 0.2282476 0.2282476 0.2428513 0.2388884 0.2447024 0.2518405 0.2505718 0.2172877 0.2597379 0.2372997 0.2193636 0.2334665 0.2586052 0.2485428 0.2696076 0.2590812 0.2450124 0.2196800 0.2170363 0.2182717 0.2179466 0.2190276 0.2165454 0.2153756 0.2164391 0.2139238 0.2213994 0.2224966 0.2080166 0.0053780 0.0000000 0.2818991 0.2944851 
Helianthus_annuus_XP_021969162.1      0.2671824 0.2690018 0.2743876 0.2732741 0.2692097 0.2600877 0.2225519 0.2413826 0.2479688 0.2093804 0.2382925 0.2299413 0.2315719 0.2358056 0.2314901 0.1821652 0.2137937 0.2311352 0.2479624 0.2462644 0.2475257 0.2876633 0.2293621 0.2282737 0.2294375 0.2308734 0.2317416 0.2348211 0.2506292 0.2506292 0.2765838 0.2654301 0.2737804 0.2657252 0.2643692 0.2234828 0.2645268 0.2584320 0.2311053 0.2562467 0.2655481 0.2536356 0.2718605 0.2639189 0.2563736 0.2204617 0.2431213 0.2236033 0.2288041 0.2299735 0.2240206 0.2267804 0.2279368 0.2219663 0.2304262 0.2316030 0.2220243 0.2763971 0.2818991 0.0000000 0.1192510 
Helianthus_annuus_XP_035842487.1      0.2738048 0.2789944 0.2774664 0.2784096 0.2743735 0.2650555 0.2501323 0.2514898 0.2532025 0.2226006 0.2542897 0.2391928 0.2436394 0.2544925 0.2482424 0.1912084 0.2230138 0.2525227 0.2517226 0.2500154 0.2513008 0.2950691 0.2437707 0.2453280 0.2465910 0.2451848 0.2463149 0.2475333 0.2620388 0.2620388 0.2912408 0.2810206 0.2864260 0.2789176 0.2774810 0.2312504 0.2819434 0.2747560 0.2478133 0.2727108 0.2885055 0.2664518 0.2774738 0.2666919 0.2700940 0.2274042 0.2598174 0.2452191 0.2457499 0.2470048 0.2387623 0.2436778 0.2449194 0.2366724 0.2506077 0.2518921 0.2386001 0.2889263 0.2944851 0.1192510 0.0000000 
