8
Arabidopsis_lyrata_XP_002871968.2   0.0000000 0.0000010 0.1198592 0.1224539 0.2246481 0.4007415 0.4240868 0.3496538 
Arabidopsis_lyrata_XP_020876260.1   0.0000010 0.0000000 0.1198592 0.1198592 0.2246481 0.4007415 0.4126197 0.3496538 
Arabidopsis_thaliana_NP_001318615.1 0.1198592 0.1198592 0.0000000 0.0000010 0.2386001 0.4376298 0.4471932 0.3578084 
Arabidopsis_thaliana_NP_001332194.1 0.1224539 0.1198592 0.0000010 0.0000000 0.2386001 0.4376298 0.4539508 0.3578084 
Capsella_rubella_XP_006287498.1     0.2246481 0.2246481 0.2386001 0.2386001 0.0000000 0.4226530 0.4349121 0.3537938 
Brassica_oleracea_XP_013619618.1    0.4007415 0.4007415 0.4376298 0.4376298 0.4226530 0.0000000 0.0320609 0.3078468 
Brassica_rapa_XP_033141945.1        0.4240868 0.4126197 0.4471932 0.4539508 0.4349121 0.0320609 0.0000000 0.3192536 
Eutrema_salsugineum_XP_006400682.1  0.3496538 0.3496538 0.3578084 0.3578084 0.3537938 0.3078468 0.3192536 0.0000000 
