59
Arabidopsis_lyrata_XP_020877237.1     0.0000000 0.0242130 0.0350964 0.0633175 0.0810339 0.0781607 0.3983770 0.3825690 0.3803438 0.3846336 0.3865456 0.3397321 0.3678966 0.3486506 0.3230671 0.3732315 0.3572727 0.3632711 0.3351855 0.3648302 0.4467635 0.3580692 0.3759912 0.3989913 0.3662044 0.3588003 0.3642227 0.3497387 0.4145474 0.4654353 0.3756694 0.3760945 0.3763872 0.5938959 0.5653103 0.5675860 0.3462474 0.4154696 0.4169709 0.3843246 0.3883606 0.4315731 0.4262651 0.4937448 0.4494808 0.4888456 0.4888456 0.4805209 0.4578707 0.4588418 0.5038755 0.4384059 0.4394076 0.5395167 0.4334402 0.4334402 0.4334402 0.5323916 0.4429642 
Arabidopsis_thaliana_NP_192177.1      0.0242130 0.0000000 0.0303497 0.0611871 0.0823702 0.0794840 0.4037270 0.3891610 0.3843411 0.3912500 0.3942417 0.3409431 0.3709650 0.3507136 0.3320724 0.3745733 0.3597069 0.3636193 0.3349326 0.3652066 0.4447207 0.3602902 0.3795494 0.4023705 0.3682952 0.3608695 0.3663101 0.3485818 0.4149573 0.4659876 0.3753557 0.3757810 0.3760750 0.5911469 0.5625731 0.5648198 0.3475565 0.4148722 0.4163771 0.3901405 0.3942145 0.4289772 0.4236896 0.5018733 0.4557542 0.5003003 0.5003003 0.4934455 0.4668275 0.4678141 0.5145891 0.4450484 0.4460434 0.5461325 0.4390087 0.4390087 0.4390087 0.5374550 0.4505532 
Capsella_rubella_XP_006287035.1       0.0350964 0.0303497 0.0000000 0.0636925 0.0889121 0.0871984 0.4015058 0.3876863 0.3854325 0.3930899 0.3916991 0.3495761 0.3746431 0.3545436 0.3376810 0.3798571 0.3648190 0.3708995 0.3381602 0.3663638 0.4454129 0.3617836 0.3812685 0.4012386 0.3771435 0.3696299 0.3707275 0.3582322 0.4204449 0.4702127 0.3806876 0.3811186 0.3813975 0.5999343 0.5712172 0.5710247 0.3525406 0.4183001 0.4194968 0.3963027 0.4016326 0.4418653 0.4364787 0.5042253 0.4563767 0.5053333 0.5053333 0.4955729 0.4693287 0.4695127 0.5160339 0.4491703 0.4501640 0.5483531 0.4462239 0.4462239 0.4462239 0.5439561 0.4572339 
Eutrema_salsugineum_XP_006396482.1    0.0633175 0.0611871 0.0636925 0.0000000 0.0690835 0.0676182 0.4070527 0.3960373 0.3928412 0.4022338 0.4042531 0.3404472 0.3711190 0.3468154 0.3252436 0.3705295 0.3571540 0.3631638 0.3342330 0.3640210 0.4456685 0.3579650 0.3817455 0.4030667 0.3743474 0.3668652 0.3694534 0.3538536 0.4192560 0.4712733 0.3776309 0.3780590 0.3775546 0.5955967 0.5669450 0.5680719 0.3580431 0.4297445 0.4311545 0.3776319 0.3816364 0.4375207 0.4321571 0.4992556 0.4580596 0.5034893 0.5034893 0.4912007 0.4562352 0.4586800 0.5036578 0.4327025 0.4337155 0.5303783 0.4280686 0.4280686 0.4280686 0.5238272 0.4406159 
Brassica_oleracea_XP_013629026.1      0.0810339 0.0823702 0.0889121 0.0690835 0.0000000 0.0079655 0.4000094 0.3890951 0.3864013 0.3905068 0.3941967 0.3334412 0.3696886 0.3556132 0.3340035 0.3792870 0.3583632 0.3644054 0.3378434 0.3717759 0.4549191 0.3708077 0.3939656 0.4160716 0.3765026 0.3729125 0.3795078 0.3647947 0.4321311 0.4870167 0.3794381 0.3798693 0.3780955 0.6007811 0.5719551 0.5712441 0.3447294 0.4124942 0.4140166 0.3893911 0.3934810 0.4536338 0.4491036 0.4859007 0.4608864 0.4945030 0.4945030 0.4815792 0.4627001 0.4530888 0.5020710 0.4408910 0.4418986 0.5448212 0.4358221 0.4358221 0.4358221 0.5372522 0.4411674 
Brassica_rapa_XP_009134416.2          0.0781607 0.0794840 0.0871984 0.0676182 0.0079655 0.0000000 0.4026981 0.3863493 0.3836666 0.3874777 0.3938555 0.3346935 0.3677209 0.3528471 0.3342069 0.3773802 0.3614202 0.3674858 0.3314281 0.3641579 0.4444102 0.3642093 0.3870744 0.4083433 0.3735239 0.3699498 0.3765117 0.3628971 0.4286554 0.4827153 0.3764021 0.3768308 0.3750729 0.5963465 0.5675895 0.5668423 0.3388981 0.4045854 0.4061558 0.3842184 0.3882640 0.4519824 0.4426968 0.4798116 0.4582933 0.4909830 0.4909830 0.4743690 0.4590151 0.4528619 0.5010824 0.4367676 0.4377778 0.5388682 0.4329595 0.4329595 0.4329595 0.5332371 0.4382955 
Capsicum_annuum_XP_016565426.1        0.3983770 0.4037270 0.4015058 0.4070527 0.4000094 0.4026981 0.0000000 0.0424053 0.0435506 0.0423501 0.0642434 0.2875945 0.2838954 0.2790033 0.2613889 0.2981048 0.2525060 0.2542996 0.2378409 0.2621289 0.3049346 0.2818184 0.3072656 0.3275042 0.2473341 0.2445705 0.2484802 0.2372044 0.2829471 0.3005679 0.2588706 0.2570899 0.2518143 0.4156867 0.3893485 0.3841073 0.2952267 0.3461670 0.3491723 0.3024039 0.3039585 0.3514502 0.3399126 0.3654274 0.3255083 0.4055971 0.4055971 0.3945476 0.3623369 0.3884168 0.4110893 0.3771381 0.3791230 0.4605542 0.3708783 0.3708783 0.3708783 0.4521557 0.3645981 
Solanum_lycopersicum_NP_001234175.2   0.3825690 0.3891610 0.3876863 0.3960373 0.3890951 0.3863493 0.0424053 0.0000000 0.0056943 0.0161650 0.0625750 0.2871671 0.2778359 0.2710940 0.2583453 0.2915820 0.2535825 0.2560333 0.2356294 0.2634854 0.3021296 0.2822451 0.3126007 0.3313938 0.2500679 0.2472801 0.2509346 0.2403876 0.2822119 0.2996105 0.2637330 0.2619432 0.2559236 0.4176745 0.3913202 0.3847403 0.2892518 0.3337242 0.3367617 0.3028446 0.3065290 0.3431082 0.3316486 0.3619229 0.3147146 0.4001938 0.4001938 0.3929819 0.3650121 0.3908297 0.4132476 0.3733398 0.3753130 0.4499177 0.3697360 0.3697360 0.3697360 0.4450709 0.3652088 
Solanum_pennellii_XP_015087844.1      0.3803438 0.3843411 0.3854325 0.3928412 0.3864013 0.3836666 0.0435506 0.0056943 0.0000000 0.0173063 0.0637307 0.2840998 0.2785743 0.2719849 0.2576120 0.2924525 0.2544911 0.2569410 0.2330318 0.2606986 0.2983262 0.2793583 0.3094882 0.3278689 0.2475518 0.2447853 0.2484145 0.2378396 0.2793092 0.2961543 0.2609703 0.2591915 0.2544646 0.4133432 0.3871307 0.3824996 0.2884712 0.3325520 0.3355828 0.3006993 0.3043571 0.3440958 0.3326439 0.3593057 0.3122801 0.3984520 0.3984520 0.3930829 0.3624542 0.3880996 0.4103660 0.3717128 0.3736782 0.4474726 0.3681335 0.3681335 0.3681335 0.4426649 0.3636276 
Solanum_tuberosum_XP_006349718.1      0.3846336 0.3912500 0.3930899 0.4022338 0.3905068 0.3874777 0.0423501 0.0161650 0.0173063 0.0000000 0.0688436 0.2913741 0.2851440 0.2803785 0.2668488 0.3011867 0.2626002 0.2651046 0.2387496 0.2667455 0.3063416 0.2897311 0.3173828 0.3367323 0.2539860 0.2511822 0.2548535 0.2450631 0.2865190 0.3046173 0.2704121 0.2686074 0.2637974 0.4269671 0.4004626 0.3958868 0.2991110 0.3468337 0.3498455 0.3050442 0.3082085 0.3512928 0.3414095 0.3638578 0.3176412 0.4099252 0.4099252 0.3995111 0.3685245 0.3931811 0.4169084 0.3777789 0.3797564 0.4557842 0.3731874 0.3731874 0.3731874 0.4496202 0.3686636 
Nicotiana_attenuata_XP_019230142.1    0.3865456 0.3942417 0.3916991 0.4042531 0.3941967 0.3938555 0.0642434 0.0625750 0.0637307 0.0688436 0.0000000 0.3091547 0.2983982 0.2831843 0.2709298 0.3020765 0.2628770 0.2653627 0.2381715 0.2698587 0.3132172 0.2878753 0.3181601 0.3384721 0.2502204 0.2474293 0.2563645 0.2434870 0.2923710 0.3096412 0.2683708 0.2665672 0.2612226 0.4276343 0.4010169 0.3958213 0.2991509 0.3547374 0.3600080 0.2991955 0.3028501 0.3475578 0.3360330 0.3651562 0.3184291 0.4141894 0.4141894 0.4016560 0.3549868 0.3843198 0.4084338 0.3799551 0.3819502 0.4645745 0.3683150 0.3683150 0.3683150 0.4484241 0.3702670 
Carica_papaya_XP_021897974.1          0.3397321 0.3409431 0.3495761 0.3404472 0.3334412 0.3346935 0.2875945 0.2871671 0.2840998 0.2913741 0.3091547 0.0000000 0.2273182 0.1990031 0.1796917 0.2186112 0.1962119 0.1982509 0.1926655 0.2358296 0.2805246 0.2442163 0.2730527 0.2835928 0.2362052 0.2321307 0.2266616 0.2223670 0.2592970 0.2787963 0.2370845 0.2353039 0.2327958 0.4034931 0.3773658 0.3695849 0.2155818 0.2497669 0.2501031 0.2569832 0.2664705 0.3132705 0.3085204 0.3999189 0.3305707 0.3490323 0.3490323 0.3509867 0.3205990 0.3324819 0.3743529 0.3061788 0.3061788 0.3613147 0.3034522 0.3034522 0.3034522 0.3589491 0.3078981 
Fragaria_vesca_XP_004290632.1         0.3678966 0.3709650 0.3746431 0.3711190 0.3696886 0.3677209 0.2838954 0.2778359 0.2785743 0.2851440 0.2983982 0.2273182 0.0000000 0.1227855 0.1295910 0.1340300 0.1203241 0.1247089 0.1796038 0.2279793 0.2679578 0.2465272 0.2661356 0.2803256 0.2287944 0.2242413 0.2209486 0.2180202 0.2537720 0.2718536 0.2385747 0.2383926 0.2345324 0.3903309 0.3681801 0.3602125 0.2320149 0.2734402 0.2736081 0.2301491 0.2323199 0.3196745 0.3190223 0.3437694 0.3086400 0.3315045 0.3315045 0.3254869 0.2922536 0.3046787 0.3378965 0.2865047 0.2882986 0.3411704 0.2841053 0.2841053 0.2841053 0.3357218 0.2847424 
Malus_domestica_XP_017184383.2        0.3486506 0.3507136 0.3545436 0.3468154 0.3556132 0.3528471 0.2790033 0.2710940 0.2719849 0.2803785 0.2831843 0.1990031 0.1227855 0.0000000 0.0317991 0.0513286 0.0654139 0.0693933 0.1775170 0.2023158 0.2317032 0.2283293 0.2492629 0.2588700 0.2193543 0.2135188 0.2160879 0.2144742 0.2470137 0.2656847 0.2183835 0.2201550 0.2122784 0.3629174 0.3408391 0.3335331 0.2052244 0.2387385 0.2391170 0.2030125 0.2060428 0.3016713 0.2991417 0.3615980 0.3093934 0.3248074 0.3248074 0.3282301 0.3072560 0.3130378 0.3474017 0.2904419 0.2902769 0.3429641 0.2870848 0.2870848 0.2870848 0.3388555 0.2858204 
Pyrus_x_bretschneideri_XP_009370778.2 0.3230671 0.3320724 0.3376810 0.3252436 0.3340035 0.3342069 0.2613889 0.2583453 0.2576120 0.2668488 0.2709298 0.1796917 0.1295910 0.0317991 0.0000000 0.0380855 0.0673692 0.0726234 0.1617867 0.1970879 0.2338843 0.2211241 0.2352621 0.2404427 0.1884675 0.1831545 0.1869342 0.1837808 0.2209511 0.2379488 0.1830786 0.1851439 0.1807280 0.3527583 0.3248377 0.3191239 0.1948224 0.2296891 0.2302541 0.1975732 0.2035622 0.2789281 0.2788346 0.3447463 0.2891801 0.2987398 0.2987398 0.3055543 0.2931785 0.2950920 0.3301785 0.2715372 0.2715372 0.3271202 0.2642728 0.2642728 0.2642728 0.3168909 0.2634170 
Malus_domestica_XP_028956166.1        0.3732315 0.3745733 0.3798571 0.3705295 0.3792870 0.3773802 0.2981048 0.2915820 0.2924525 0.3011867 0.3020765 0.2186112 0.1340300 0.0513286 0.0380855 0.0000000 0.0658412 0.0697218 0.1827182 0.2153237 0.2456030 0.2336259 0.2592944 0.2660277 0.2253368 0.2192993 0.2239536 0.2205148 0.2557131 0.2734978 0.2270207 0.2288328 0.2214456 0.3729339 0.3511153 0.3438533 0.2070500 0.2385496 0.2389308 0.2217290 0.2248561 0.3191234 0.3164799 0.3764305 0.3253746 0.3391878 0.3391878 0.3394726 0.3136505 0.3289184 0.3525328 0.2863320 0.2881363 0.3368525 0.2865028 0.2865028 0.2865028 0.3348342 0.2874081 
Prunus_mume_XP_008235359.1            0.3572727 0.3597069 0.3648190 0.3571540 0.3583632 0.3614202 0.2525060 0.2535825 0.2544911 0.2626002 0.2628770 0.1962119 0.1203241 0.0654139 0.0673692 0.0658412 0.0000000 0.0068578 0.1691580 0.1929453 0.2195612 0.2158641 0.2347939 0.2433019 0.1974035 0.1918106 0.1951069 0.1930048 0.2257940 0.2391408 0.1941415 0.1958349 0.1938976 0.3344760 0.3109346 0.3110264 0.2031735 0.2372648 0.2376513 0.2062166 0.2092536 0.2972592 0.2952399 0.3442334 0.2998762 0.3184246 0.3184246 0.3170200 0.2948547 0.3086307 0.3290939 0.2760900 0.2778623 0.3302548 0.2739522 0.2739522 0.2739522 0.3250482 0.2714897 
Prunus_persica_XP_007201753.1         0.3632711 0.3636193 0.3708995 0.3631638 0.3644054 0.3674858 0.2542996 0.2560333 0.2569410 0.2651046 0.2653627 0.1982509 0.1247089 0.0693933 0.0726234 0.0697218 0.0068578 0.0000000 0.1734088 0.1970289 0.2229539 0.2226586 0.2386570 0.2475844 0.1996470 0.1940319 0.1992826 0.1973066 0.2305901 0.2428100 0.1983014 0.2000109 0.1991099 0.3398500 0.3161348 0.3155123 0.2080162 0.2416745 0.2420351 0.2103539 0.2134153 0.3015241 0.2994778 0.3511518 0.3017103 0.3232312 0.3232312 0.3217189 0.2972724 0.3111057 0.3312491 0.2808279 0.2826120 0.3344227 0.2768868 0.2768868 0.2768868 0.3267214 0.2773542 
Vitis_vinifera_XP_002280519.2         0.3351855 0.3349326 0.3381602 0.3342330 0.3378434 0.3314281 0.2378409 0.2356294 0.2330318 0.2387496 0.2381715 0.1926655 0.1796038 0.1775170 0.1617867 0.1827182 0.1691580 0.1734088 0.0000000 0.1755932 0.2000092 0.1991431 0.2245755 0.2337268 0.1857048 0.1808769 0.1789675 0.1714793 0.2094227 0.2206992 0.1871419 0.1880739 0.1835172 0.3240569 0.3030746 0.2964864 0.1822816 0.2140738 0.2144713 0.2069123 0.2124536 0.2610538 0.2556386 0.3181287 0.2772535 0.3298138 0.3298138 0.3152367 0.2759900 0.2896686 0.3346372 0.2651530 0.2669019 0.3168492 0.2608643 0.2608643 0.2608643 0.3100854 0.2680015 
Jatropha_curcas_XP_012092165.1        0.3648302 0.3652066 0.3663638 0.3640210 0.3717759 0.3641579 0.2621289 0.2634854 0.2606986 0.2667455 0.2698587 0.2358296 0.2279793 0.2023158 0.1970879 0.2153237 0.1929453 0.1970289 0.1755932 0.0000000 0.0014338 0.1138595 0.1392492 0.1307405 0.1618717 0.1549779 0.1574410 0.1565656 0.1791419 0.1868689 0.1741879 0.1726309 0.1662918 0.2993758 0.2784373 0.2653160 0.2144000 0.2370775 0.2374742 0.2469848 0.2522056 0.3009722 0.2917419 0.3768351 0.3261301 0.3696196 0.3696196 0.3574584 0.3418148 0.3497081 0.3861509 0.3155603 0.3174332 0.3564777 0.3136508 0.3136508 0.3136508 0.3531366 0.3174586 
Jatropha_curcas_XP_020541108.1        0.4467635 0.4447207 0.4454129 0.4456685 0.4549191 0.4444102 0.3049346 0.3021296 0.2983262 0.3063416 0.3132172 0.2805246 0.2679578 0.2317032 0.2338843 0.2456030 0.2195612 0.2229539 0.2000092 0.0014338 0.0000000 0.1207116 0.1385884 0.1385884 0.1815833 0.1786510 0.1796026 0.1795567 0.1796026 0.1770206 0.1977051 0.1956764 0.1896097 0.1967833 0.1967833 0.1887241 0.2348000 0.2370775 0.2318823 0.2822843 0.2850269 0.3543205 0.3442816 0.4497939 0.3940457 0.4333769 0.4333769 0.4203767 0.3982234 0.4028972 0.4447512 0.3542656 0.3567077 0.3564777 0.3533667 0.3533667 0.3533667 0.3531366 0.3597261 
Manihot_esculenta_XP_021607562.1      0.3580692 0.3602902 0.3617836 0.3579650 0.3708077 0.3642093 0.2818184 0.2822451 0.2793583 0.2897311 0.2878753 0.2442163 0.2465272 0.2283293 0.2211241 0.2336259 0.2158641 0.2226586 0.1991431 0.1138595 0.1207116 0.0000000 0.1134422 0.1143655 0.1893796 0.1838312 0.1864360 0.1835380 0.2160554 0.2218769 0.1997715 0.1981611 0.1913026 0.3304049 0.3091205 0.2991796 0.2359047 0.2686438 0.2708738 0.2582289 0.2643027 0.3177736 0.3093822 0.3686101 0.3348708 0.3921855 0.3921855 0.3701123 0.3491791 0.3635474 0.3967448 0.3148329 0.3166827 0.3711907 0.3186533 0.3186533 0.3186533 0.3766468 0.3222361 
Manihot_esculenta_XP_021613335.1      0.3759912 0.3795494 0.3812685 0.3817455 0.3939656 0.3870744 0.3072656 0.3126007 0.3094882 0.3173828 0.3181601 0.2730527 0.2661356 0.2492629 0.2352621 0.2592944 0.2347939 0.2386570 0.2245755 0.1392492 0.1385884 0.1134422 0.0000000 0.0012491 0.2090993 0.2050435 0.2077825 0.2037199 0.2281252 0.2383746 0.2111459 0.2094808 0.2097570 0.3364368 0.3148996 0.3129877 0.2627118 0.2936318 0.2957947 0.2781389 0.2854308 0.3563981 0.3474912 0.4230540 0.3706820 0.3924615 0.3924615 0.3842331 0.3560282 0.3676714 0.4099841 0.3380120 0.3399188 0.3903629 0.3443656 0.3443656 0.3443656 0.3992568 0.3458684 
Manihot_esculenta_XP_021613336.1      0.3989913 0.4023705 0.4012386 0.4030667 0.4160716 0.4083433 0.3275042 0.3313938 0.3278689 0.3367323 0.3384721 0.2835928 0.2803256 0.2588700 0.2404427 0.2660277 0.2433019 0.2475844 0.2337268 0.1307405 0.1385884 0.1143655 0.0012491 0.0000000 0.2078097 0.2033715 0.2080695 0.2036129 0.2069997 0.2350530 0.2101131 0.2082903 0.2085924 0.3207456 0.2991257 0.3129877 0.2694888 0.2936318 0.2957947 0.2860568 0.2922617 0.3746852 0.3646482 0.4433058 0.3887872 0.4141173 0.4141173 0.4049562 0.3729031 0.3816952 0.4305851 0.3523329 0.3544442 0.3903629 0.3613586 0.3613586 0.3613586 0.3992568 0.3630056 
Populus_euphratica_XP_011012285.1     0.3662044 0.3682952 0.3771435 0.3743474 0.3765026 0.3735239 0.2473341 0.2500679 0.2475518 0.2539860 0.2502204 0.2362052 0.2287944 0.2193543 0.1884675 0.2253368 0.1974035 0.1996470 0.1857048 0.1618717 0.1815833 0.1893796 0.2090993 0.2078097 0.0000000 0.0079552 0.0256628 0.0254112 0.0414237 0.0310790 0.0728327 0.0715405 0.0664975 0.1782158 0.1598876 0.1464664 0.2106190 0.2506460 0.2509576 0.2464877 0.2491366 0.3131573 0.3023695 0.3695083 0.3351162 0.3459233 0.3459233 0.3389582 0.3298751 0.3409266 0.3752633 0.3185794 0.3204269 0.3737809 0.3219400 0.3219400 0.3219400 0.3773456 0.3161908 
Populus_euphratica_XP_011026103.1     0.3588003 0.3608695 0.3696299 0.3668652 0.3729125 0.3699498 0.2445705 0.2472801 0.2447853 0.2511822 0.2474293 0.2321307 0.2242413 0.2135188 0.1831545 0.2192993 0.1918106 0.1940319 0.1808769 0.1549779 0.1786510 0.1838312 0.2050435 0.2033715 0.0079552 0.0000000 0.0207548 0.0203249 0.0358118 0.0293262 0.0768024 0.0755004 0.0676473 0.1787869 0.1604161 0.1467373 0.2070246 0.2472909 0.2476228 0.2418291 0.2444496 0.3064130 0.2957505 0.3630595 0.3283815 0.3423725 0.3423725 0.3403301 0.3277106 0.3387192 0.3749854 0.3126006 0.3144352 0.3697091 0.3159740 0.3159740 0.3159740 0.3732748 0.3164855 
Populus_trichocarpa_XP_024450056.1    0.3642227 0.3663101 0.3707275 0.3694534 0.3795078 0.3765117 0.2484802 0.2509346 0.2484145 0.2548535 0.2563645 0.2266616 0.2209486 0.2160879 0.1869342 0.2239536 0.1951069 0.1992826 0.1789675 0.1574410 0.1796026 0.1864360 0.2077825 0.2080695 0.0256628 0.0207548 0.0000000 0.0000010 0.0137272 0.0071592 0.0743174 0.0730186 0.0651891 0.1739688 0.1556191 0.1419418 0.2062179 0.2449839 0.2453289 0.2406940 0.2433015 0.3019863 0.2911381 0.3621198 0.3189318 0.3352582 0.3352582 0.3293041 0.3200104 0.3309355 0.3739914 0.3114656 0.3133040 0.3700285 0.3135650 0.3135650 0.3135650 0.3717823 0.3106196 
Populus_trichocarpa_XP_024450057.1    0.3497387 0.3485818 0.3582322 0.3538536 0.3647947 0.3628971 0.2372044 0.2403876 0.2378396 0.2450631 0.2434870 0.2223670 0.2180202 0.2144742 0.1837808 0.2205148 0.1930048 0.1973066 0.1714793 0.1565656 0.1795567 0.1835380 0.2037199 0.2036129 0.0254112 0.0203249 0.0000010 0.0000000 0.0142990 0.0075035 0.0731456 0.0718026 0.0637111 0.1770494 0.1578323 0.1435211 0.2032611 0.2428641 0.2432384 0.2327203 0.2353724 0.2939429 0.2828595 0.3619524 0.3184658 0.3219237 0.3219237 0.3145816 0.3057083 0.3186990 0.3578665 0.2928919 0.2947578 0.3476239 0.2993429 0.2993429 0.2993429 0.3552403 0.2961705 
Populus_trichocarpa_XP_024450058.1    0.4145474 0.4149573 0.4204449 0.4192560 0.4321311 0.4286554 0.2829471 0.2822119 0.2793092 0.2865190 0.2923710 0.2592970 0.2537720 0.2470137 0.2209511 0.2557131 0.2257940 0.2305901 0.2094227 0.1791419 0.1796026 0.2160554 0.2281252 0.2069997 0.0414237 0.0358118 0.0137272 0.0142990 0.0000000 0.0056826 0.0962578 0.0947899 0.0859129 0.1696901 0.1514050 0.1419418 0.2384350 0.2449839 0.2453289 0.2741265 0.2753706 0.3412431 0.3287637 0.4075315 0.3576981 0.3853566 0.3853566 0.3784945 0.3642316 0.3724674 0.4260294 0.3535285 0.3555960 0.3700285 0.3555504 0.3555504 0.3555504 0.3717823 0.3523503 
Populus_trichocarpa_XP_024450059.1    0.4654353 0.4659876 0.4702127 0.4712733 0.4870167 0.4827153 0.3005679 0.2996105 0.2961543 0.3046173 0.3096412 0.2787963 0.2718536 0.2656847 0.2379488 0.2734978 0.2391408 0.2428100 0.2206992 0.1868689 0.1770206 0.2218769 0.2383746 0.2350530 0.0310790 0.0293262 0.0071592 0.0075035 0.0056826 0.0000000 0.0917725 0.0900979 0.0834475 0.0861541 0.0861541 0.0749261 0.2486002 0.2449839 0.2392363 0.2939626 0.2955043 0.3618790 0.3496404 0.4466083 0.3911050 0.4122740 0.4122740 0.4074696 0.3907020 0.4000160 0.4486861 0.3791807 0.3816122 0.3700285 0.3803563 0.3803563 0.3803563 0.3717823 0.3802537 
Populus_euphratica_XP_011016461.1     0.3756694 0.3753557 0.3806876 0.3776309 0.3794381 0.3764021 0.2588706 0.2637330 0.2609703 0.2704121 0.2683708 0.2370845 0.2385747 0.2183835 0.1830786 0.2270207 0.1941415 0.1983014 0.1871419 0.1741879 0.1977051 0.1997715 0.2111459 0.2101131 0.0728327 0.0768024 0.0743174 0.0731456 0.0962578 0.0917725 0.0000000 0.0011222 0.0147696 0.0784096 0.0624267 0.0751709 0.2226295 0.2597259 0.2599781 0.2549027 0.2556517 0.3296160 0.3183232 0.3702047 0.3359547 0.3379840 0.3379840 0.3337006 0.3185880 0.3308020 0.3563256 0.3210074 0.3228653 0.3785127 0.3164344 0.3164344 0.3164344 0.3713315 0.3147555 
Populus_euphratica_XP_011032642.1     0.3760945 0.3757810 0.3811186 0.3780590 0.3798693 0.3768308 0.2570899 0.2619432 0.2591915 0.2686074 0.2665672 0.2353039 0.2383926 0.2201550 0.1851439 0.2288328 0.1958349 0.2000109 0.1880739 0.1726309 0.1956764 0.1981611 0.2094808 0.2082903 0.0715405 0.0755004 0.0730186 0.0718026 0.0947899 0.0900979 0.0011222 0.0000000 0.0136191 0.0800529 0.0640230 0.0735822 0.2209602 0.2575184 0.2577843 0.2567958 0.2575512 0.3317554 0.3204184 0.3698905 0.3356761 0.3376938 0.3376938 0.3334135 0.3183216 0.3305237 0.3560188 0.3207407 0.3225968 0.3781046 0.3161745 0.3161745 0.3161745 0.3709354 0.3148081 
Populus_trichocarpa_XP_002306795.3    0.3763872 0.3760750 0.3813975 0.3775546 0.3780955 0.3750729 0.2518143 0.2559236 0.2544646 0.2637974 0.2612226 0.2327958 0.2345324 0.2122784 0.1807280 0.2214456 0.1938976 0.1991099 0.1835172 0.1662918 0.1896097 0.1913026 0.2097570 0.2085924 0.0664975 0.0676473 0.0651891 0.0637111 0.0859129 0.0834475 0.0147696 0.0136191 0.0000000 0.0962761 0.0798713 0.0579984 0.2113241 0.2496547 0.2499697 0.2526330 0.2533744 0.3196570 0.3096397 0.3701892 0.3332943 0.3336188 0.3336188 0.3303488 0.3202966 0.3328038 0.3586326 0.3157316 0.3175725 0.3719537 0.3112479 0.3112479 0.3112479 0.3648908 0.3092349 
Populus_euphratica_XP_011016462.1     0.5938959 0.5911469 0.5999343 0.5955967 0.6007811 0.5963465 0.4156867 0.4176745 0.4133432 0.4269671 0.4276343 0.4034931 0.3903309 0.3629174 0.3527583 0.3729339 0.3344760 0.3398500 0.3240569 0.2993758 0.1967833 0.3304049 0.3364368 0.3207456 0.1782158 0.1787869 0.1739688 0.1770494 0.1696901 0.0861541 0.0784096 0.0800529 0.0962761 0.0000000 0.0000010 0.0214414 0.3624460 0.2597259 0.2543895 0.4104049 0.4074901 0.5071956 0.4902049 0.5567463 0.5107170 0.5290178 0.5290178 0.5269552 0.4922771 0.5051737 0.5322559 0.4912900 0.4938394 0.3785127 0.4856092 0.4856092 0.4856092 0.3713315 0.4836910 
Populus_euphratica_XP_011016463.1     0.5653103 0.5625731 0.5712172 0.5669450 0.5719551 0.5675895 0.3893485 0.3913202 0.3871307 0.4004626 0.4010169 0.3773658 0.3681801 0.3408391 0.3248377 0.3511153 0.3109346 0.3161348 0.3030746 0.2784373 0.1967833 0.3091205 0.3148996 0.2991257 0.1598876 0.1604161 0.1556191 0.1578323 0.1514050 0.0861541 0.0624267 0.0640230 0.0798713 0.0000010 0.0000000 0.0189451 0.3405452 0.2597259 0.2543895 0.3877980 0.3848441 0.4803754 0.4637600 0.5339240 0.4884444 0.5018254 0.5018254 0.4997710 0.4690075 0.4821454 0.5045502 0.4672950 0.4698221 0.3785127 0.4618177 0.4618177 0.4618177 0.3713315 0.4599021 
Populus_trichocarpa_XP_024456054.1    0.5675860 0.5648198 0.5710247 0.5680719 0.5712441 0.5668423 0.3841073 0.3847403 0.3824996 0.3958868 0.3958213 0.3695849 0.3602125 0.3335331 0.3191239 0.3438533 0.3110264 0.3155123 0.2964864 0.2653160 0.1887241 0.2991796 0.3129877 0.3129877 0.1464664 0.1467373 0.1419418 0.1435211 0.1419418 0.0749261 0.0751709 0.0735822 0.0579984 0.0214414 0.0189451 0.0000000 0.3281512 0.2496547 0.2444094 0.3887939 0.3858059 0.4737690 0.4587379 0.5345841 0.4843759 0.4988322 0.4988322 0.4976764 0.4688749 0.4800721 0.5096421 0.4592252 0.4617543 0.3719537 0.4561643 0.4561643 0.4561643 0.3648908 0.4534413 
Citrus_sinensis_XP_006479656.1        0.3462474 0.3475565 0.3525406 0.3580431 0.3447294 0.3388981 0.2952267 0.2892518 0.2884712 0.2991110 0.2991509 0.2155818 0.2320149 0.2052244 0.1948224 0.2070500 0.2031735 0.2080162 0.1822816 0.2144000 0.2348000 0.2359047 0.2627118 0.2694888 0.2106190 0.2070246 0.2062179 0.2032611 0.2384350 0.2486002 0.2226295 0.2209602 0.2113241 0.3624460 0.3405452 0.3281512 0.0000000 0.0028498 0.0042577 0.2580956 0.2649808 0.3212946 0.3158868 0.3882270 0.3520979 0.3568272 0.3568272 0.3526301 0.3368806 0.3499241 0.3812844 0.3111470 0.3130041 0.3637507 0.3193396 0.3193396 0.3193396 0.3736811 0.3144388 
Citrus_sinensis_XP_024954134.1        0.4154696 0.4148722 0.4183001 0.4297445 0.4124942 0.4045854 0.3461670 0.3337242 0.3325520 0.3468337 0.3547374 0.2497669 0.2734402 0.2387385 0.2296891 0.2385496 0.2372648 0.2416745 0.2140738 0.2370775 0.2370775 0.2686438 0.2936318 0.2936318 0.2506460 0.2472909 0.2449839 0.2428641 0.2449839 0.2449839 0.2597259 0.2575184 0.2496547 0.2597259 0.2597259 0.2496547 0.0028498 0.0000000 0.0028498 0.3085304 0.3134494 0.3780570 0.3733822 0.4726749 0.4198724 0.4297525 0.4297525 0.4218628 0.4026806 0.4145398 0.4444054 0.3644534 0.3669108 0.3656124 0.3768677 0.3768677 0.3768677 0.3755447 0.3725662 
Citrus_sinensis_XP_006479657.1        0.4169709 0.4163771 0.4194968 0.4311545 0.4140166 0.4061558 0.3491723 0.3367617 0.3355828 0.3498455 0.3600080 0.2501031 0.2736081 0.2391170 0.2302541 0.2389308 0.2376513 0.2420351 0.2144713 0.2374742 0.2318823 0.2708738 0.2957947 0.2957947 0.2509576 0.2476228 0.2453289 0.2432384 0.2453289 0.2392363 0.2599781 0.2577843 0.2499697 0.2543895 0.2543895 0.2444094 0.0042577 0.0028498 0.0000000 0.3115467 0.3164603 0.3774735 0.3728358 0.4741265 0.4215861 0.4321709 0.4321709 0.4242936 0.4055404 0.4196989 0.4467496 0.3690004 0.3714509 0.3637507 0.3813606 0.3813606 0.3813606 0.3736811 0.3770612 
Cucumis_melo_XP_008449369.1           0.3843246 0.3901405 0.3963027 0.3776319 0.3893911 0.3842184 0.3024039 0.3028446 0.3006993 0.3050442 0.2991955 0.2569832 0.2301491 0.2030125 0.1975732 0.2217290 0.2062166 0.2103539 0.2069123 0.2469848 0.2822843 0.2582289 0.2781389 0.2860568 0.2464877 0.2418291 0.2406940 0.2327203 0.2741265 0.2939626 0.2549027 0.2567958 0.2526330 0.4104049 0.3877980 0.3887939 0.2580956 0.3085304 0.3115467 0.0000000 0.0079762 0.3365019 0.3311237 0.3909375 0.3445339 0.3705612 0.3705612 0.3661927 0.3245159 0.3513074 0.3863391 0.3193310 0.3211844 0.3811045 0.3207564 0.3207564 0.3207564 0.3819739 0.3226451 
Cucumis_sativus_XP_004145366.1        0.3883606 0.3942145 0.4016326 0.3816364 0.3934810 0.3882640 0.3039585 0.3065290 0.3043571 0.3082085 0.3028501 0.2664705 0.2323199 0.2060428 0.2035622 0.2248561 0.2092536 0.2134153 0.2124536 0.2522056 0.2850269 0.2643027 0.2854308 0.2922617 0.2491366 0.2444496 0.2433015 0.2353724 0.2753706 0.2955043 0.2556517 0.2575512 0.2533744 0.4074901 0.3848441 0.3858059 0.2649808 0.3134494 0.3164603 0.0079762 0.0000000 0.3411273 0.3357166 0.3871789 0.3462389 0.3758193 0.3758193 0.3723971 0.3302495 0.3573121 0.3888383 0.3262243 0.3280935 0.3871388 0.3254318 0.3254318 0.3254318 0.3837928 0.3255370 
Papaver_somniferum_XP_026420774.1     0.4315731 0.4289772 0.4418653 0.4375207 0.4536338 0.4519824 0.3514502 0.3431082 0.3440958 0.3512928 0.3475578 0.3132705 0.3196745 0.3016713 0.2789281 0.3191234 0.2972592 0.3015241 0.2610538 0.3009722 0.3543205 0.3177736 0.3563981 0.3746852 0.3131573 0.3064130 0.3019863 0.2939429 0.3412431 0.3618790 0.3296160 0.3317554 0.3196570 0.5071956 0.4803754 0.4737690 0.3212946 0.3780570 0.3774735 0.3365019 0.3411273 0.0000000 0.0103370 0.4467636 0.3975516 0.4653726 0.4653726 0.4564865 0.4062080 0.4312584 0.4763624 0.4228422 0.4249332 0.4983894 0.4249637 0.4249637 0.4249637 0.5005165 0.4173847 
Papaver_somniferum_XP_026449906.1     0.4262651 0.4236896 0.4364787 0.4321571 0.4491036 0.4426968 0.3399126 0.3316486 0.3326439 0.3414095 0.3360330 0.3085204 0.3190223 0.2991417 0.2788346 0.3164799 0.2952399 0.2994778 0.2556386 0.2917419 0.3442816 0.3093822 0.3474912 0.3646482 0.3023695 0.2957505 0.2911381 0.2828595 0.3287637 0.3496404 0.3183232 0.3204184 0.3096397 0.4902049 0.4637600 0.4587379 0.3158868 0.3733822 0.3728358 0.3311237 0.3357166 0.0103370 0.0000000 0.4438491 0.3932382 0.4601348 0.4601348 0.4463369 0.4023764 0.4272430 0.4710645 0.4188754 0.4209545 0.4959347 0.4201086 0.4201086 0.4201086 0.4967988 0.4080641 
Helianthus_annuus_XP_021993704.1      0.4937448 0.5018733 0.5042253 0.4992556 0.4859007 0.4798116 0.3654274 0.3619229 0.3593057 0.3638578 0.3651562 0.3999189 0.3437694 0.3615980 0.3447463 0.3764305 0.3442334 0.3511518 0.3181287 0.3768351 0.4497939 0.3686101 0.4230540 0.4433058 0.3695083 0.3630595 0.3621198 0.3619524 0.4075315 0.4466083 0.3702047 0.3698905 0.3701892 0.5567463 0.5339240 0.5345841 0.3882270 0.4726749 0.4741265 0.3909375 0.3871789 0.4467636 0.4438491 0.0000000 0.1165961 0.4989338 0.4989338 0.4818143 0.4446540 0.4698325 0.5091754 0.4404175 0.4401636 0.5364296 0.4412663 0.4412663 0.4412663 0.5396994 0.4385966 
Helianthus_annuus_XP_035834087.1      0.4494808 0.4557542 0.4563767 0.4580596 0.4608864 0.4582933 0.3255083 0.3147146 0.3122801 0.3176412 0.3184291 0.3305707 0.3086400 0.3093934 0.2891801 0.3253746 0.2998762 0.3017103 0.2772535 0.3261301 0.3940457 0.3348708 0.3706820 0.3887872 0.3351162 0.3283815 0.3189318 0.3184658 0.3576981 0.3911050 0.3359547 0.3356761 0.3332943 0.5107170 0.4884444 0.4843759 0.3520979 0.4198724 0.4215861 0.3445339 0.3462389 0.3975516 0.3932382 0.1165961 0.0000000 0.4621509 0.4621509 0.4495075 0.4075940 0.4297671 0.4834620 0.4160482 0.4158091 0.5096364 0.4181437 0.4181437 0.4181437 0.5130501 0.4125509 
Cicer_arietinum_XP_004495168.1        0.4888456 0.5003003 0.5053333 0.5034893 0.4945030 0.4909830 0.4055971 0.4001938 0.3984520 0.4099252 0.4141894 0.3490323 0.3315045 0.3248074 0.2987398 0.3391878 0.3184246 0.3232312 0.3298138 0.3696196 0.4333769 0.3921855 0.3924615 0.4141173 0.3459233 0.3423725 0.3352582 0.3219237 0.3853566 0.4122740 0.3379840 0.3376938 0.3336188 0.5290178 0.5018254 0.4988322 0.3568272 0.4297525 0.4321709 0.3705612 0.3758193 0.4653726 0.4601348 0.4989338 0.4621509 0.0000000 0.0000010 0.0707988 0.1761099 0.1814667 0.2056867 0.2465947 0.2483025 0.2809450 0.2327528 0.2327528 0.2327528 0.2630310 0.2448146 
Cicer_arietinum_XP_004495171.1        0.4888456 0.5003003 0.5053333 0.5034893 0.4945030 0.4909830 0.4055971 0.4001938 0.3984520 0.4099252 0.4141894 0.3490323 0.3315045 0.3248074 0.2987398 0.3391878 0.3184246 0.3232312 0.3298138 0.3696196 0.4333769 0.3921855 0.3924615 0.4141173 0.3459233 0.3423725 0.3352582 0.3219237 0.3853566 0.4122740 0.3379840 0.3376938 0.3336188 0.5290178 0.5018254 0.4988322 0.3568272 0.4297525 0.4321709 0.3705612 0.3758193 0.4653726 0.4601348 0.4989338 0.4621509 0.0000010 0.0000000 0.0707988 0.1761099 0.1814667 0.2056867 0.2465947 0.2483025 0.2809450 0.2327528 0.2327528 0.2327528 0.2630310 0.2448146 
Medicago_truncatula_XP_003590582.1    0.4805209 0.4934455 0.4955729 0.4912007 0.4815792 0.4743690 0.3945476 0.3929819 0.3930829 0.3995111 0.4016560 0.3509867 0.3254869 0.3282301 0.3055543 0.3394726 0.3170200 0.3217189 0.3152367 0.3574584 0.4203767 0.3701123 0.3842331 0.4049562 0.3389582 0.3403301 0.3293041 0.3145816 0.3784945 0.4074696 0.3337006 0.3334135 0.3303488 0.5269552 0.4997710 0.4976764 0.3526301 0.4218628 0.4242936 0.3661927 0.3723971 0.4564865 0.4463369 0.4818143 0.4495075 0.0707988 0.0707988 0.0000000 0.1644253 0.1700396 0.2000791 0.2375199 0.2392074 0.2734484 0.2323841 0.2323841 0.2323841 0.2669530 0.2402404 
Glycine_max_XP_003518903.1            0.4578707 0.4668275 0.4693287 0.4562352 0.4627001 0.4590151 0.3623369 0.3650121 0.3624542 0.3685245 0.3549868 0.3205990 0.2922536 0.3072560 0.2931785 0.3136505 0.2948547 0.2972724 0.2759900 0.3418148 0.3982234 0.3491791 0.3560282 0.3729031 0.3298751 0.3277106 0.3200104 0.3057083 0.3642316 0.3907020 0.3185880 0.3183216 0.3202966 0.4922771 0.4690075 0.4688749 0.3368806 0.4026806 0.4055404 0.3245159 0.3302495 0.4062080 0.4023764 0.4446540 0.4075940 0.1761099 0.1761099 0.1644253 0.0000000 0.0452708 0.1038012 0.1962068 0.1977950 0.2184583 0.1918458 0.1918458 0.1918458 0.2130750 0.2039254 
Glycine_max_XP_003536706.1            0.4588418 0.4678141 0.4695127 0.4586800 0.4530888 0.4528619 0.3884168 0.3908297 0.3880996 0.3931811 0.3843198 0.3324819 0.3046787 0.3130378 0.2950920 0.3289184 0.3086307 0.3111057 0.2896686 0.3497081 0.4028972 0.3635474 0.3676714 0.3816952 0.3409266 0.3387192 0.3309355 0.3186990 0.3724674 0.4000160 0.3308020 0.3305237 0.3328038 0.5051737 0.4821454 0.4800721 0.3499241 0.4145398 0.4196989 0.3513074 0.3573121 0.4312584 0.4272430 0.4698325 0.4297671 0.1814667 0.1814667 0.1700396 0.0452708 0.0000000 0.1154067 0.2079885 0.2096123 0.2304609 0.2039169 0.2039169 0.2039169 0.2243198 0.2140903 
Phaseolus_vulgaris_XP_007144661.1     0.5038755 0.5145891 0.5160339 0.5036578 0.5020710 0.5010824 0.4110893 0.4132476 0.4103660 0.4169084 0.4084338 0.3743529 0.3378965 0.3474017 0.3301785 0.3525328 0.3290939 0.3312491 0.3346372 0.3861509 0.4447512 0.3967448 0.4099841 0.4305851 0.3752633 0.3749854 0.3739914 0.3578665 0.4260294 0.4486861 0.3563256 0.3560188 0.3586326 0.5322559 0.5045502 0.5096421 0.3812844 0.4444054 0.4467496 0.3863391 0.3888383 0.4763624 0.4710645 0.5091754 0.4834620 0.2056867 0.2056867 0.2000791 0.1038012 0.1154067 0.0000000 0.2377014 0.2393865 0.2594663 0.2229549 0.2229549 0.2229549 0.2394982 0.2459464 
Glycine_max_XP_003521261.1            0.4384059 0.4450484 0.4491703 0.4327025 0.4408910 0.4367676 0.3771381 0.3733398 0.3717128 0.3777789 0.3799551 0.3061788 0.2865047 0.2904419 0.2715372 0.2863320 0.2760900 0.2808279 0.2651530 0.3155603 0.3542656 0.3148329 0.3380120 0.3523329 0.3185794 0.3126006 0.3114656 0.2928919 0.3535285 0.3791807 0.3210074 0.3207407 0.3157316 0.4912900 0.4672950 0.4592252 0.3111470 0.3644534 0.3690004 0.3193310 0.3262243 0.4228422 0.4188754 0.4404175 0.4160482 0.2465947 0.2465947 0.2375199 0.1962068 0.2079885 0.2377014 0.0000000 0.0011330 0.0028451 0.0388289 0.0388289 0.0388289 0.0461162 0.0697836 
Glycine_max_XP_006576915.1            0.4394076 0.4460434 0.4501640 0.4337155 0.4418986 0.4377778 0.3791230 0.3753130 0.3736782 0.3797564 0.3819502 0.3061788 0.2882986 0.2902769 0.2715372 0.2881363 0.2778623 0.2826120 0.2669019 0.3174332 0.3567077 0.3166827 0.3399188 0.3544442 0.3204269 0.3144352 0.3133040 0.2947578 0.3555960 0.3816122 0.3228653 0.3225968 0.3175725 0.4938394 0.4698221 0.4617543 0.3130041 0.3669108 0.3714509 0.3211844 0.3280935 0.4249332 0.4209545 0.4401636 0.4158091 0.2483025 0.2483025 0.2392074 0.1977950 0.2096123 0.2393865 0.0011330 0.0000000 0.0013882 0.0400513 0.0400513 0.0400513 0.0476721 0.0710841 
Glycine_max_XP_006576916.1            0.5395167 0.5461325 0.5483531 0.5303783 0.5448212 0.5388682 0.4605542 0.4499177 0.4474726 0.4557842 0.4645745 0.3613147 0.3411704 0.3429641 0.3271202 0.3368525 0.3302548 0.3344227 0.3168492 0.3564777 0.3564777 0.3711907 0.3903629 0.3903629 0.3737809 0.3697091 0.3700285 0.3476239 0.3700285 0.3700285 0.3785127 0.3781046 0.3719537 0.3785127 0.3785127 0.3719537 0.3637507 0.3656124 0.3637507 0.3811045 0.3871388 0.4983894 0.4959347 0.5364296 0.5096364 0.2809450 0.2809450 0.2734484 0.2184583 0.2304609 0.2594663 0.0028451 0.0013882 0.0000000 0.0476721 0.0476721 0.0476721 0.0460022 0.0873595 
Glycine_max_XP_003554270.1            0.4334402 0.4390087 0.4462239 0.4280686 0.4358221 0.4329595 0.3708783 0.3697360 0.3681335 0.3731874 0.3683150 0.3034522 0.2841053 0.2870848 0.2642728 0.2865028 0.2739522 0.2768868 0.2608643 0.3136508 0.3533667 0.3186533 0.3443656 0.3613586 0.3219400 0.3159740 0.3135650 0.2993429 0.3555504 0.3803563 0.3164344 0.3161745 0.3112479 0.4856092 0.4618177 0.4561643 0.3193396 0.3768677 0.3813606 0.3207564 0.3254318 0.4249637 0.4201086 0.4412663 0.4181437 0.2327528 0.2327528 0.2323841 0.1918458 0.2039169 0.2229549 0.0388289 0.0400513 0.0476721 0.0000000 0.0000010 0.0000010 0.0014229 0.0698447 
Glycine_max_XP_006604462.1            0.4334402 0.4390087 0.4462239 0.4280686 0.4358221 0.4329595 0.3708783 0.3697360 0.3681335 0.3731874 0.3683150 0.3034522 0.2841053 0.2870848 0.2642728 0.2865028 0.2739522 0.2768868 0.2608643 0.3136508 0.3533667 0.3186533 0.3443656 0.3613586 0.3219400 0.3159740 0.3135650 0.2993429 0.3555504 0.3803563 0.3164344 0.3161745 0.3112479 0.4856092 0.4618177 0.4561643 0.3193396 0.3768677 0.3813606 0.3207564 0.3254318 0.4249637 0.4201086 0.4412663 0.4181437 0.2327528 0.2327528 0.2323841 0.1918458 0.2039169 0.2229549 0.0388289 0.0400513 0.0476721 0.0000010 0.0000000 0.0000010 0.0014229 0.0698447 
Glycine_max_XP_006604459.1            0.4334402 0.4390087 0.4462239 0.4280686 0.4358221 0.4329595 0.3708783 0.3697360 0.3681335 0.3731874 0.3683150 0.3034522 0.2841053 0.2870848 0.2642728 0.2865028 0.2739522 0.2768868 0.2608643 0.3136508 0.3533667 0.3186533 0.3443656 0.3613586 0.3219400 0.3159740 0.3135650 0.2993429 0.3555504 0.3803563 0.3164344 0.3161745 0.3112479 0.4856092 0.4618177 0.4561643 0.3193396 0.3768677 0.3813606 0.3207564 0.3254318 0.4249637 0.4201086 0.4412663 0.4181437 0.2327528 0.2327528 0.2323841 0.1918458 0.2039169 0.2229549 0.0388289 0.0400513 0.0476721 0.0000010 0.0000010 0.0000000 0.0013475 0.0698447 
Glycine_max_XP_006604465.1            0.5323916 0.5374550 0.5439561 0.5238272 0.5372522 0.5332371 0.4521557 0.4450709 0.4426649 0.4496202 0.4484241 0.3589491 0.3357218 0.3388555 0.3168909 0.3348342 0.3250482 0.3267214 0.3100854 0.3531366 0.3531366 0.3766468 0.3992568 0.3992568 0.3773456 0.3732748 0.3717823 0.3552403 0.3717823 0.3717823 0.3713315 0.3709354 0.3648908 0.3713315 0.3713315 0.3648908 0.3736811 0.3755447 0.3736811 0.3819739 0.3837928 0.5005165 0.4967988 0.5396994 0.5130501 0.2630310 0.2630310 0.2669530 0.2130750 0.2243198 0.2394982 0.0461162 0.0476721 0.0460022 0.0014229 0.0014229 0.0013475 0.0000000 0.0861721 
Phaseolus_vulgaris_XP_007162465.1     0.4429642 0.4505532 0.4572339 0.4406159 0.4411674 0.4382955 0.3645981 0.3652088 0.3636276 0.3686636 0.3702670 0.3078981 0.2847424 0.2858204 0.2634170 0.2874081 0.2714897 0.2773542 0.2680015 0.3174586 0.3597261 0.3222361 0.3458684 0.3630056 0.3161908 0.3164855 0.3106196 0.2961705 0.3523503 0.3802537 0.3147555 0.3148081 0.3092349 0.4836910 0.4599021 0.4534413 0.3144388 0.3725662 0.3770612 0.3226451 0.3255370 0.4173847 0.4080641 0.4385966 0.4125509 0.2448146 0.2448146 0.2402404 0.2039254 0.2140903 0.2459464 0.0697836 0.0710841 0.0873595 0.0698447 0.0698447 0.0698447 0.0861721 0.0000000 
