6
Arabidopsis_lyrata_XP_002892208.1   0.0000000 0.0536404 0.1178774 0.1904510 0.2039398 0.1977753 
Arabidopsis_thaliana_NP_001323287.1 0.0536404 0.0000000 0.1218554 0.1930652 0.2007578 0.2011669 
Capsella_rubella_XP_006306986.1     0.1178774 0.1218554 0.0000000 0.1792488 0.1757591 0.1772623 
Eutrema_salsugineum_XP_006418141.1  0.1904510 0.1930652 0.1792488 0.0000000 0.1695105 0.1607407 
Brassica_oleracea_XP_013638399.1    0.2039398 0.2007578 0.1757591 0.1695105 0.0000000 0.0266399 
Brassica_rapa_XP_009119315.1        0.1977753 0.2011669 0.1772623 0.1607407 0.0266399 0.0000000 
