105
Arabidopsis_lyrata_XP_020884280.1     0.0000000 0.0389087 0.0665988 0.1519965 0.1448507 0.1251192 0.3415062 0.3316096 0.3341878 0.3518477 0.3466034 0.3391741 0.3623849 0.3520837 0.3612281 0.3740151 0.5942808 0.5668879 0.6222140 0.6195512 0.6115192 0.6436557 0.6102939 0.6118794 0.6224497 0.6224497 0.5849951 0.6501632 0.6133983 0.5793738 0.5816952 0.5910668 0.4212121 0.4808393 0.4766417 0.4912681 0.5016527 0.4678320 0.4762479 0.4913054 0.4834703 0.4881964 0.4878579 0.5356301 0.5449620 0.5532779 0.5564069 0.5369334 0.5492141 0.5366075 0.5180405 0.6042675 0.5399459 0.5580387 0.6065672 0.5266896 0.5082617 0.5848376 0.5120302 0.6111977 0.6157874 0.7558242 0.7202610 0.7168803 0.7257516 0.7051609 0.7121585 0.7503395 0.7496337 0.7466038 0.7633896 0.7396496 0.6468060 0.7404000 0.7335918 0.7502138 0.7451405 0.7547142 0.7474958 0.7375607 0.6954126 0.6926738 0.7303241 0.7212529 0.7212529 0.6817057 0.6902982 0.6907670 0.7005157 0.7073145 0.7178220 0.7120848 0.7129357 0.7308376 0.7209993 0.6923325 0.6391039 0.7857557 0.6491126 0.8220753 0.8130878 0.6229983 1.3286258 1.3023805 1.4236796 
Arabidopsis_thaliana_NP_180273.1      0.0389087 0.0000000 0.0757392 0.1574698 0.1502352 0.1237743 0.3473834 0.3335008 0.3393348 0.3486695 0.3476931 0.3412089 0.3575517 0.3503165 0.3639946 0.3772507 0.6168187 0.5795985 0.6358733 0.6332018 0.6237775 0.6548539 0.6185231 0.6201212 0.6256193 0.6256193 0.5917903 0.6579838 0.6283841 0.5959514 0.5983058 0.6088705 0.4252968 0.4863850 0.4835933 0.4970493 0.4995234 0.4673366 0.4813561 0.4926157 0.4850638 0.4896679 0.4866254 0.5377334 0.5589999 0.5696764 0.5728880 0.5405375 0.5668381 0.5440890 0.5240311 0.6041356 0.5467717 0.5626275 0.6190318 0.5330021 0.5157138 0.5860447 0.5166759 0.6192049 0.6251497 0.7627264 0.7203006 0.7169142 0.7325972 0.7053344 0.7250425 0.7544885 0.7537799 0.7503322 0.7683102 0.7438913 0.6607489 0.7436447 0.7433131 0.7554936 0.7504298 0.7600925 0.7528435 0.7427760 0.7078471 0.7050922 0.7396298 0.7305119 0.7305119 0.6885824 0.6972479 0.7044388 0.7113761 0.7038801 0.7311606 0.7253349 0.7305852 0.7479305 0.7379427 0.7167816 0.6528722 0.7792058 0.6598995 0.8435540 0.8367594 0.6299731 1.3374101 1.2961256 1.4288469 
Capsella_rubella_XP_006293460.1       0.0665988 0.0757392 0.0000000 0.1574097 0.1497598 0.1139916 0.3631710 0.3465690 0.3459000 0.3669309 0.3622977 0.3577547 0.3785123 0.3719701 0.3781486 0.3885532 0.6106017 0.5802940 0.6256705 0.6178306 0.6200000 0.6508498 0.6138678 0.6183501 0.6217141 0.6217141 0.6008233 0.6692139 0.6374018 0.5996337 0.6106542 0.6179311 0.4299264 0.4972195 0.4936794 0.5030367 0.5163803 0.4779963 0.4866206 0.5057641 0.5021449 0.4983679 0.4969601 0.5484201 0.5758069 0.5814695 0.5861826 0.5560135 0.5651954 0.5558438 0.5369288 0.6232402 0.5600958 0.5728628 0.6088299 0.5433891 0.5300809 0.6112905 0.5275278 0.6235525 0.6221351 0.7644723 0.7296013 0.7222068 0.7369379 0.7219965 0.7289767 0.7729840 0.7722719 0.7681585 0.7863023 0.7679017 0.6662341 0.7504877 0.7501566 0.7590560 0.7479225 0.7668527 0.7596756 0.7462065 0.7136237 0.7086258 0.7453817 0.7363569 0.7363569 0.7052413 0.7139274 0.7101294 0.7172971 0.7228982 0.7502345 0.7443722 0.7470055 0.7808855 0.7707613 0.7135231 0.6515553 0.7946123 0.6715466 0.8579217 0.8487484 0.6292746 1.3187319 1.3302890 1.5086411 
Brassica_oleracea_XP_013629558.1      0.1519965 0.1574698 0.1574097 0.0000000 0.0177893 0.1153533 0.3628164 0.3449693 0.3582692 0.3607555 0.3535801 0.3573611 0.3816413 0.3783615 0.3881434 0.3984675 0.6328758 0.6037906 0.6749201 0.6661693 0.6476007 0.6608157 0.6046822 0.6091990 0.6165718 0.6165718 0.6340659 0.6962541 0.6766075 0.6343809 0.6347456 0.6487922 0.4506156 0.4757906 0.4772677 0.4797141 0.4982895 0.4919487 0.5006299 0.5137025 0.4963252 0.5066461 0.5085193 0.5239105 0.5666002 0.5739789 0.5761024 0.5696887 0.5716110 0.5540943 0.5377841 0.6159334 0.5624892 0.5936236 0.6407391 0.5632291 0.5400520 0.6160764 0.5450272 0.6258449 0.6407007 0.7871462 0.7320223 0.7262223 0.7370128 0.7171193 0.7038919 0.7806957 0.7799373 0.7774083 0.7978391 0.7634854 0.6764138 0.7619286 0.7615782 0.7709417 0.7385097 0.7551489 0.7476903 0.7410011 0.7217820 0.7193978 0.7381387 0.7183775 0.7183775 0.6886051 0.6974660 0.7273576 0.7311191 0.7174777 0.7568134 0.7506775 0.7493312 0.7905607 0.7755450 0.7353442 0.6492970 0.7691134 0.6459293 0.8084944 0.8087452 0.6512168 1.3081273 1.3863388 1.5094815 
Brassica_rapa_XP_009133914.1          0.1448507 0.1502352 0.1497598 0.0177893 0.0000000 0.1089751 0.3519814 0.3344747 0.3494522 0.3499841 0.3444885 0.3482217 0.3698868 0.3667739 0.3765141 0.3801839 0.6178311 0.5901279 0.6629087 0.6542370 0.6359006 0.6457377 0.5891625 0.5935794 0.6008502 0.6008502 0.6171215 0.6798118 0.6619227 0.6184881 0.6188377 0.6326905 0.4386324 0.4666063 0.4680862 0.4801100 0.4895029 0.4807383 0.4964171 0.5082836 0.4910350 0.4989290 0.5007982 0.5138612 0.5630556 0.5704045 0.5725115 0.5501562 0.5565496 0.5415180 0.5226253 0.5987307 0.5461712 0.5786625 0.6234868 0.5459688 0.5225528 0.6013560 0.5304070 0.6115033 0.6343984 0.7654375 0.7261741 0.7204377 0.7311532 0.7057116 0.6934595 0.7621224 0.7613831 0.7540193 0.7790782 0.7453322 0.6627858 0.7549891 0.7546417 0.7613828 0.7331165 0.7496717 0.7422316 0.7391068 0.7125896 0.7094462 0.7295281 0.7078990 0.7078990 0.6824063 0.6912244 0.7179510 0.7200218 0.7058364 0.7343663 0.7283828 0.7288270 0.7729315 0.7569545 0.7230025 0.6394418 0.7531752 0.6265874 0.8117611 0.8058292 0.6508786 1.2948645 1.3584326 1.4621810 
Eutrema_salsugineum_XP_006408669.1    0.1251192 0.1237743 0.1139916 0.1153533 0.1089751 0.0000000 0.3319965 0.3141664 0.3236520 0.3337190 0.3345171 0.3295696 0.3400488 0.3438735 0.3669382 0.3734431 0.6006592 0.5648477 0.6545209 0.6461493 0.6279409 0.6340055 0.5882293 0.5926242 0.5944939 0.5944939 0.5924451 0.6555562 0.6408299 0.6036785 0.6040085 0.6224253 0.4298969 0.4687721 0.4677642 0.4957296 0.4916126 0.4682927 0.4773524 0.4936778 0.4829911 0.4831240 0.4819367 0.5112886 0.5500623 0.5666682 0.5695158 0.5539539 0.5743348 0.5490356 0.5318412 0.5971068 0.5646274 0.5772931 0.6285686 0.5373939 0.5339763 0.6019844 0.5073453 0.6220166 0.6234212 0.7509637 0.7191525 0.7155065 0.7229827 0.6961939 0.7093112 0.7454382 0.7447314 0.7393454 0.7445470 0.7216950 0.6475510 0.7549364 0.7546004 0.7571759 0.7463018 0.7558886 0.7486684 0.7361883 0.7107835 0.7156586 0.7259120 0.7238535 0.7238535 0.6739788 0.6815331 0.7127631 0.7107649 0.7011467 0.7095890 0.7039455 0.7048622 0.7237411 0.7068623 0.7054184 0.6360811 0.7308868 0.6547022 0.8183744 0.8102141 0.6181090 1.2913634 1.2303905 1.4018651 
Arabidopsis_lyrata_XP_020888534.1     0.3415062 0.3473834 0.3631710 0.3628164 0.3519814 0.3319965 0.0000000 0.0376680 0.0509668 0.0738040 0.0895950 0.0860718 0.1248223 0.1177804 0.1349494 0.1502920 0.5843619 0.5204977 0.5910024 0.5885438 0.5654119 0.5975358 0.5527369 0.5520989 0.5554486 0.5554486 0.5613980 0.6353777 0.6188236 0.6036340 0.5982054 0.6051547 0.4132552 0.4597163 0.4515148 0.4641539 0.4615008 0.4583421 0.4668698 0.4773629 0.4589666 0.4817886 0.4803872 0.5230821 0.5135278 0.5241460 0.5264151 0.5183305 0.5088935 0.5169326 0.4999723 0.5899007 0.5209984 0.5284790 0.5576351 0.4648717 0.4602894 0.5303413 0.5016388 0.5666148 0.6175353 0.8455924 0.8237906 0.8144626 0.8293093 0.8148441 0.7089078 0.7584157 0.7621352 0.7484991 0.7765596 0.7657326 0.6581588 0.7587432 0.7584233 0.7858381 0.7663113 0.7757617 0.7729105 0.7571943 0.7435895 0.7331917 0.7498100 0.7499668 0.7499668 0.7072187 0.7148767 0.7100794 0.7255039 0.7199070 0.7158183 0.7099948 0.7175977 0.7404945 0.7305044 0.7729003 0.7111057 0.8024550 0.6882722 0.8188507 0.8197833 0.6550332 1.2883750 1.2561675 1.4386030 
Arabidopsis_thaliana_NP_188713.1      0.3316096 0.3335008 0.3465690 0.3449693 0.3344747 0.3141664 0.0376680 0.0000000 0.0459917 0.0670006 0.0820897 0.0785863 0.1197032 0.1109041 0.1304894 0.1453896 0.5772836 0.5058247 0.5751278 0.5726677 0.5499046 0.5895117 0.5410333 0.5435992 0.5546383 0.5546383 0.5505618 0.6155118 0.5932024 0.5900026 0.5839012 0.5925283 0.3969994 0.4513104 0.4430802 0.4593617 0.4619839 0.4435386 0.4558870 0.4813600 0.4623673 0.4783818 0.4757696 0.5064719 0.5066448 0.5150618 0.5191422 0.5086386 0.5033969 0.5134789 0.4963597 0.5899732 0.5316621 0.5371192 0.5657206 0.4671377 0.4583338 0.5355197 0.4931312 0.5650771 0.6161413 0.8574603 0.8356866 0.8231804 0.8409523 0.8232040 0.6990377 0.7438923 0.7475698 0.7308732 0.7731975 0.7621556 0.6545763 0.7493297 0.7490128 0.7735027 0.7568551 0.7662061 0.7633579 0.7478468 0.7360682 0.7257098 0.7481732 0.7406244 0.7406244 0.7058357 0.7124884 0.7095432 0.7250183 0.7121508 0.7089102 0.7031156 0.7105813 0.7300571 0.7201190 0.7715435 0.7143087 0.8097629 0.6965620 0.8083381 0.8092277 0.6409610 1.2976137 1.2926952 1.4740413 
Capsella_rubella_XP_006297205.1       0.3341878 0.3393348 0.3459000 0.3582692 0.3494522 0.3236520 0.0509668 0.0459917 0.0000000 0.0700601 0.0844506 0.0826541 0.1275596 0.1202445 0.1303316 0.1490445 0.5790031 0.5143210 0.5756734 0.5731983 0.5470371 0.6073402 0.5556321 0.5570387 0.5653066 0.5653066 0.5569685 0.6269567 0.6202730 0.6076750 0.6041708 0.6131990 0.3903885 0.4565829 0.4483236 0.4595888 0.4598319 0.4417606 0.4531802 0.4715591 0.4585253 0.4718132 0.4704355 0.5207122 0.5102551 0.5186939 0.5228119 0.5067286 0.5111629 0.5117528 0.4930242 0.5792163 0.5267608 0.5367141 0.5667561 0.4614248 0.4553635 0.5261543 0.4993592 0.5576712 0.6243174 0.8641457 0.8282541 0.8159143 0.8335027 0.8044783 0.7021435 0.7476007 0.7469361 0.7350903 0.7715622 0.7605491 0.6544198 0.7681853 0.7678597 0.7901163 0.7758618 0.7854949 0.7826161 0.7665566 0.7528766 0.7423722 0.7702803 0.7626617 0.7626617 0.7222684 0.7292239 0.7233805 0.7390274 0.7275415 0.7120667 0.7062446 0.7137419 0.7279111 0.7242958 0.7658559 0.7086516 0.7900779 0.6891549 0.8075549 0.8130669 0.6279890 1.2616645 1.3038019 1.4658175 
Eutrema_salsugineum_XP_006406351.1    0.3518477 0.3486695 0.3669309 0.3607555 0.3499841 0.3337190 0.0738040 0.0670006 0.0700601 0.0000000 0.0942789 0.0832213 0.1340529 0.1246754 0.1405601 0.1447264 0.5952646 0.5211224 0.5981940 0.5957265 0.5647795 0.5957684 0.5507177 0.5528121 0.5620743 0.5620743 0.5492769 0.6262249 0.6122582 0.5933735 0.5940945 0.6024974 0.3960058 0.4524632 0.4461359 0.4503819 0.4541590 0.4479724 0.4605534 0.4658293 0.4592414 0.4778461 0.4737874 0.5124786 0.5030812 0.5114806 0.5155256 0.5149328 0.5186568 0.5067301 0.4912168 0.5863158 0.5161079 0.5187444 0.5527529 0.4584403 0.4525376 0.5269806 0.4991062 0.5537154 0.6177080 0.8459229 0.8392329 0.8231545 0.8428219 0.8170076 0.7010766 0.7390344 0.7383702 0.7265779 0.7736266 0.7584987 0.6446650 0.7464574 0.7461417 0.7678714 0.7535460 0.7601724 0.7573125 0.7453489 0.7388812 0.7252966 0.7391199 0.7317770 0.7317770 0.6971894 0.7039549 0.7059809 0.7250167 0.7241836 0.7033943 0.6976438 0.7042206 0.7477296 0.7402587 0.7737916 0.7145454 0.7818474 0.7042702 0.8253085 0.8260574 0.6496854 1.2778321 1.2953753 1.4484101 
Brassica_oleracea_XP_013586213.1      0.3466034 0.3476931 0.3622977 0.3535801 0.3444885 0.3345171 0.0895950 0.0820897 0.0844506 0.0942789 0.0000000 0.0198243 0.1272298 0.1078084 0.1371870 0.1407422 0.5698471 0.4941017 0.5621243 0.5596729 0.5351598 0.5735965 0.5252653 0.5264438 0.5460727 0.5460727 0.5219509 0.6108715 0.5898549 0.5715814 0.5723349 0.5824174 0.3745508 0.4542698 0.4462580 0.4471236 0.4657873 0.4535074 0.4480882 0.4727141 0.4566346 0.4719480 0.4715449 0.5164013 0.4960520 0.5050323 0.5090449 0.4953295 0.4919355 0.5034217 0.4902273 0.5717992 0.5323496 0.5379606 0.5775756 0.4699420 0.4623390 0.5178502 0.4938948 0.5378820 0.6037087 0.8474579 0.8263506 0.8153704 0.8312062 0.8145627 0.6659150 0.7202525 0.7196048 0.7100286 0.7530035 0.7431664 0.6423395 0.7548077 0.7544847 0.7728538 0.7603267 0.7750253 0.7655079 0.7492487 0.7238400 0.7134094 0.7315512 0.7310819 0.7310819 0.6924713 0.6992305 0.7022603 0.7135585 0.7317782 0.6991438 0.6934542 0.7023023 0.7310706 0.7242494 0.7588968 0.6944011 0.7755559 0.6907232 0.7986450 0.7992039 0.6511825 1.2594479 1.2297955 1.4451256 
Brassica_rapa_XP_009145591.2          0.3391741 0.3412089 0.3577547 0.3573611 0.3482217 0.3295696 0.0860718 0.0785863 0.0826541 0.0832213 0.0198243 0.0000000 0.1193024 0.0979120 0.1414554 0.1454384 0.5681995 0.4849705 0.5609984 0.5585569 0.5341647 0.5689921 0.5171588 0.5183243 0.5326697 0.5326697 0.5138049 0.6034498 0.5884228 0.5664871 0.5672470 0.5772830 0.3667957 0.4571588 0.4467514 0.4423875 0.4556605 0.4447618 0.4428265 0.4634870 0.4475136 0.4696003 0.4692328 0.5106281 0.4964386 0.5054290 0.5094487 0.4909926 0.4850144 0.4920465 0.4797125 0.5680661 0.5188101 0.5274238 0.5649900 0.4636452 0.4561719 0.5065579 0.4867014 0.5240109 0.6026593 0.8310023 0.8146183 0.8037839 0.8194562 0.8014812 0.6572085 0.7069186 0.7062759 0.6968790 0.7386753 0.7295781 0.6197268 0.7406928 0.7403748 0.7585107 0.7454119 0.7599188 0.7504239 0.7344861 0.7093576 0.6989607 0.7171782 0.7166390 0.7166390 0.6813346 0.6880093 0.6951998 0.7064199 0.7189550 0.6808183 0.6752071 0.6865347 0.7214967 0.7129550 0.7577949 0.6938856 0.7639820 0.6973057 0.7854622 0.7859242 0.6467734 1.2542581 1.2312947 1.4282420 
Brassica_oleracea_XP_013629394.1      0.3623849 0.3575517 0.3785123 0.3816413 0.3698868 0.3400488 0.1248223 0.1197032 0.1275596 0.1340529 0.1272298 0.1193024 0.0000000 0.0580545 0.1619766 0.1579446 0.5620045 0.5030643 0.5470481 0.5444982 0.5349407 0.5907248 0.5473399 0.5435891 0.5565340 0.5565340 0.5503454 0.6057674 0.5951145 0.5719116 0.5759551 0.5846024 0.4123745 0.4796763 0.4750054 0.4645349 0.4791403 0.4682051 0.4678529 0.4830863 0.4584391 0.4958024 0.4888222 0.5425563 0.5286233 0.5315059 0.5359739 0.5331181 0.5248315 0.5228324 0.5100749 0.5748498 0.5503973 0.5635066 0.5865735 0.5161523 0.5016961 0.5588154 0.5324019 0.5717067 0.6004346 0.8086273 0.7681417 0.7563372 0.7772860 0.7480380 0.6468111 0.7063369 0.7056625 0.6913589 0.7291375 0.7142897 0.6400347 0.7022878 0.7019781 0.7208698 0.7112937 0.7123213 0.7094173 0.7001530 0.6966521 0.6819180 0.7063762 0.7095810 0.7095810 0.6723513 0.6736672 0.6810035 0.6959526 0.7099153 0.6815266 0.6756606 0.6829212 0.7180993 0.7054885 0.7268367 0.6644529 0.7420110 0.6850840 0.7907921 0.7826407 0.6790037 1.2442201 1.2292114 1.4243203 
Brassica_rapa_XP_033143641.1          0.3520837 0.3503165 0.3719701 0.3783615 0.3667739 0.3438735 0.1177804 0.1109041 0.1202445 0.1246754 0.1078084 0.0979120 0.0580545 0.0000000 0.1516640 0.1482182 0.5583924 0.4923770 0.5473254 0.5447838 0.5310164 0.5840948 0.5516384 0.5464110 0.5603475 0.5603475 0.5534492 0.6039904 0.5945851 0.5788611 0.5828857 0.5915649 0.3883322 0.4722463 0.4628537 0.4652087 0.4746916 0.4522814 0.4551839 0.4831075 0.4565605 0.4941371 0.4839027 0.5248820 0.5237812 0.5266377 0.5310226 0.5173843 0.5092101 0.5143794 0.5018178 0.5731350 0.5451473 0.5562572 0.5840926 0.5011150 0.4872497 0.5387459 0.5231060 0.5763487 0.5918687 0.8113436 0.7688207 0.7625485 0.7844697 0.7414980 0.6410816 0.6931441 0.6924795 0.6784854 0.7251103 0.7110676 0.6380367 0.7241871 0.7238651 0.7436958 0.7262946 0.7274134 0.7244710 0.6981123 0.7101885 0.6952026 0.7191087 0.7209394 0.7209394 0.6705982 0.6719136 0.6796042 0.6945395 0.7154450 0.6748639 0.6690555 0.6735427 0.7121895 0.6997495 0.7161340 0.6552619 0.7442430 0.6930371 0.7749553 0.7668783 0.6677547 1.2197228 1.2228965 1.4012284 
Brassica_oleracea_XP_013608113.1      0.3612281 0.3639946 0.3781486 0.3881434 0.3765141 0.3669382 0.1349494 0.1304894 0.1303316 0.1405601 0.1371870 0.1414554 0.1619766 0.1516640 0.0000000 0.0749999 0.6312141 0.5512145 0.6220649 0.6142314 0.5955992 0.6298073 0.5812067 0.5820555 0.5960706 0.5960706 0.5853294 0.6581706 0.6269238 0.6172111 0.6137178 0.6258830 0.4474185 0.5014628 0.4953356 0.4930552 0.4974478 0.4933379 0.5025660 0.5312150 0.5192959 0.5309124 0.5331823 0.5693634 0.5537271 0.5594341 0.5642180 0.5592883 0.5447673 0.5603900 0.5453761 0.6215860 0.5633397 0.5684608 0.6186028 0.5210358 0.5126851 0.5692068 0.5576461 0.6148171 0.6215927 0.8661354 0.8161878 0.8144505 0.8229355 0.7934388 0.6953749 0.7458893 0.7452120 0.7323860 0.7851775 0.7719726 0.6746743 0.7930620 0.7927160 0.7867313 0.7842432 0.7947198 0.7906547 0.7626356 0.7701736 0.7593195 0.7931013 0.7909513 0.7909513 0.7362416 0.7440729 0.7457740 0.7608028 0.7704455 0.7296288 0.7224556 0.7326180 0.7628265 0.7498804 0.7828140 0.7103058 0.8027518 0.7013973 0.8421753 0.8331969 0.6784667 1.2862958 1.2765030 1.4319680 
Brassica_rapa_XP_033131317.1          0.3740151 0.3772507 0.3885532 0.3984675 0.3801839 0.3734431 0.1502920 0.1453896 0.1490445 0.1447264 0.1407422 0.1454384 0.1579446 0.1482182 0.0749999 0.0000000 0.6310752 0.5619984 0.6130689 0.6045907 0.5881922 0.6296732 0.5747406 0.5746099 0.5895119 0.5895119 0.5867084 0.6784630 0.6386234 0.6382260 0.6346157 0.6463747 0.4419047 0.5129537 0.5104958 0.5121729 0.5167826 0.4843092 0.4878797 0.5204776 0.5068964 0.5177262 0.5195135 0.5471320 0.5577107 0.5696781 0.5717075 0.5538332 0.5474271 0.5628594 0.5449078 0.6145914 0.5596404 0.5642903 0.6062206 0.5110541 0.4980455 0.5639185 0.5594549 0.5974919 0.6292878 0.8689951 0.8284545 0.8266656 0.8337962 0.8110321 0.7027343 0.7282261 0.7275584 0.7243740 0.7538208 0.7439956 0.6685186 0.7746953 0.7743554 0.7745013 0.7820439 0.7861089 0.7819732 0.7494557 0.7419953 0.7312973 0.7692602 0.7754852 0.7754852 0.7048623 0.7124783 0.7120760 0.7309987 0.7685353 0.7295626 0.7223015 0.7307647 0.7452062 0.7324590 0.7918068 0.7175897 0.7989875 0.6950397 0.8352931 0.8262718 0.6878085 1.2610023 1.2881864 1.4498660 
Capsicum_annuum_XP_016552934.1        0.5942808 0.6168187 0.6106017 0.6328758 0.6178311 0.6006592 0.5843619 0.5772836 0.5790031 0.5952646 0.5698471 0.5681995 0.5620045 0.5583924 0.6312141 0.6310752 0.0000000 0.1657282 0.1685131 0.1687865 0.1463545 0.3319639 0.3002461 0.2927844 0.2988895 0.2988895 0.2863528 0.3116458 0.3330349 0.3207617 0.3151443 0.3150645 0.4168368 0.4558945 0.4500100 0.4980484 0.4762756 0.4380914 0.4298355 0.4827224 0.4692123 0.4577107 0.4438600 0.4963895 0.4734915 0.4801106 0.4824843 0.5103381 0.5209682 0.4793820 0.4628313 0.5220548 0.5382452 0.5249730 0.5556372 0.4897252 0.4757262 0.5631849 0.5013795 0.5675439 0.5292627 0.7478346 0.7408782 0.7310566 0.7401362 0.7242407 0.6301268 0.6540730 0.6542485 0.6425625 0.6344320 0.6134988 0.5450872 0.6536501 0.6477364 0.6955755 0.6441553 0.6495266 0.6453756 0.6521714 0.6303681 0.6396740 0.6455527 0.6560009 0.6560009 0.5807716 0.5739421 0.6272319 0.6349528 0.6490155 0.6269414 0.6193506 0.6236068 0.6663946 0.6605228 0.6889961 0.6687664 0.7731357 0.6343255 0.7370181 0.7435421 0.5979757 1.2393954 1.2507264 1.4128124 
Nicotiana_attenuata_XP_019237798.1    0.5668879 0.5795985 0.5802940 0.6037906 0.5901279 0.5648477 0.5204977 0.5058247 0.5143210 0.5211224 0.4941017 0.4849705 0.5030643 0.4923770 0.5512145 0.5619984 0.1657282 0.0000000 0.1605320 0.1567559 0.1357569 0.2620074 0.2268073 0.2218783 0.2337668 0.2337668 0.2004358 0.2461631 0.2673383 0.2501234 0.2438986 0.2458279 0.3639171 0.3946913 0.3816215 0.4101530 0.4052064 0.3701875 0.3709397 0.4283981 0.4202724 0.4214015 0.4027462 0.4334611 0.4091515 0.4050120 0.4096391 0.4287803 0.4446798 0.4263611 0.4190418 0.4856238 0.4842758 0.4893384 0.5177788 0.4286758 0.4171311 0.4753962 0.4271523 0.4801735 0.4654761 0.6722730 0.6591915 0.6502422 0.6529979 0.6445500 0.5429801 0.5684035 0.5678054 0.5595706 0.5543447 0.5416960 0.4556571 0.5757107 0.5754803 0.6173437 0.5691176 0.5786424 0.5724572 0.5718633 0.5841622 0.5777884 0.5734163 0.5843752 0.5843752 0.5069266 0.5054856 0.5443725 0.5492472 0.5448573 0.5671635 0.5634207 0.5693054 0.5907016 0.5807162 0.6353871 0.6164333 0.6900664 0.5882666 0.6720525 0.6714430 0.5183142 1.2110872 1.1771386 1.2885559 
Solanum_lycopersicum_NP_001234721.1   0.6222140 0.6358733 0.6256705 0.6749201 0.6629087 0.6545209 0.5910024 0.5751278 0.5756734 0.5981940 0.5621243 0.5609984 0.5470481 0.5473254 0.6220649 0.6130689 0.1685131 0.1605320 0.0000000 0.0099068 0.0320267 0.3469552 0.3167332 0.3116194 0.3223998 0.3223998 0.3014962 0.3328770 0.3427241 0.3317083 0.3270741 0.3275759 0.4353722 0.4585805 0.4551261 0.4995898 0.4880108 0.4390730 0.4307577 0.4824069 0.4681252 0.4797971 0.4661958 0.5118981 0.4608233 0.4687079 0.4739550 0.5080222 0.5284966 0.4896230 0.4804601 0.5239106 0.5613674 0.5576813 0.5736966 0.5049719 0.4873567 0.5475448 0.5191638 0.5422386 0.5445958 0.7393394 0.7185112 0.7073055 0.7106246 0.6890809 0.6462978 0.6556218 0.6537386 0.6536330 0.6392939 0.6264479 0.5575179 0.6577424 0.6574766 0.7059736 0.6620354 0.6683951 0.6641011 0.6680163 0.6684449 0.6700688 0.6663822 0.6832397 0.6832397 0.6083996 0.6014346 0.6432924 0.6508969 0.6186665 0.6435385 0.6357275 0.6427389 0.6622235 0.6512931 0.6840700 0.6650481 0.7907871 0.6263594 0.7353996 0.7359079 0.5661697 1.2801328 1.2902268 1.4688921 
Solanum_pennellii_XP_015060507.1      0.6195512 0.6332018 0.6178306 0.6661693 0.6542370 0.6461493 0.5885438 0.5726677 0.5731983 0.5957265 0.5596729 0.5585569 0.5444982 0.5447838 0.6142314 0.6045907 0.1687865 0.1567559 0.0099068 0.0000000 0.0320763 0.3467148 0.3195160 0.3140982 0.3251836 0.3251836 0.3049630 0.3366591 0.3468767 0.3327137 0.3280593 0.3285612 0.4358304 0.4563168 0.4528520 0.5012047 0.4857950 0.4395337 0.4312021 0.4829021 0.4686095 0.4802901 0.4666758 0.5097106 0.4638892 0.4717874 0.4770614 0.5096656 0.5290457 0.4901309 0.4844069 0.5283533 0.5586695 0.5623242 0.5811564 0.5039757 0.4878544 0.5529417 0.5204755 0.5433839 0.5472910 0.7244450 0.7079695 0.6969221 0.7001732 0.6790120 0.6454852 0.6580494 0.6561579 0.6560455 0.6370935 0.6242445 0.5514334 0.6598332 0.6595663 0.7047691 0.6608178 0.6671741 0.6628802 0.6598203 0.6675836 0.6692021 0.6655368 0.6820399 0.6820399 0.6029420 0.5959689 0.6424547 0.6500563 0.6107157 0.6432997 0.6354905 0.6425014 0.6660017 0.6550037 0.6815137 0.6624011 0.7881458 0.6260799 0.7387613 0.7392929 0.5759508 1.2720700 1.2940613 1.4749652 
Solanum_tuberosum_XP_006364491.1      0.6115192 0.6237775 0.6200000 0.6476007 0.6359006 0.6279409 0.5654119 0.5499046 0.5470371 0.5647795 0.5351598 0.5341647 0.5349407 0.5310164 0.5955992 0.5881922 0.1463545 0.1357569 0.0320267 0.0320763 0.0000000 0.3235833 0.2950040 0.2911954 0.2985864 0.2985864 0.2769325 0.3023371 0.3197862 0.3095079 0.3046401 0.3056142 0.4082028 0.4346898 0.4311725 0.4730583 0.4604066 0.4175886 0.4140953 0.4576939 0.4459827 0.4556679 0.4434749 0.4814778 0.4447723 0.4525451 0.4576251 0.4820945 0.5051871 0.4641923 0.4587406 0.5051368 0.5360457 0.5355636 0.5575854 0.4760488 0.4589158 0.5287977 0.4878618 0.5198780 0.5152669 0.7113625 0.6968540 0.6859257 0.6854611 0.6692348 0.6314534 0.6359391 0.6340858 0.6306373 0.6179815 0.6071782 0.5326681 0.6321067 0.6318518 0.6758968 0.6280292 0.6341053 0.6299428 0.6324131 0.6421734 0.6436049 0.6334737 0.6497696 0.6497696 0.5789581 0.5720566 0.6111219 0.6184427 0.5980892 0.6171415 0.6095558 0.6144649 0.6401589 0.6295113 0.6544208 0.6346554 0.7712159 0.6030745 0.7096843 0.7100211 0.5688435 1.2390292 1.2477294 1.4214182 
Capsicum_annuum_XP_016578009.1        0.6436557 0.6548539 0.6508498 0.6608157 0.6457377 0.6340055 0.5975358 0.5895117 0.6073402 0.5957684 0.5735965 0.5689921 0.5907248 0.5840948 0.6298073 0.6296732 0.3319639 0.2620074 0.3469552 0.3467148 0.3235833 0.0000000 0.1128201 0.1106792 0.1182111 0.1182111 0.1867537 0.2499062 0.2787686 0.2452009 0.2456551 0.2536629 0.4164039 0.4621713 0.4537867 0.4834833 0.4737413 0.4345950 0.4299618 0.4887017 0.4672680 0.4750384 0.4549910 0.5045971 0.4691455 0.4757785 0.4725522 0.4865308 0.5175704 0.5063016 0.4856276 0.5733263 0.5714707 0.5881956 0.6039480 0.5058862 0.4987631 0.5623497 0.5217244 0.5948385 0.5504749 0.7366497 0.7564347 0.7427257 0.7505712 0.7416161 0.6188612 0.6286509 0.6280598 0.6253391 0.5987838 0.5823472 0.5095064 0.6631100 0.6628398 0.6963739 0.6611764 0.6645146 0.6602068 0.6578724 0.6389337 0.6432757 0.6511078 0.6642167 0.6642167 0.5745663 0.5691113 0.6264459 0.6435690 0.6083062 0.6368084 0.6327023 0.6298275 0.6261867 0.6157048 0.6729543 0.6795590 0.7517969 0.6535182 0.7293147 0.7309360 0.6065840 1.3045825 1.2242122 1.3987537 
Solanum_lycopersicum_NP_001234541.1   0.6102939 0.6185231 0.6138678 0.6046822 0.5891625 0.5882293 0.5527369 0.5410333 0.5556321 0.5507177 0.5252653 0.5171588 0.5473399 0.5516384 0.5812067 0.5747406 0.3002461 0.2268073 0.3167332 0.3195160 0.2950040 0.1128201 0.0000000 0.0099524 0.0284141 0.0284141 0.1409258 0.2174631 0.2529861 0.2302044 0.2261077 0.2311781 0.3799980 0.4325732 0.4177898 0.4425996 0.4433606 0.4035622 0.3974196 0.4385348 0.4305407 0.4473240 0.4361396 0.4601070 0.4441054 0.4491788 0.4459303 0.4478814 0.4756042 0.4558811 0.4364827 0.5139761 0.5055580 0.5257307 0.5454947 0.4622270 0.4554292 0.5170993 0.4896375 0.5279041 0.4996004 0.7134167 0.7200512 0.7068723 0.7214916 0.7074191 0.5594427 0.5561580 0.5555495 0.5574555 0.5306615 0.5147801 0.4633368 0.5906024 0.5903648 0.6287988 0.5886692 0.5950078 0.5910064 0.5898460 0.5855633 0.5698149 0.5843145 0.5956211 0.5956211 0.5227296 0.5173922 0.5546381 0.5697032 0.5595620 0.5581744 0.5544332 0.5563323 0.5820874 0.5720468 0.6207599 0.6153505 0.6993646 0.5890869 0.6683508 0.6679042 0.5434589 1.2275767 1.1546714 1.3401698 
Solanum_pennellii_XP_015079066.1      0.6118794 0.6201212 0.6183501 0.6091990 0.5935794 0.5926242 0.5520989 0.5435992 0.5570387 0.5528121 0.5264438 0.5183243 0.5435891 0.5464110 0.5820555 0.5746099 0.2927844 0.2218783 0.3116194 0.3140982 0.2911954 0.1106792 0.0099524 0.0000000 0.0250192 0.0250192 0.1382161 0.2145466 0.2452553 0.2254780 0.2213950 0.2264390 0.3781125 0.4284530 0.4150456 0.4458748 0.4411701 0.4052485 0.3936716 0.4367644 0.4254285 0.4435757 0.4338710 0.4653051 0.4404184 0.4456784 0.4424230 0.4516212 0.4802759 0.4577745 0.4382960 0.5189840 0.5070450 0.5278839 0.5477294 0.4667961 0.4599454 0.5160177 0.4858934 0.5321388 0.5017476 0.7172495 0.7239173 0.7106573 0.7253693 0.7070078 0.5596953 0.5604281 0.5598196 0.5642739 0.5373940 0.5213328 0.4635699 0.5939683 0.5937280 0.6325144 0.5920433 0.5984581 0.5944206 0.5924358 0.5889692 0.5730748 0.5876407 0.5990654 0.5990654 0.5255195 0.5201440 0.5576752 0.5728791 0.5643965 0.5593645 0.5555971 0.5556443 0.5793046 0.5692685 0.6205615 0.6136093 0.7066883 0.5917832 0.6735716 0.6731647 0.5427044 1.2107828 1.1592360 1.3300816 
Solanum_tuberosum_XP_006361129.1      0.6224497 0.6256193 0.6217141 0.6165718 0.6008502 0.5944939 0.5554486 0.5546383 0.5653066 0.5620743 0.5460727 0.5326697 0.5565340 0.5603475 0.5960706 0.5895119 0.2988895 0.2337668 0.3223998 0.3251836 0.2985864 0.1182111 0.0284141 0.0250192 0.0000000 0.0000010 0.1467383 0.2200821 0.2551194 0.2337816 0.2338459 0.2347590 0.3834994 0.4424600 0.4240590 0.4490205 0.4435281 0.4033571 0.3934941 0.4470286 0.4356442 0.4451696 0.4379286 0.4809668 0.4485859 0.4562376 0.4530360 0.4613019 0.4804178 0.4536963 0.4344882 0.5140112 0.5051313 0.5301950 0.5473856 0.4718016 0.4649523 0.5134675 0.4940839 0.5276781 0.5059669 0.7321282 0.7406174 0.7273020 0.7391408 0.7180729 0.5654287 0.5636909 0.5630910 0.5667376 0.5389851 0.5231212 0.4749048 0.6022332 0.6019910 0.6408631 0.5978181 0.6042528 0.6002230 0.5983839 0.5962608 0.5804139 0.5929083 0.6100071 0.6100071 0.5265017 0.5211873 0.5683008 0.5809515 0.5717923 0.5737773 0.5699886 0.5729380 0.5992300 0.5891259 0.6453693 0.6378566 0.6959565 0.6036009 0.6913290 0.6910649 0.5466908 1.2151852 1.1536201 1.3230645 
Solanum_tuberosum_XP_006361130.1      0.6224497 0.6256193 0.6217141 0.6165718 0.6008502 0.5944939 0.5554486 0.5546383 0.5653066 0.5620743 0.5460727 0.5326697 0.5565340 0.5603475 0.5960706 0.5895119 0.2988895 0.2337668 0.3223998 0.3251836 0.2985864 0.1182111 0.0284141 0.0250192 0.0000010 0.0000000 0.1467383 0.2200821 0.2551194 0.2337816 0.2338459 0.2347590 0.3834994 0.4424600 0.4240590 0.4490205 0.4435281 0.4033571 0.3934941 0.4470286 0.4356442 0.4451696 0.4379286 0.4809668 0.4485859 0.4562376 0.4530360 0.4613019 0.4804178 0.4536963 0.4344882 0.5140112 0.5051313 0.5301950 0.5473856 0.4718016 0.4649523 0.5134675 0.4940839 0.5276781 0.5059669 0.7321282 0.7406174 0.7273020 0.7391408 0.7180729 0.5654287 0.5636909 0.5630910 0.5667376 0.5389851 0.5231212 0.4749048 0.6022332 0.6019910 0.6408631 0.5978181 0.6042528 0.6002230 0.5983839 0.5962608 0.5804139 0.5929083 0.6100071 0.6100071 0.5265017 0.5211873 0.5683008 0.5809515 0.5717923 0.5737773 0.5699886 0.5729380 0.5992300 0.5891259 0.6453693 0.6378566 0.6959565 0.6036009 0.6913290 0.6910649 0.5466908 1.2151852 1.1536201 1.3230645 
Nicotiana_attenuata_XP_019257279.1    0.5849951 0.5917903 0.6008233 0.6340659 0.6171215 0.5924451 0.5613980 0.5505618 0.5569685 0.5492769 0.5219509 0.5138049 0.5503454 0.5534492 0.5853294 0.5867084 0.2863528 0.2004358 0.3014962 0.3049630 0.2769325 0.1867537 0.1409258 0.1382161 0.1467383 0.1467383 0.0000000 0.1721830 0.2006177 0.1949431 0.1942579 0.1877163 0.3697254 0.4398941 0.4214170 0.4353515 0.4297020 0.3736688 0.3879927 0.4284954 0.4240049 0.4289752 0.4219828 0.4584715 0.4297056 0.4334609 0.4357122 0.4687298 0.4973783 0.4594385 0.4390942 0.5102103 0.5188111 0.5285965 0.5536392 0.4648167 0.4621818 0.5290875 0.4679455 0.5270091 0.5041259 0.7239539 0.7272682 0.7136864 0.7257611 0.7008027 0.5821451 0.5999301 0.5993261 0.5919206 0.5696060 0.5613517 0.4906618 0.6186751 0.6184187 0.6555716 0.6051367 0.6121044 0.6079413 0.6116955 0.6069355 0.5930455 0.6102645 0.6271768 0.6271768 0.5505770 0.5450640 0.5946519 0.6049718 0.5791792 0.5713119 0.5675608 0.5706491 0.6001272 0.5898556 0.6259601 0.6486548 0.7125743 0.5853965 0.7219267 0.7245192 0.5134897 1.1957265 1.1733690 1.3009834 
Nicotiana_attenuata_XP_019257282.1    0.6501632 0.6579838 0.6692139 0.6962541 0.6798118 0.6555562 0.6353777 0.6155118 0.6269567 0.6262249 0.6108715 0.6034498 0.6057674 0.6039904 0.6581706 0.6784630 0.3116458 0.2461631 0.3328770 0.3366591 0.3023371 0.2499062 0.2174631 0.2145466 0.2200821 0.2200821 0.1721830 0.0000000 0.1822728 0.1725556 0.1770323 0.1778412 0.4346745 0.4666475 0.4515118 0.4887203 0.4690083 0.4400442 0.4334092 0.4742949 0.4601037 0.4596566 0.4468862 0.5074888 0.4642316 0.4727411 0.4780641 0.5023010 0.5404042 0.5008405 0.4795806 0.5690010 0.5608029 0.5519432 0.5903922 0.5072888 0.5024853 0.5416791 0.4856068 0.5562611 0.5638368 0.7730871 0.7334254 0.7332656 0.7509905 0.7365400 0.6136068 0.6106201 0.6165048 0.5997894 0.6240193 0.6085934 0.5236755 0.6654428 0.6651732 0.7050250 0.6516220 0.6537208 0.6494904 0.6482680 0.6714006 0.6630959 0.6623256 0.6643366 0.6643366 0.5941447 0.5958328 0.6313513 0.6405404 0.6044194 0.6169509 0.6094701 0.6094356 0.6584841 0.6458459 0.6712772 0.6722186 0.7649066 0.6294819 0.7356562 0.7357494 0.6046586 1.2475908 1.2285960 1.3556910 
Capsicum_annuum_XP_016578010.1        0.6133983 0.6283841 0.6374018 0.6766075 0.6619227 0.6408299 0.6188236 0.5932024 0.6202730 0.6122582 0.5898549 0.5884228 0.5951145 0.5945851 0.6269238 0.6386234 0.3330349 0.2673383 0.3427241 0.3468767 0.3197862 0.2787686 0.2529861 0.2452553 0.2551194 0.2551194 0.2006177 0.1822728 0.0000000 0.1093434 0.1097285 0.1093241 0.4187511 0.4605669 0.4482679 0.4568784 0.4412807 0.4393006 0.4331072 0.4715077 0.4553978 0.4551089 0.4491316 0.4961716 0.4570621 0.4599853 0.4630239 0.5065387 0.5238898 0.4873501 0.4699081 0.5411367 0.5485637 0.5741587 0.5853244 0.5002087 0.4957960 0.5300794 0.4944418 0.5635363 0.5447105 0.7206816 0.7222807 0.7061761 0.7253129 0.7061696 0.6026445 0.5937596 0.5922395 0.5964571 0.5913174 0.5786995 0.5136964 0.6582030 0.6521950 0.6874507 0.6450998 0.6531847 0.6489670 0.6518086 0.6609712 0.6487748 0.6488490 0.6507307 0.6507307 0.6091751 0.6036439 0.6394446 0.6506187 0.6258432 0.5931527 0.5864019 0.5842656 0.6458192 0.6332462 0.6676265 0.6632329 0.7341753 0.6039346 0.7358084 0.7359035 0.5815029 1.2028914 1.2131705 1.3663379 
Solanum_lycopersicum_NP_001233931.1   0.5793738 0.5959514 0.5996337 0.6343809 0.6184881 0.6036785 0.6036340 0.5900026 0.6076750 0.5933735 0.5715814 0.5664871 0.5719116 0.5788611 0.6172111 0.6382260 0.3207617 0.2501234 0.3317083 0.3327137 0.3095079 0.2452009 0.2302044 0.2254780 0.2337816 0.2337816 0.1949431 0.1725556 0.1093434 0.0000000 0.0256291 0.0322236 0.4191226 0.4618958 0.4438754 0.4653985 0.4454615 0.4451765 0.4476574 0.4811159 0.4667681 0.4722864 0.4630131 0.5007179 0.4684495 0.4737271 0.4802167 0.5056119 0.5277852 0.4912410 0.4825731 0.5516358 0.5638210 0.5844529 0.6050435 0.5017775 0.5021705 0.5543193 0.5170490 0.5883953 0.5306108 0.7463901 0.7326586 0.7162743 0.7245574 0.7214850 0.5931068 0.6086588 0.6080609 0.6112679 0.6070477 0.5934636 0.5178399 0.6489004 0.6428438 0.6738369 0.6292057 0.6407239 0.6364771 0.6343043 0.6455264 0.6360494 0.6514089 0.6618491 0.6618491 0.5781092 0.5725825 0.6012933 0.6120255 0.6095789 0.5879286 0.5811089 0.5788140 0.6337173 0.6210991 0.6586348 0.6534112 0.7376871 0.6118265 0.7173232 0.7222092 0.6090310 1.2049663 1.2567078 1.3769151 
Solanum_pennellii_XP_015079068.1      0.5816952 0.5983058 0.6106542 0.6347456 0.6188377 0.6040085 0.5982054 0.5839012 0.6041708 0.5940945 0.5723349 0.5672470 0.5759551 0.5828857 0.6137178 0.6346157 0.3151443 0.2438986 0.3270741 0.3280593 0.3046401 0.2456551 0.2261077 0.2213950 0.2338459 0.2338459 0.1942579 0.1770323 0.1097285 0.0256291 0.0000000 0.0357534 0.4178405 0.4577490 0.4398199 0.4664008 0.4465242 0.4403200 0.4351368 0.4666167 0.4514559 0.4598106 0.4549366 0.4816142 0.4634981 0.4687482 0.4751886 0.5082468 0.5285041 0.4879959 0.4753502 0.5494903 0.5654822 0.5861683 0.6096941 0.4938399 0.4930699 0.5423013 0.5025331 0.5803859 0.5206533 0.7285063 0.7084178 0.6923283 0.6997505 0.6998805 0.5793670 0.5935991 0.5929986 0.5963086 0.5890312 0.5757980 0.4989273 0.6306388 0.6246026 0.6552814 0.6153327 0.6267125 0.6225101 0.6203484 0.6253236 0.6177309 0.6326362 0.6428426 0.6428426 0.5574828 0.5520038 0.5869226 0.5974364 0.5855241 0.5649621 0.5583172 0.5557123 0.6227268 0.6102391 0.6432008 0.6321501 0.7322596 0.5944070 0.7218792 0.7267857 0.6012628 1.1860172 1.2421798 1.3457661 
Solanum_tuberosum_XP_006361131.1      0.5910668 0.6088705 0.6179311 0.6487922 0.6326905 0.6224253 0.6051547 0.5925283 0.6131990 0.6024974 0.5824174 0.5772830 0.5846024 0.5915649 0.6258830 0.6463747 0.3150645 0.2458279 0.3275759 0.3285612 0.3056142 0.2536629 0.2311781 0.2264390 0.2347590 0.2347590 0.1877163 0.1778412 0.1093241 0.0322236 0.0357534 0.0000000 0.4215348 0.4700735 0.4571527 0.4833909 0.4566676 0.4462536 0.4444686 0.4871232 0.4716689 0.4694838 0.4669004 0.4973116 0.4754825 0.4751454 0.4816193 0.5097825 0.5246263 0.4930867 0.4799537 0.5416486 0.5759389 0.5887077 0.6042849 0.5008859 0.4990667 0.5518317 0.5117743 0.5849482 0.5361196 0.7273958 0.7111884 0.6951395 0.6992906 0.7030411 0.5880667 0.6099853 0.6093922 0.6125654 0.6027507 0.5892561 0.5079525 0.6475647 0.6415437 0.6723390 0.6288409 0.6402587 0.6360488 0.6338946 0.6406909 0.6334368 0.6392630 0.6495084 0.6495084 0.5773244 0.5718352 0.6008347 0.6092893 0.6072692 0.5736876 0.5670334 0.5644331 0.6291808 0.6166111 0.6536805 0.6500241 0.7452246 0.6111940 0.7256450 0.7306172 0.6158281 1.1973794 1.2456191 1.3431830 
Carica_papaya_XP_021892566.1          0.4212121 0.4252968 0.4299264 0.4506156 0.4386324 0.4298969 0.4132552 0.3969994 0.3903885 0.3960058 0.3745508 0.3667957 0.4123745 0.3883322 0.4474185 0.4419047 0.4168368 0.3639171 0.4353722 0.4358304 0.4082028 0.4164039 0.3799980 0.3781125 0.3834994 0.3834994 0.3697254 0.4346745 0.4187511 0.4191226 0.4178405 0.4215348 0.0000000 0.2670348 0.2574915 0.2352690 0.2140436 0.2098996 0.2207087 0.2487152 0.2536947 0.2648413 0.2473591 0.2495195 0.2763678 0.2825562 0.2875326 0.2869955 0.3116694 0.2838620 0.2770885 0.3529272 0.3379244 0.3442471 0.3812506 0.2709315 0.2658682 0.3437788 0.3054361 0.3664513 0.3876796 0.7100632 0.6727002 0.6531043 0.6726642 0.6655442 0.5467095 0.5496352 0.5490224 0.5458902 0.5579734 0.5421014 0.4396567 0.5762061 0.5759703 0.5906202 0.5726671 0.5703887 0.5664604 0.5632561 0.5700950 0.5585997 0.5623769 0.5759207 0.5759207 0.5089735 0.5081067 0.5528331 0.5567798 0.5514989 0.5743537 0.5695891 0.5806779 0.5514785 0.5424214 0.6375048 0.5774653 0.6480162 0.5656470 0.6235204 0.6184554 0.5067474 1.1592346 1.1448678 1.2710130 
Gossypium_hirsutum_XP_016718322.1     0.4808393 0.4863850 0.4972195 0.4757906 0.4666063 0.4687721 0.4597163 0.4513104 0.4565829 0.4524632 0.4542698 0.4571588 0.4796763 0.4722463 0.5014628 0.5129537 0.4558945 0.3946913 0.4585805 0.4563168 0.4346898 0.4621713 0.4325732 0.4284530 0.4424600 0.4424600 0.4398941 0.4666475 0.4605669 0.4618958 0.4577490 0.4700735 0.2670348 0.0000000 0.0350296 0.2250966 0.2172004 0.3041972 0.2779144 0.3216778 0.3250056 0.3239431 0.3151378 0.3289737 0.3352362 0.3479867 0.3534826 0.3473581 0.3663043 0.3437718 0.3315844 0.4138968 0.3984548 0.4084259 0.4278792 0.3485927 0.3262186 0.4010607 0.3421986 0.4749966 0.3908105 0.6692072 0.6368323 0.6264713 0.6344585 0.6281499 0.5362813 0.5323293 0.5316871 0.5309058 0.5469974 0.5262144 0.4670880 0.5895831 0.5839711 0.5944879 0.5599510 0.5637575 0.5597834 0.5735529 0.5682745 0.5610653 0.5591489 0.5612767 0.5612767 0.5118995 0.5175548 0.5509270 0.5523008 0.5688396 0.5854341 0.5804880 0.5940341 0.6177263 0.6149969 0.6345506 0.5978366 0.6506327 0.5592828 0.6762266 0.6638806 0.5491956 1.1614673 1.1182832 1.2409225 
Gossypium_hirsutum_XP_016724169.1     0.4766417 0.4835933 0.4936794 0.4772677 0.4680862 0.4677642 0.4515148 0.4430802 0.4483236 0.4461359 0.4462580 0.4467514 0.4750054 0.4628537 0.4953356 0.5104958 0.4500100 0.3816215 0.4551261 0.4528520 0.4311725 0.4537867 0.4177898 0.4150456 0.4240590 0.4240590 0.4214170 0.4515118 0.4482679 0.4438754 0.4398199 0.4571527 0.2574915 0.0350296 0.0000000 0.2185612 0.2159419 0.2972755 0.2693965 0.3127795 0.3143366 0.3142372 0.3070194 0.3127113 0.3189177 0.3274383 0.3327903 0.3341011 0.3609106 0.3369628 0.3243842 0.3977560 0.3851978 0.3985012 0.4090761 0.3424049 0.3202763 0.3850803 0.3362737 0.4512424 0.3894052 0.6562168 0.6189312 0.6088990 0.6141702 0.6065457 0.5194871 0.5231228 0.5224809 0.5200351 0.5291902 0.5088710 0.4562149 0.5687654 0.5629165 0.5757915 0.5443331 0.5435672 0.5397175 0.5625092 0.5557000 0.5428706 0.5408615 0.5428458 0.5428458 0.4922687 0.4973628 0.5305455 0.5317005 0.5391845 0.5603546 0.5555861 0.5627737 0.5931958 0.5859433 0.6324956 0.5947677 0.6386465 0.5920622 0.6453204 0.6332620 0.5252290 1.1622124 1.1186547 1.2515903 
Gossypium_hirsutum_XP_016732307.1     0.4912681 0.4970493 0.5030367 0.4797141 0.4801100 0.4957296 0.4641539 0.4593617 0.4595888 0.4503819 0.4471236 0.4423875 0.4645349 0.4652087 0.4930552 0.5121729 0.4980484 0.4101530 0.4995898 0.5012047 0.4730583 0.4834833 0.4425996 0.4458748 0.4490205 0.4490205 0.4353515 0.4887203 0.4568784 0.4653985 0.4664008 0.4833909 0.2352690 0.2250966 0.2185612 0.0000000 0.1789760 0.2692583 0.2511209 0.2838427 0.2909462 0.3091897 0.2994335 0.2907663 0.2837519 0.2940439 0.2990537 0.3426766 0.3622564 0.3308555 0.3312423 0.3980617 0.3646348 0.3788880 0.4200270 0.3127441 0.3146561 0.3813887 0.3535873 0.4413708 0.4006927 0.7516609 0.7009519 0.6973945 0.6997005 0.7065916 0.5736862 0.5514102 0.5507951 0.5507604 0.5769104 0.5518392 0.4802789 0.5986682 0.5984232 0.6127296 0.5841843 0.5846390 0.5806340 0.5867471 0.5825634 0.5728110 0.5558950 0.5745343 0.5745343 0.5392095 0.5439603 0.5628468 0.5633692 0.5707688 0.5753236 0.5705463 0.5849211 0.5868750 0.5769580 0.6804210 0.6651308 0.6550939 0.6041172 0.6926136 0.6891309 0.5562050 1.1862494 1.1610344 1.3714367 
